0 0 
-0.001001 0.000996998 
-0.002004 0.00198798 
-0.00300901 0.00297294 
-0.00401602 0.00395185 
-0.00502504 0.00492471 
-0.00603607 0.0058915 
-0.00704912 0.0068522 
-0.00806418 0.00780681 
-0.00908125 0.00875531 
-0.0101003 0.00969768 
-0.0111215 0.0106339 
-0.0121446 0.011564 
-0.0131698 0.0124879 
-0.014197 0.0134056 
-0.0152262 0.0143172 
-0.0162575 0.0152225 
-0.0172908 0.0161216 
-0.0183261 0.0170145 
-0.0193635 0.0179011 
-0.0204029 0.0187815 
-0.0214444 0.0196556 
-0.0224879 0.0205234 
-0.0235335 0.0213849 
-0.0245812 0.0222401 
-0.0256309 0.0230889 
-0.0266826 0.0239314 
-0.0277364 0.0247676 
-0.0287923 0.0255973 
-0.0298503 0.0264207 
-0.0309103 0.0272377 
-0.0319725 0.0280483 
-0.0330367 0.0288525 
-0.0341029 0.0296502 
-0.0351713 0.0304415 
-0.0362418 0.0312263 
-0.0373143 0.0320046 
-0.038389 0.0327765 
-0.0394657 0.0335418 
-0.0405446 0.0343006 
-0.0416256 0.0350529 
-0.0427086 0.0357987 
-0.0437938 0.0365379 
-0.0448812 0.0372705 
-0.0459706 0.0379965 
-0.0470621 0.0387159 
-0.0481558 0.0394287 
-0.0492517 0.0401349 
-0.0503496 0.0408345 
-0.0514497 0.0415274 
-0.052552 0.0422137 
-0.0536564 0.0428932 
-0.0547629 0.0435661 
-0.0558716 0.0442323 
-0.0569825 0.0448917 
-0.0580955 0.0455444 
-0.0592107 0.0461904 
-0.0603281 0.0468296 
-0.0614477 0.0474621 
-0.0625694 0.0480878 
-0.0636933 0.0487066 
-0.0648194 0.0493187 
-0.0659477 0.0499239 
-0.0670782 0.0505223 
-0.0682109 0.0511139 
-0.0693459 0.0516986 
-0.070483 0.0522764 
-0.0716223 0.0528473 
-0.0727639 0.0534113 
-0.0739077 0.0539684 
-0.0750537 0.0545186 
-0.0762019 0.0550618 
-0.0773524 0.0555981 
-0.0785052 0.0561274 
-0.0796602 0.0566497 
-0.0808174 0.0571651 
-0.0819769 0.0576734 
-0.0831387 0.0581747 
-0.0843027 0.058669 
-0.085469 0.0591562 
-0.0866376 0.0596363 
-0.0878084 0.0601094 
-0.0889816 0.0605754 
-0.090157 0.0610343 
-0.0913348 0.061486 
-0.0925148 0.0619307 
-0.0936971 0.0623682 
-0.0948818 0.0627985 
-0.0960688 0.0632217 
-0.0972581 0.0636377 
-0.0984497 0.0640465 
-0.0996437 0.0644481 
-0.10084 0.0648425 
-0.102039 0.0652296 
-0.10324 0.0656095 
-0.104443 0.0659821 
-0.105649 0.0663475 
-0.106857 0.0667055 
-0.108067 0.0670563 
-0.10928 0.0673997 
-0.110495 0.0677358 
-0.111713 0.0680646 
-0.112933 0.068386 
-0.114155 0.0687001 
-0.11538 0.0690067 
-0.116607 0.069306 
-0.117837 0.0695978 
-0.119069 0.0698822 
-0.120303 0.0701592 
-0.12154 0.0704287 
-0.12278 0.0706908 
-0.124021 0.0709454 
-0.125266 0.0711925 
-0.126512 0.0714321 
-0.127761 0.0716641 
-0.129013 0.0718886 
-0.130267 0.0721056 
-0.131524 0.072315 
-0.132783 0.0725169 
-0.134044 0.0727111 
-0.135308 0.0728978 
-0.136575 0.0730768 
-0.137844 0.0732482 
-0.139116 0.0734119 
-0.14039 0.073568 
-0.141666 0.0737164 
-0.142946 0.0738571 
-0.144227 0.0739902 
-0.145512 0.0741155 
-0.146798 0.074233 
-0.148088 0.0743429 
-0.14938 0.0744449 
-0.150674 0.0745392 
-0.151971 0.0746257 
-0.153271 0.0747044 
-0.154573 0.0747753 
-0.155878 0.0748383 
-0.157185 0.0748936 
-0.158496 0.0749409 
-0.159808 0.0749804 
-0.161124 0.075012 
-0.162441 0.0750356 
-0.163762 0.0750514 
-0.165085 0.0750592 
-0.166411 0.0750591 
-0.16774 0.075051 
-0.169071 0.0750349 
-0.170405 0.0750109 
-0.171741 0.0749788 
-0.17308 0.0749388 
-0.174422 0.0748906 
-0.175767 0.0748345 
-0.177114 0.0747702 
-0.178464 0.0746979 
-0.179817 0.0746175 
-0.181172 0.074529 
-0.18253 0.0744323 
-0.183891 0.0743275 
-0.185255 0.0742146 
-0.186621 0.0740934 
-0.18799 0.0739641 
-0.189362 0.0738266 
-0.190737 0.0736809 
-0.192114 0.0735269 
-0.193495 0.0733647 
-0.194878 0.0731942 
-0.196263 0.0730154 
-0.197652 0.0728284 
-0.199043 0.072633 
-0.200438 0.0724293 
-0.201835 0.0722172 
-0.203235 0.0719968 
-0.204637 0.0717681 
-0.206043 0.0715309 
-0.207451 0.0712853 
-0.208862 0.0710313 
-0.210277 0.0707689 
-0.211694 0.070498 
-0.213113 0.0702186 
-0.214536 0.0699307 
-0.215962 0.0696344 
-0.21739 0.0693295 
-0.218822 0.0690161 
-0.220256 0.0686941 
-0.221693 0.0683635 
-0.223133 0.0680244 
-0.224577 0.0676767 
-0.226023 0.0673203 
-0.227472 0.0669553 
-0.228924 0.0665817 
-0.230378 0.0661994 
-0.231836 0.0658084 
-0.233297 0.0654087 
-0.234761 0.0650003 
-0.236228 0.0645831 
-0.237697 0.0641572 
-0.23917 0.0637225 
-0.240646 0.063279 
-0.242125 0.0628267 
-0.243607 0.0623656 
-0.245091 0.0618957 
