0.1 0.1 
0.0992094 0.101587 
0.0984175 0.10317 
0.0976243 0.104747 
0.0968299 0.106319 
0.0960343 0.107887 
0.0952373 0.109449 
0.0944392 0.111005 
0.0936397 0.112557 
0.0928391 0.114104 
0.0920371 0.115645 
0.091234 0.117181 
0.0904295 0.118713 
0.0896239 0.120238 
0.0888169 0.121759 
0.0880088 0.123275 
0.0871994 0.124785 
0.0863887 0.12629 
0.0855768 0.12779 
0.0847637 0.129284 
0.0839493 0.130773 
0.0831337 0.132257 
0.0823168 0.133736 
0.0814987 0.135209 
0.0806794 0.136677 
0.0798588 0.13814 
0.079037 0.139597 
0.0782139 0.14105 
0.0773896 0.142496 
0.0765641 0.143938 
0.0757373 0.145374 
0.0749093 0.146804 
0.0740801 0.148229 
0.0732496 0.149649 
0.0724179 0.151064 
0.0715849 0.152473 
0.0707507 0.153876 
0.0699152 0.155274 
0.0690786 0.156667 
0.0682407 0.158054 
0.0674015 0.159436 
0.0665611 0.160812 
0.0657195 0.162183 
0.0648766 0.163548 
0.0640325 0.164908 
0.0631871 0.166262 
0.0623405 0.167611 
0.0614926 0.168954 
0.0606436 0.170292 
0.0597932 0.171624 
0.0589416 0.17295 
0.0580888 0.174271 
0.0572347 0.175587 
0.0563794 0.176896 
0.0555228 0.1782 
0.054665 0.179499 
0.0538059 0.180792 
0.0529456 0.182079 
0.052084 0.183361 
0.0512212 0.184637 
0.0503571 0.185908 
0.0494917 0.187172 
0.0486251 0.188431 
0.0477572 0.189685 
0.0468881 0.190932 
0.0460177 0.192175 
0.045146 0.193411 
0.0442731 0.194641 
0.0433989 0.195866 
0.0425234 0.197085 
0.0416467 0.198299 
0.0407687 0.199507 
0.0398894 0.200709 
0.0390088 0.201905 
0.0381269 0.203095 
0.0372438 0.20428 
0.0363594 0.205459 
0.0354737 0.206632 
0.0345867 0.207799 
0.0336984 0.20896 
0.0328088 0.210116 
0.0319179 0.211266 
0.0310257 0.21241 
0.0301322 0.213548 
0.0292374 0.21468 
0.0283414 0.215806 
0.027444 0.216927 
0.0265452 0.218042 
0.0256452 0.21915 
0.0247439 0.220253 
0.0238412 0.22135 
0.0229372 0.222441 
0.0220319 0.223527 
0.0211253 0.224606 
0.0202173 0.225679 
0.019308 0.226747 
0.0183974 0.227808 
0.0174854 0.228864 
0.0165721 0.229913 
0.0156574 0.230957 
0.0147414 0.231994 
0.013824 0.233026 
0.0129053 0.234052 
0.0119852 0.235071 
0.0110637 0.236085 
0.0101409 0.237093 
0.00921673 0.238094 
0.00829116 0.23909 
0.00736422 0.240079 
0.0064359 0.241063 
0.00550619 0.24204 
0.00457509 0.243012 
0.00364259 0.243977 
0.00270871 0.244936 
0.00177342 0.24589 
0.000836721 0.246837 
-0.000101382 0.247778 
-0.0010409 0.248713 
-0.00198183 0.249642 
-0.00292418 0.250564 
-0.00386796 0.251481 
-0.00481317 0.252391 
-0.00575982 0.253296 
-0.0067079 0.254194 
-0.00765742 0.255086 
-0.00860839 0.255972 
-0.00956081 0.256852 
-0.0105147 0.257725 
-0.01147 0.258593 
-0.0124268 0.259454 
-0.0133851 0.260309 
-0.0143448 0.261158 
-0.0153061 0.262 
-0.0162688 0.262837 
-0.017233 0.263667 
-0.0181987 0.264491 
-0.0191659 0.265309 
-0.0201346 0.26612 
-0.0211048 0.266925 
-0.0220765 0.267724 
-0.0230497 0.268517 
-0.0240245 0.269304 
-0.0250008 0.270084 
-0.0259786 0.270858 
-0.026958 0.271625 
-0.0279389 0.272387 
-0.0289213 0.273142 
-0.0299053 0.27389 
-0.0308909 0.274633 
-0.0318781 0.275369 
-0.0328668 0.276099 
-0.0338571 0.276822 
-0.034849 0.277539 
-0.0358424 0.27825 
-0.0368375 0.278954 
-0.0378341 0.279652 
-0.0388324 0.280344 
-0.0398323 0.281029 
-0.0408338 0.281708 
-0.0418369 0.28238 
-0.0428417 0.283046 
-0.043848 0.283706 
-0.0448561 0.284359 
-0.0458657 0.285006 
-0.0468771 0.285646 
-0.0478901 0.28628 
-0.0489047 0.286908 
-0.0499211 0.287529 
-0.0509391 0.288143 
-0.0519588 0.288751 
-0.0529802 0.289353 
-0.0540032 0.289948 
-0.055028 0.290537 
-0.0560545 0.291119 
-0.0570827 0.291695 
-0.0581127 0.292264 
-0.0591444 0.292826 
-0.0601778 0.293383 
-0.0612129 0.293932 
-0.0622498 0.294475 
-0.0632885 0.295012 
-0.0643289 0.295542 
-0.0653711 0.296065 
-0.0664151 0.296582 
-0.0674609 0.297092 
-0.0685084 0.297596 
-0.0695578 0.298093 
-0.0706089 0.298583 
-0.0716619 0.299067 
-0.0727167 0.299545 
-0.0737733 0.300015 
-0.0748318 0.300479 
-0.0758921 0.300937 
-0.0769542 0.301388 
-0.0780182 0.301832 
-0.0790841 0.302269 
-0.0801518 0.3027 
-0.0812215 0.303124 
-0.082293 0.303541 
-0.0833664 0.303952 
-0.0844417 0.304356 
-0.0855189 0.304754 
-0.086598 0.305144 
-0.087679 0.305528 
-0.088762 0.305905 
-0.0898469 0.306276 
-0.0909338 0.30664 
-0.0920226 0.306997 
-0.0931134 0.307347 
-0.0942061 0.30769 
-0.0953009 0.308027 
-0.0963976 0.308357 
-0.0974963 0.30868 
-0.098597 0.308996 
-0.0996997 0.309306 
-0.100804 0.309609 
-0.101911 0.309905 
-0.10302 0.310194 
-0.104131 0.310476 
-0.105244 0.310751 
-0.106359 0.31102 
-0.107476 0.311282 
-0.108595 0.311536 
-0.109716 0.311784 
-0.110839 0.312025 
-0.111965 0.31226 
-0.113092 0.312487 
-0.114222 0.312707 
-0.115353 0.312921 
-0.116487 0.313127 
-0.117623 0.313327 
-0.118761 0.313519 
-0.119902 0.313705 
-0.121044 0.313884 
-0.122189 0.314055 
-0.123336 0.31422 
-0.124485 0.314378 
-0.125636 0.314529 
-0.126789 0.314672 
-0.127945 0.314809 
-0.129103 0.314939 
-0.130263 0.315061 
-0.131426 0.315177 
-0.13259 0.315286 
-0.133757 0.315387 
-0.134926 0.315482 
-0.136098 0.315569 
-0.137272 0.315649 
-0.138448 0.315722 
-0.139626 0.315789 
-0.140807 0.315848 
-0.14199 0.315899 
-0.143175 0.315944 
-0.144363 0.315982 
-0.145553 0.316012 
-0.146745 0.316035 
-0.14794 0.316051 
-0.149137 0.31606 
-0.150337 0.316062 
-0.151539 0.316056 
-0.152743 0.316044 
-0.15395 0.316024 
-0.155159 0.315996 
-0.156371 0.315962 
-0.157585 0.31592 
-0.158802 0.315871 
-0.160021 0.315815 
-0.161242 0.315752 
-0.162466 0.315681 
-0.163693 0.315603 
-0.164922 0.315517 
-0.166153 0.315425 
-0.167387 0.315325 
-0.168624 0.315217 
-0.169863 0.315102 
-0.171105 0.31498 
-0.172349 0.314851 
-0.173596 0.314714 
-0.174846 0.314569 
-0.176098 0.314418 
-0.177352 0.314258 
-0.178609 0.314092 
-0.179869 0.313918 
-0.181132 0.313736 
-0.182397 0.313547 
-0.183665 0.313351 
-0.184935 0.313147 
-0.186208 0.312936 
-0.187484 0.312717 
-0.188763 0.31249 
-0.190044 0.312256 
-0.191328 0.312015 
-0.192615 0.311766 
-0.193904 0.311509 
-0.195196 0.311245 
-0.196491 0.310973 
-0.197789 0.310693 
-0.199089 0.310406 
-0.200392 0.310112 
-0.201698 0.309809 
-0.203007 0.309499 
-0.204319 0.309182 
-0.205633 0.308856 
-0.206951 0.308523 
-0.208271 0.308182 
-0.209594 0.307834 
-0.21092 0.307478 
-0.212248 0.307114 
-0.21358 0.306742 
-0.214915 0.306363 
-0.216252 0.305975 
-0.217592 0.30558 
-0.218936 0.305178 
-0.220282 0.304767 
-0.221631 0.304348 
-0.222983 0.303922 
-0.224338 0.303488 
-0.225696 0.303046 
-0.227057 0.302596 
-0.228421 0.302138 
-0.229788 0.301672 
-0.231158 0.301198 
-0.232532 0.300717 
-0.233908 0.300227 
-0.235287 0.29973 
-0.236669 0.299224 
-0.238055 0.298711 
-0.239443 0.298189 
-0.240834 0.297659 
-0.242229 0.297122 
-0.243627 0.296576 
-0.245028 0.296022 
-0.246432 0.295461 
-0.247839 0.294891 
-0.249249 0.294313 
-0.250663 0.293726 
-0.252079 0.293132 
-0.253499 0.29253 
-0.254922 0.291919 
-0.256348 0.2913 
-0.257778 0.290673 
-0.25921 0.290038 
-0.260646 0.289394 
-0.262086 0.288742 
-0.263528 0.288082 
-0.264974 0.287414 
-0.266423 0.286738 
-0.267875 0.286053 
-0.26933 0.285359 
-0.270789 0.284658 
-0.272252 0.283948 
-0.273717 0.28323 
-0.275186 0.282503 
-0.276658 0.281768 
-0.278134 0.281024 
-0.279613 0.280272 
-0.281095 0.279512 
-0.282581 0.278743 
-0.28407 0.277965 
-0.285563 0.277179 
-0.287059 0.276385 
-0.288558 0.275582 
-0.290061 0.27477 
-0.291567 0.27395 
-0.293077 0.273121 
-0.294591 0.272284 
-0.296107 0.271438 
-0.297628 0.270583 
-0.299151 0.26972 
-0.300679 0.268848 
-0.30221 0.267967 
-0.303744 0.267078 
-0.305282 0.26618 
-0.306823 0.265273 
-0.308368 0.264357 
-0.309917 0.263433 
-0.311469 0.262499 
-0.313025 0.261557 
-0.314585 0.260606 
-0.316148 0.259646 
-0.317714 0.258678 
-0.319285 0.2577 
-0.320859 0.256713 
-0.322436 0.255718 
-0.324018 0.254713 
-0.325603 0.2537 
-0.327191 0.252677 
-0.328784 0.251646 
-0.33038 0.250605 
-0.33198 0.249556 
-0.333583 0.248497 
-0.335191 0.247429 
-0.336802 0.246352 
-0.338416 0.245266 
-0.340035 0.244171 
-0.341657 0.243066 
-0.343283 0.241953 
-0.344913 0.24083 
-0.346547 0.239698 
-0.348185 0.238556 
-0.349826 0.237406 
-0.351471 0.236246 
-0.35312 0.235077 
-0.354773 0.233898 
-0.35643 0.23271 
-0.358091 0.231512 
-0.359755 0.230306 
-0.361423 0.229089 
-0.363096 0.227863 
-0.364772 0.226628 
-0.366452 0.225383 
-0.368136 0.224129 
-0.369824 0.222865 
-0.371516 0.221592 
-0.373212 0.220309 
-0.374912 0.219016 
-0.376616 0.217714 
-0.378324 0.216402 
-0.380035 0.215081 
-0.381751 0.213749 
-0.383471 0.212408 
-0.385195 0.211057 
-0.386923 0.209697 
-0.388655 0.208326 
-0.390391 0.206946 
-0.392131 0.205556 
-0.393875 0.204156 
-0.395623 0.202746 
-0.397375 0.201326 
-0.399131 0.199896 
-0.400892 0.198457 
-0.402656 0.197007 
-0.404425 0.195547 
-0.406197 0.194077 
-0.407974 0.192598 
-0.409755 0.191108 
-0.41154 0.189607 
-0.413329 0.188097 
-0.415123 0.186577 
-0.41692 0.185046 
-0.418722 0.183505 
-0.420528 0.181954 
-0.422338 0.180393 
-0.424152 0.178821 
-0.42597 0.177239 
-0.427793 0.175646 
-0.42962 0.174044 
-0.431451 0.17243 
-0.433286 0.170807 
-0.435126 0.169173 
-0.436969 0.167528 
-0.438817 0.165873 
-0.44067 0.164207 
-0.442526 0.162531 
-0.444387 0.160844 
-0.446252 0.159146 
-0.448121 0.157438 
-0.449995 0.155719 
-0.451873 0.15399 
-0.453755 0.15225 
-0.455641 0.150498 
-0.457532 0.148736 
-0.459427 0.146964 
-0.461327 0.14518 
-0.46323 0.143386 
-0.465138 0.14158 
-0.467051 0.139764 
-0.468968 0.137937 
-0.470889 0.136098 
-0.472814 0.134249 
-0.474744 0.132388 
-0.476678 0.130517 
-0.478617 0.128634 
-0.480559 0.12674 
-0.482507 0.124835 
-0.484458 0.122919 
-0.486414 0.120992 
-0.488375 0.119053 
-0.490339 0.117103 
-0.492309 0.115141 
-0.494282 0.113169 
-0.49626 0.111184 
-0.498242 0.109189 
-0.500229 0.107182 
-0.50222 0.105163 
-0.504216 0.103133 
-0.506216 0.101091 
-0.50822 0.0990378 
-0.510229 0.0969728 
-0.512243 0.0948962 
-0.51426 0.0928079 
-0.516282 0.0907078 
-0.518309 0.088596 
-0.52034 0.0864724 
-0.522375 0.084337 
-0.524415 0.0821897 
-0.526459 0.0800305 
-0.528508 0.0778593 
-0.530561 0.0756762 
-0.532619 0.0734811 
-0.534681 0.071274 
-0.536748 0.0690548 
-0.538818 0.0668235 
-0.540894 0.06458 
-0.542974 0.0623244 
-0.545058 0.0600566 
-0.547147 0.0577765 
-0.54924 0.0554841 
-0.551338 0.0531794 
-0.55344 0.0508624 
-0.555546 0.048533 
-0.557657 0.0461911 
-0.559772 0.0438368 
-0.561892 0.04147 
-0.564017 0.0390906 
-0.566145 0.0366987 
-0.568279 0.0342942 
-0.570416 0.031877 
-0.572558 0.0294471 
-0.574705 0.0270046 
-0.576856 0.0245492 
-0.579011 0.0220811 
-0.581171 0.0196001 
-0.583335 0.0171063 
-0.585503 0.0145995 
-0.587676 0.0120798 
-0.589854 0.00954707 
-0.592036 0.00700134 
-0.594222 0.00444253 
-0.596412 0.00187062 
-0.598607 -0.000714437 
-0.600807 -0.00331268 
-0.603011 -0.00592415 
-0.605219 -0.00854889 
-0.607431 -0.0111869 
-0.609648 -0.0138383 
-0.61187 -0.0165031 
-0.614095 -0.0191813 
-0.616325 -0.021873 
-0.61856 -0.0245782 
-0.620798 -0.0272969 
-0.623041 -0.0300293 
-0.625289 -0.0327753 
-0.62754 -0.0355349 
-0.629796 -0.0383083 
-0.632056 -0.0410954 
-0.634321 -0.0438963 
-0.63659 -0.0467111 
-0.638863 -0.0495398 
-0.64114 -0.0523824 
-0.643422 -0.055239 
-0.645708 -0.0581096 
-0.647998 -0.0609943 
-0.650293 -0.063893 
-0.652591 -0.0668059 
-0.654894 -0.0697331 
-0.657201 -0.0726744 
-0.659512 -0.0756301 
-0.661828 -0.0786 
-0.664147 -0.0815844 
-0.666471 -0.0845831 
-0.668799 -0.0875963 
-0.671131 -0.0906241 
-0.673467 -0.0936663 
-0.675807 -0.0967232 
-0.678151 -0.0997948 
-0.6805 -0.102881 
-0.682852 -0.105982 
-0.685209 -0.109098 
-0.687569 -0.112228 
-0.689934 -0.115374 
-0.692302 -0.118534 
-0.694675 -0.121709 
-0.697051 -0.1249 
-0.699432 -0.128105 
-0.701816 -0.131326 
-0.704205 -0.134562 
-0.706597 -0.137813 
-0.708993 -0.141079 
-0.711393 -0.14436 
-0.713797 -0.147657 
-0.716205 -0.150969 
-0.718616 -0.154297 
-0.721032 -0.157641 
-0.723451 -0.160999 
-0.725873 -0.164374 
-0.7283 -0.167764 
-0.73073 -0.17117 
-0.733164 -0.174591 
-0.735602 -0.178029 
-0.738043 -0.181482 
-0.740488 -0.184951 
-0.742937 -0.188436 
-0.745389 -0.191937 
-0.747845 -0.195455 
-0.750304 -0.198988 
-0.752767 -0.202537 
-0.755233 -0.206103 
-0.757703 -0.209685 
-0.760176 -0.213284 
-0.762652 -0.216898 
-0.765132 -0.220529 
-0.767616 -0.224177 
-0.770102 -0.227841 
-0.772592 -0.231522 
-0.775086 -0.23522 
-0.777582 -0.238934 
-0.780082 -0.242665 
-0.782585 -0.246413 
-0.785091 -0.250177 
-0.7876 -0.253959 
-0.790112 -0.257758 
-0.792627 -0.261573 
-0.795146 -0.265406 
-0.797667 -0.269256 
-0.800191 -0.273123 
-0.802719 -0.277007 
-0.805249 -0.280909 
-0.807782 -0.284828 
-0.810318 -0.288765 
-0.812856 -0.292719 
-0.815398 -0.29669 
-0.817942 -0.30068 
-0.820489 -0.304687 
-0.823038 -0.308711 
-0.82559 -0.312754 
-0.828145 -0.316814 
-0.830702 -0.320892 
-0.833262 -0.324988 
-0.835824 -0.329103 
-0.838388 -0.333235 
-0.840955 -0.337385 
-0.843524 -0.341554 
-0.846096 -0.345741 
-0.84867 -0.349946 
-0.851246 -0.35417 
-0.853824 -0.358412 
-0.856404 -0.362673 
-0.858986 -0.366952 
-0.861571 -0.37125 
-0.864157 -0.375566 
-0.866745 -0.379902 
-0.869335 -0.384256 
-0.871927 -0.388629 
-0.874521 -0.393021 
-0.877116 -0.397432 
-0.879713 -0.401863 
-0.882312 -0.406312 
-0.884912 -0.410781 
-0.887514 -0.415268 
-0.890118 -0.419776 
-0.892722 -0.424302 
-0.895328 -0.428848 
-0.897936 -0.433414 
-0.900544 -0.437999 
-0.903154 -0.442604 
-0.905765 -0.447229 
-0.908377 -0.451874 
-0.91099 -0.456538 
-0.913604 -0.461222 
-0.916219 -0.465927 
-0.918835 -0.470651 
-0.921452 -0.475396 
-0.924069 -0.480161 
-0.926687 -0.484946 
-0.929305 -0.489751 
-0.931924 -0.494577 
-0.934544 -0.499424 
-0.937163 -0.504291 
-0.939784 -0.509178 
-0.942404 -0.514086 
-0.945025 -0.519016 
-0.947645 -0.523966 
-0.950266 -0.528936 
-0.952887 -0.533928 
-0.955508 -0.538941 
-0.958128 -0.543975 
-0.960748 -0.549031 
-0.963368 -0.554107 
-0.965988 -0.559205 
-0.968607 -0.564325 
-0.971225 -0.569465 
-0.973843 -0.574628 
-0.97646 -0.579812 
-0.979076 -0.585018 
-0.981692 -0.590245 
-0.984306 -0.595495 
-0.98692 -0.600766 
-0.989532 -0.60606 
-0.992143 -0.611375 
-0.994753 -0.616713 
-0.997362 -0.622073 
-0.999969 -0.627455 
-1.00257 -0.63286 
-1.00518 -0.638287 
-1.00778 -0.643737 
-1.01038 -0.649209 
-1.01298 -0.654705 
-1.01557 -0.660223 
-1.01817 -0.665763 
-1.02076 -0.671327 
-1.02335 -0.676914 
-1.02594 -0.682524 
-1.02852 -0.688157 
-1.0311 -0.693813 
-1.03368 -0.699493 
-1.03626 -0.705196 
-1.03883 -0.710923 
-1.04141 -0.716673 
-1.04397 -0.722447 
-1.04654 -0.728244 
-1.0491 -0.734066 
-1.05166 -0.739911 
-1.05421 -0.745781 
-1.05676 -0.751674 
-1.05931 -0.757592 
-1.06185 -0.763534 
-1.06439 -0.7695 
-1.06692 -0.775491 
-1.06945 -0.781506 
-1.07198 -0.787546 
-1.0745 -0.79361 
-1.07702 -0.799699 
-1.07953 -0.805813 
-1.08204 -0.811952 
-1.08454 -0.818116 
-1.08704 -0.824306 
-1.08953 -0.83052 
-1.09201 -0.836759 
-1.0945 -0.843024 
-1.09697 -0.849315 
-1.09944 -0.855631 
-1.10191 -0.861972 
-1.10436 -0.86834 
-1.10681 -0.874733 
-1.10926 -0.881152 
-1.1117 -0.887597 
-1.11413 -0.894068 
-1.11656 -0.900565 
-1.11897 -0.907089 
-1.12139 -0.913638 
-1.12379 -0.920215 
-1.12619 -0.926818 
-1.12858 -0.933447 
-1.13096 -0.940103 
-1.13333 -0.946786 
-1.1357 -0.953496 
-1.13806 -0.960233 
-1.14041 -0.966997 
-1.14275 -0.973788 
-1.14508 -0.980606 
-1.14741 -0.987452 
-1.14972 -0.994325 
-1.15203 -1.00123 
-1.15433 -1.00815 
-1.15661 -1.01511 
-1.15889 -1.02209 
-1.16116 -1.02911 
-1.16342 -1.03615 
-1.16567 -1.04322 
-1.1679 -1.05031 
-1.17013 -1.05744 
-1.17235 -1.06459 
-1.17455 -1.07177 
-1.17675 -1.07898 
-1.17893 -1.08622 
-1.1811 -1.09349 
-1.18326 -1.10079 
-1.18541 -1.10811 
-1.18755 -1.11547 
-1.18968 -1.12285 
-1.19179 -1.13026 
-1.19389 -1.13771 
-1.19597 -1.14518 
-1.19805 -1.15268 
-1.20011 -1.16021 
-1.20216 -1.16778 
-1.20419 -1.17537 
-1.20621 -1.18299 
-1.20822 -1.19064 
-1.21021 -1.19832 
-1.21218 -1.20603 
-1.21415 -1.21378 
-1.21609 -1.22155 
-1.21803 -1.22936 
-1.21994 -1.23719 
-1.22185 -1.24506 
-1.22373 -1.25295 
-1.2256 -1.26088 
-1.22745 -1.26884 
-1.22929 -1.27683 
-1.23111 -1.28485 
-1.23291 -1.2929 
-1.2347 -1.30099 
-1.23647 -1.30911 
-1.23822 -1.31725 
-1.23995 -1.32544 
-1.24166 -1.33365 
-1.24336 -1.34189 
-1.24504 -1.35017 
-1.24669 -1.35848 
-1.24833 -1.36682 
-1.24995 -1.3752 
-1.25155 -1.3836 
-1.25313 -1.39204 
-1.25469 -1.40052 
-1.25622 -1.40902 
-1.25774 -1.41756 
-1.25923 -1.42613 
-1.26071 -1.43474 
-1.26216 -1.44338 
-1.26359 -1.45205 
-1.265 -1.46076 
-1.26638 -1.4695 
-1.26774 -1.47827 
-1.26908 -1.48708 
-1.2704 -1.49593 
-1.27169 -1.5048 
-1.27296 -1.51372 
-1.2742 -1.52266 
-1.27542 -1.53164 
-1.27661 -1.54066 
-1.27777 -1.54971 
-1.27892 -1.5588 
-1.28003 -1.56792 
-1.28112 -1.57707 
-1.28218 -1.58626 
-1.28321 -1.59549 
-1.28422 -1.60475 
-1.2852 -1.61405 
-1.28615 -1.62339 
-1.28707 -1.63276 
-1.28797 -1.64216 
-1.28883 -1.65161 
-1.28967 -1.66109 
-1.29047 -1.6706 
-1.29125 -1.68015 
-1.29199 -1.68974 
-1.29271 -1.69937 
-1.29339 -1.70903 
-1.29404 -1.71873 
-1.29466 -1.72847 
-1.29524 -1.73824 
-1.29579 -1.74805 
-1.29631 -1.7579 
-1.2968 -1.76779 
-1.29725 -1.77771 
-1.29767 -1.78768 
-1.29805 -1.79768 
-1.29839 -1.80772 
-1.29871 -1.81779 
-1.29898 -1.82791 
-1.29922 -1.83806 
-1.29942 -1.84826 
-1.29958 -1.85849 
-1.29971 -1.86876 
-1.2998 -1.87907 
-1.29985 -1.88942 
-1.29986 -1.89981 
-1.29983 -1.91024 
-1.29976 -1.9207 
-1.29965 -1.93121 
-1.2995 -1.94176 
-1.29931 -1.95235 
-1.29907 -1.96297 
-1.2988 -1.97364 
-1.29848 -1.98435 
-1.29811 -1.9951 
-1.29771 -2.00589 
-1.29726 -2.01672 
-1.29676 -2.02759 
-1.29622 -2.0385 
-1.29564 -2.04946 
-1.295 -2.06045 
-1.29433 -2.07149 
-1.2936 -2.08256 
-1.29283 -2.09368 
-1.292 -2.10485 
-1.29113 -2.11605 
-1.29021 -2.12729 
-1.28924 -2.13858 
-1.28822 -2.14991 
-1.28715 -2.16128 
-1.28603 -2.1727 
-1.28485 -2.18416 
-1.28363 -2.19566 
-1.28235 -2.2072 
-1.28101 -2.21879 
-1.27962 -2.23042 
-1.27818 -2.2421 
-1.27668 -2.25381 
-1.27513 -2.26558 
-1.27352 -2.27738 
-1.27185 -2.28923 
-1.27012 -2.30113 
-1.26834 -2.31306 
-1.2665 -2.32505 
-1.26459 -2.33707 
-1.26263 -2.34914 
-1.26061 -2.36126 
-1.25852 -2.37342 
-1.25637 -2.38563 
-1.25416 -2.39788 
-1.25189 -2.41018 
-1.24955 -2.42252 
-1.24715 -2.43491 
-1.24468 -2.44735 
-1.24215 -2.45983 
-1.23955 -2.47235 
-1.23688 -2.48493 
-1.23415 -2.49755 
-1.23135 -2.51021 
-1.22847 -2.52292 
-1.22553 -2.53568 
-1.22251 -2.54849 
-1.21943 -2.56134 
-1.21627 -2.57424 
-1.21304 -2.58719 
-1.20974 -2.60019 
-1.20636 -2.61323 
-1.2029 -2.62632 
-1.19937 -2.63946 
-1.19577 -2.65265 
-1.19208 -2.66588 
-1.18832 -2.67917 
-1.18448 -2.6925 
-1.18056 -2.70588 
-1.17656 -2.71931 
-1.17248 -2.73279 
-1.16831 -2.74632 
-1.16406 -2.75989 
-1.15973 -2.77352 
-1.15532 -2.78719 
-1.15082 -2.80092 
-1.14623 -2.81469 
-1.14156 -2.82852 
-1.1368 -2.84239 
-1.13195 -2.85632 
-1.12701 -2.87029 
-1.12198 -2.88432 
-1.11686 -2.8984 
-1.11164 -2.91252 
-1.10634 -2.9267 
-1.10094 -2.94093 
-1.09544 -2.95521 
-1.08985 -2.96954 
-1.08416 -2.98393 
-1.07838 -2.99836 
-1.0725 -3.01285 
-1.06651 -3.02739 
-1.06043 -3.04198 
-1.05425 -3.05662 
-1.04796 -3.07131 
-1.04157 -3.08606 
-1.03508 -3.10086 
-1.02848 -3.11571 
-1.02178 -3.13062 
-1.01497 -3.14557 
-1.00805 -3.16059 
-1.00102 -3.17565 
-0.993885 -3.19077 
-0.986636 -3.20594 
-0.979275 -3.22116 
-0.971801 -3.23644 
-0.964212 -3.25177 
-0.956509 -3.26716 
-0.948689 -3.2826 
-0.940753 -3.2981 
-0.932697 -3.31364 
-0.924522 -3.32925 
-0.916227 -3.34491 
-0.90781 -3.36062 
-0.89927 -3.37639 
-0.890607 -3.39221 
-0.881818 -3.40809 
-0.872904 -3.42402 
-0.863862 -3.44001 
-0.854691 -3.45606 
-0.845391 -3.47216 
-0.835961 -3.48831 
-0.826398 -3.50453 
-0.816703 -3.52079 
-0.806873 -3.53712 
-0.796907 -3.5535 
-0.786805 -3.56994 
-0.776565 -3.58643 
-0.766186 -3.60298 
-0.755667 -3.61959 
-0.745006 -3.63625 
-0.734202 -3.65297 
-0.723254 -3.66975 
-0.71216 -3.68658 
-0.70092 -3.70348 
-0.689532 -3.72043 
-0.677995 -3.73743 
-0.666307 -3.7545 
-0.654467 -3.77162 
-0.642474 -3.7888 
-0.630326 -3.80604 
-0.618023 -3.82334 
-0.605562 -3.84069 
