0 0 
-0.001001 0.000996998 
-0.002004 0.00198798 
-0.00300901 0.00297294 
-0.00401602 0.00395185 
-0.00502504 0.00492471 
-0.00603607 0.0058915 
-0.00704912 0.0068522 
-0.00806418 0.00780681 
-0.00908125 0.00875531 
-0.0101003 0.00969768 
-0.0111215 0.0106339 
-0.0121446 0.011564 
-0.0131698 0.0124879 
-0.014197 0.0134056 
-0.0152262 0.0143172 
-0.0162575 0.0152225 
-0.0172908 0.0161216 
-0.0183261 0.0170145 
-0.0193635 0.0179011 
-0.0204029 0.0187815 
-0.0214444 0.0196556 
-0.0224879 0.0205234 
-0.0235335 0.0213849 
-0.0245812 0.0222401 
-0.0256309 0.0230889 
-0.0266826 0.0239314 
-0.0277364 0.0247676 
-0.0287923 0.0255973 
-0.0298503 0.0264207 
-0.0309103 0.0272377 
-0.0319725 0.0280483 
-0.0330367 0.0288525 
-0.0341029 0.0296502 
-0.0351713 0.0304415 
-0.0362418 0.0312263 
-0.0373143 0.0320046 
-0.038389 0.0327765 
-0.0394657 0.0335418 
-0.0405446 0.0343006 
-0.0416256 0.0350529 
-0.0427086 0.0357987 
-0.0437938 0.0365379 
-0.0448812 0.0372705 
-0.0459706 0.0379965 
-0.0470621 0.0387159 
-0.0481558 0.0394287 
-0.0492517 0.0401349 
-0.0503496 0.0408345 
-0.0514497 0.0415274 
-0.052552 0.0422137 
-0.0536564 0.0428932 
-0.0547629 0.0435661 
-0.0558716 0.0442323 
-0.0569825 0.0448917 
-0.0580955 0.0455444 
-0.0592107 0.0461904 
-0.0603281 0.0468296 
-0.0614477 0.0474621 
-0.0625694 0.0480878 
-0.0636933 0.0487066 
-0.0648194 0.0493187 
-0.0659477 0.0499239 
-0.0670782 0.0505223 
-0.0682109 0.0511139 
-0.0693459 0.0516986 
-0.070483 0.0522764 
-0.0716223 0.0528473 
-0.0727639 0.0534113 
-0.0739077 0.0539684 
-0.0750537 0.0545186 
-0.0762019 0.0550618 
-0.0773524 0.0555981 
-0.0785052 0.0561274 
-0.0796602 0.0566497 
-0.0808174 0.0571651 
-0.0819769 0.0576734 
-0.0831387 0.0581747 
-0.0843027 0.058669 
-0.085469 0.0591562 
-0.0866376 0.0596363 
-0.0878084 0.0601094 
-0.0889816 0.0605754 
-0.090157 0.0610343 
-0.0913348 0.061486 
-0.0925148 0.0619307 
-0.0936971 0.0623682 
-0.0948818 0.0627985 
-0.0960688 0.0632217 
-0.0972581 0.0636377 
-0.0984497 0.0640465 
-0.0996437 0.0644481 
-0.10084 0.0648425 
-0.102039 0.0652296 
-0.10324 0.0656095 
-0.104443 0.0659821 
-0.105649 0.0663475 
-0.106857 0.0667055 
-0.108067 0.0670563 
-0.10928 0.0673997 
-0.110495 0.0677358 
-0.111713 0.0680646 
-0.112933 0.068386 
-0.114155 0.0687001 
-0.11538 0.0690067 
-0.116607 0.069306 
-0.117837 0.0695978 
-0.119069 0.0698822 
-0.120303 0.0701592 
-0.12154 0.0704287 
-0.12278 0.0706908 
-0.124021 0.0709454 
-0.125266 0.0711925 
-0.126512 0.0714321 
-0.127761 0.0716641 
-0.129013 0.0718886 
-0.130267 0.0721056 
-0.131524 0.072315 
-0.132783 0.0725169 
-0.134044 0.0727111 
-0.135308 0.0728978 
-0.136575 0.0730768 
-0.137844 0.0732482 
-0.139116 0.0734119 
-0.14039 0.073568 
-0.141666 0.0737164 
-0.142946 0.0738571 
-0.144227 0.0739902 
-0.145512 0.0741155 
-0.146798 0.074233 
-0.148088 0.0743429 
-0.14938 0.0744449 
-0.150674 0.0745392 
-0.151971 0.0746257 
-0.153271 0.0747044 
-0.154573 0.0747753 
-0.155878 0.0748383 
-0.157185 0.0748936 
-0.158496 0.0749409 
-0.159808 0.0749804 
-0.161124 0.075012 
-0.162441 0.0750356 
-0.163762 0.0750514 
-0.165085 0.0750592 
-0.166411 0.0750591 
-0.16774 0.075051 
-0.169071 0.0750349 
-0.170405 0.0750109 
-0.171741 0.0749788 
-0.17308 0.0749388 
-0.174422 0.0748906 
-0.175767 0.0748345 
-0.177114 0.0747702 
-0.178464 0.0746979 
-0.179817 0.0746175 
-0.181172 0.074529 
-0.18253 0.0744323 
-0.183891 0.0743275 
-0.185255 0.0742146 
-0.186621 0.0740934 
-0.18799 0.0739641 
-0.189362 0.0738266 
-0.190737 0.0736809 
-0.192114 0.0735269 
-0.193495 0.0733647 
-0.194878 0.0731942 
-0.196263 0.0730154 
-0.197652 0.0728284 
-0.199043 0.072633 
-0.200438 0.0724293 
-0.201835 0.0722172 
-0.203235 0.0719968 
-0.204637 0.0717681 
-0.206043 0.0715309 
-0.207451 0.0712853 
-0.208862 0.0710313 
-0.210277 0.0707689 
-0.211694 0.070498 
-0.213113 0.0702186 
-0.214536 0.0699307 
-0.215962 0.0696344 
-0.21739 0.0693295 
-0.218822 0.0690161 
-0.220256 0.0686941 
-0.221693 0.0683635 
-0.223133 0.0680244 
-0.224577 0.0676767 
-0.226023 0.0673203 
-0.227472 0.0669553 
-0.228924 0.0665817 
-0.230378 0.0661994 
-0.231836 0.0658084 
-0.233297 0.0654087 
-0.234761 0.0650003 
-0.236228 0.0645831 
-0.237697 0.0641572 
-0.23917 0.0637225 
-0.240646 0.063279 
-0.242125 0.0628267 
-0.243607 0.0623656 
-0.245091 0.0618957 
-0.246579 0.0614169 
-0.24807 0.0609292 
-0.249564 0.0604326 
-0.251061 0.0599271 
-0.252561 0.0594127 
-0.254064 0.0588893 
-0.255571 0.0583569 
-0.25708 0.0578156 
-0.258592 0.0572653 
-0.260108 0.0567059 
-0.261626 0.0561376 
-0.263148 0.0555601 
-0.264673 0.0549736 
-0.266201 0.054378 
-0.267732 0.0537733 
-0.269266 0.0531594 
-0.270803 0.0525364 
-0.272343 0.0519043 
-0.273887 0.0512629 
-0.275434 0.0506124 
-0.276984 0.0499526 
-0.278537 0.0492836 
-0.280093 0.0486053 
-0.281652 0.0479177 
-0.283215 0.0472209 
-0.284781 0.0465147 
-0.28635 0.0457992 
-0.287922 0.0450743 
-0.289497 0.04434 
-0.291076 0.0435964 
-0.292658 0.0428433 
-0.294243 0.0420808 
-0.295831 0.0413088 
-0.297423 0.0405274 
-0.299018 0.0397365 
-0.300616 0.038936 
-0.302217 0.038126 
-0.303822 0.0373065 
-0.30543 0.0364774 
-0.307041 0.0356387 
-0.308655 0.0347904 
-0.310273 0.0339324 
-0.311894 0.0330648 
-0.313518 0.0321875 
-0.315146 0.0313005 
-0.316777 0.0304038 
-0.318411 0.0294973 
-0.320049 0.0285811 
-0.32169 0.0276551 
-0.323334 0.0267193 
-0.324982 0.0257736 
-0.326633 0.0248181 
-0.328287 0.0238528 
-0.329945 0.0228775 
-0.331606 0.0218924 
-0.33327 0.0208973 
-0.334938 0.0198923 
-0.336609 0.0188773 
-0.338284 0.0178522 
-0.339962 0.0168172 
-0.341643 0.0157721 
-0.343328 0.014717 
-0.345016 0.0136518 
-0.346707 0.0125764 
-0.348402 0.0114909 
-0.350101 0.0103953 
-0.351803 0.00928951 
-0.353508 0.00817351 
-0.355216 0.00704728 
-0.356929 0.0059108 
-0.358644 0.00476406 
-0.360363 0.00360702 
-0.362086 0.00243966 
-0.363811 0.00126197 
-0.365541 7.39163e-05 
-0.367274 -0.00112453 
-0.36901 -0.00233338 
-0.37075 -0.00355266 
-0.372493 -0.00478241 
-0.37424 -0.00602263 
-0.37599 -0.00727336 
-0.377743 -0.00853462 
-0.379501 -0.00980644 
-0.381261 -0.0110888 
-0.383025 -0.0123818 
-0.384793 -0.0136854 
-0.386564 -0.0149997 
-0.388339 -0.0163247 
-0.390117 -0.0176603 
-0.391899 -0.0190067 
-0.393684 -0.0203638 
-0.395473 -0.0217318 
-0.397265 -0.0231105 
-0.399061 -0.0245 
-0.40086 -0.0259004 
-0.402663 -0.0273117 
-0.404469 -0.0287339 
-0.406279 -0.030167 
-0.408092 -0.031611 
-0.409909 -0.0330661 
-0.41173 -0.0345321 
-0.413554 -0.0360092 
-0.415381 -0.0374974 
-0.417213 -0.0389966 
-0.419047 -0.040507 
-0.420885 -0.0420285 
-0.422727 -0.0435612 
-0.424573 -0.045105 
-0.426421 -0.0466601 
-0.428274 -0.0482264 
-0.43013 -0.0498041 
-0.431989 -0.051393 
-0.433853 -0.0529932 
-0.435719 -0.0546048 
-0.437589 -0.0562278 
-0.439463 -0.0578622 
-0.441341 -0.0595081 
-0.443222 -0.0611654 
-0.445106 -0.0628342 
-0.446994 -0.0645146 
-0.448886 -0.0662065 
-0.450781 -0.06791 
-0.45268 -0.0696251 
-0.454582 -0.0713519 
-0.456488 -0.0730903 
-0.458397 -0.0748404 
-0.46031 -0.0766023 
-0.462227 -0.0783759 
-0.464147 -0.0801613 
-0.46607 -0.0819585 
-0.467998 -0.0837676 
-0.469928 -0.0855885 
-0.471863 -0.0874214 
-0.473801 -0.0892662 
-0.475742 -0.0911229 
-0.477687 -0.0929917 
-0.479635 -0.0948725 
-0.481587 -0.0967653 
-0.483543 -0.0986702 
-0.485502 -0.100587 
-0.487465 -0.102517 
-0.489431 -0.104458 
-0.491401 -0.106412 
-0.493374 -0.108377 
-0.495351 -0.110356 
-0.497331 -0.112346 
-0.499315 -0.114349 
-0.501302 -0.116364 
-0.503293 -0.118391 
-0.505287 -0.120431 
-0.507285 -0.122484 
-0.509286 -0.124549 
-0.511291 -0.126626 
-0.513299 -0.128716 
-0.515311 -0.130819 
-0.517326 -0.132934 
-0.519345 -0.135062 
-0.521367 -0.137203 
-0.523393 -0.139356 
-0.525422 -0.141523 
-0.527455 -0.143702 
-0.529491 -0.145893 
-0.53153 -0.148098 
-0.533573 -0.150316 
-0.535619 -0.152546 
-0.537669 -0.15479 
-0.539722 -0.157046 
-0.541778 -0.159316 
-0.543838 -0.161598 
-0.545901 -0.163894 
-0.547968 -0.166203 
-0.550038 -0.168525 
-0.552111 -0.17086 
-0.554188 -0.173209 
-0.556268 -0.17557 
-0.558352 -0.177945 
-0.560438 -0.180334 
-0.562528 -0.182736 
-0.564622 -0.185151 
-0.566718 -0.18758 
-0.568818 -0.190022 
-0.570921 -0.192478 
-0.573028 -0.194947 
-0.575137 -0.19743 
-0.57725 -0.199927 
-0.579366 -0.202437 
-0.581486 -0.204961 
-0.583608 -0.207499 
-0.585734 -0.210051 
-0.587863 -0.212616 
-0.589995 -0.215195 
-0.59213 -0.217789 
-0.594269 -0.220396 
-0.59641 -0.223017 
-0.598555 -0.225652 
-0.600703 -0.228301 
-0.602853 -0.230965 
-0.605007 -0.233642 
-0.607164 -0.236334 
-0.609324 -0.23904 
-0.611487 -0.24176 
-0.613653 -0.244495 
-0.615822 -0.247244 
-0.617994 -0.250007 
-0.620169 -0.252785 
-0.622347 -0.255577 
-0.624528 -0.258384 
-0.626712 -0.261205 
-0.628898 -0.264041 
-0.631088 -0.266891 
-0.63328 -0.269756 
-0.635476 -0.272636 
-0.637674 -0.27553 
-0.639874 -0.27844 
-0.642078 -0.281364 
-0.644284 -0.284303 
-0.646493 -0.287257 
-0.648705 -0.290226 
-0.65092 -0.29321 
-0.653137 -0.296209 
-0.655357 -0.299223 
-0.657579 -0.302252 
-0.659805 -0.305297 
-0.662032 -0.308357 
-0.664262 -0.311431 
-0.666495 -0.314522 
-0.668731 -0.317627 
-0.670968 -0.320748 
-0.673209 -0.323885 
-0.675451 -0.327037 
-0.677697 -0.330204 
-0.679944 -0.333387 
-0.682194 -0.336586 
-0.684446 -0.3398 
-0.686701 -0.34303 
-0.688958 -0.346276 
-0.691217 -0.349537 
-0.693478 -0.352815 
-0.695742 -0.356108 
-0.698008 -0.359417 
-0.700276 -0.362742 
-0.702546 -0.366084 
-0.704818 -0.369441 
-0.707092 -0.372814 
-0.709368 -0.376204 
-0.711646 -0.37961 
-0.713926 -0.383032 
-0.716208 -0.386471 
-0.718493 -0.389925 
-0.720778 -0.393397 
-0.723066 -0.396884 
-0.725356 -0.400388 
-0.727647 -0.403909 
-0.72994 -0.407446 
-0.732235 -0.411 
-0.734531 -0.414571 
-0.736829 -0.418159 
-0.739129 -0.421763 
-0.74143 -0.425384 
-0.743732 -0.429022 
-0.746036 -0.432677 
-0.748342 -0.436349 
-0.750649 -0.440038 
-0.752957 -0.443744 
-0.755267 -0.447467 
-0.757578 -0.451207 
-0.75989 -0.454965 
-0.762204 -0.45874 
-0.764518 -0.462533 
-0.766834 -0.466342 
-0.76915 -0.47017 
-0.771468 -0.474014 
-0.773787 -0.477877 
-0.776107 -0.481756 
-0.778427 -0.485654 
-0.780749 -0.489569 
-0.783071 -0.493502 
-0.785394 -0.497453 
-0.787717 -0.501422 
-0.790042 -0.505409 
-0.792367 -0.509413 
-0.794692 -0.513436 
-0.797018 -0.517477 
-0.799345 -0.521536 
-0.801672 -0.525613 
-0.803999 -0.529709 
-0.806326 -0.533822 
-0.808654 -0.537954 
-0.810982 -0.542105 
-0.81331 -0.546274 
-0.815639 -0.550462 
-0.817967 -0.554668 
-0.820295 -0.558892 
-0.822623 -0.563136 
-0.824951 -0.567398 
-0.827279 -0.571679 
-0.829607 -0.575979 
-0.831934 -0.580298 
-0.834261 -0.584636 
-0.836588 -0.588993 
-0.838914 -0.593369 
-0.841239 -0.597764 
-0.843564 -0.602178 
-0.845888 -0.606612 
-0.848211 -0.611065 
-0.850534 -0.615537 
-0.852856 -0.620029 
-0.855177 -0.624541 
-0.857496 -0.629071 
-0.859815 -0.633622 
-0.862133 -0.638192 
-0.864449 -0.642782 
-0.866764 -0.647392 
-0.869078 -0.652022 
-0.87139 -0.656671 
-0.873701 -0.661341 
-0.87601 -0.66603 
-0.878318 -0.67074 
-0.880624 -0.67547 
-0.882928 -0.68022 
-0.88523 -0.68499 
-0.88753 -0.689781 
-0.889828 -0.694592 
-0.892124 -0.699424 
-0.894418 -0.704276 
-0.89671 -0.709149 
-0.898999 -0.714043 
-0.901286 -0.718957 
-0.903571 -0.723892 
-0.905853 -0.728848 
-0.908132 -0.733825 
-0.910408 -0.738822 
-0.912682 -0.743841 
-0.914952 -0.748881 
-0.91722 -0.753942 
-0.919484 -0.759025 
-0.921745 -0.764128 
-0.924003 -0.769254 
-0.926258 -0.7744 
-0.928509 -0.779568 
-0.930756 -0.784758 
-0.933 -0.789969 
-0.93524 -0.795202 
-0.937477 -0.800456 
-0.939709 -0.805733 
-0.941937 -0.811031 
-0.944161 -0.816352 
-0.946381 -0.821694 
-0.948596 -0.827059 
-0.950807 -0.832445 
-0.953013 -0.837854 
-0.955215 -0.843286 
-0.957412 -0.848739 
-0.959604 -0.854215 
-0.961791 -0.859714 
-0.963973 -0.865235 
-0.966149 -0.870779 
-0.968321 -0.876345 
-0.970487 -0.881935 
-0.972647 -0.887547 
-0.974802 -0.893182 
-0.976951 -0.89884 
-0.979094 -0.904521 
-0.981231 -0.910225 
-0.983362 -0.915953 
-0.985486 -0.921704 
-0.987604 -0.927478 
-0.989716 -0.933275 
-0.991821 -0.939097 
-0.99392 -0.944941 
-0.996011 -0.950809 
-0.998096 -0.956701 
-1.00017 -0.962617 
-1.00224 -0.968557 
-1.00431 -0.97452 
-1.00636 -0.980508 
-1.00841 -0.986519 
-1.01045 -0.992555 
-1.01248 -0.998615 
-1.0145 -1.0047 
-1.01652 -1.01081 
-1.01853 -1.01694 
-1.02052 -1.0231 
-1.02251 -1.02928 
-1.0245 -1.03549 
-1.02647 -1.04172 
-1.02843 -1.04798 
-1.03039 -1.05426 
-1.03233 -1.06056 
-1.03426 -1.06689 
-1.03619 -1.07325 
-1.03811 -1.07963 
-1.04001 -1.08604 
-1.04191 -1.09247 
-1.04379 -1.09893 
-1.04567 -1.10541 
-1.04753 -1.11192 
-1.04938 -1.11846 
-1.05123 -1.12502 
-1.05306 -1.1316 
-1.05488 -1.13821 
-1.05669 -1.14485 
-1.05848 -1.15152 
-1.06027 -1.15821 
-1.06204 -1.16492 
-1.0638 -1.17166 
-1.06555 -1.17843 
-1.06729 -1.18523 
-1.06901 -1.19205 
-1.07072 -1.1989 
-1.07242 -1.20577 
-1.0741 -1.21267 
-1.07577 -1.2196 
-1.07743 -1.22656 
-1.07907 -1.23354 
-1.0807 -1.24055 
-1.08232 -1.24759 
-1.08392 -1.25465 
-1.08551 -1.26174 
-1.08708 -1.26886 
-1.08863 -1.27601 
-1.09018 -1.28318 
-1.0917 -1.29038 
-1.09321 -1.29761 
-1.09471 -1.30487 
-1.09619 -1.31215 
-1.09765 -1.31947 
-1.09909 -1.32681 
-1.10052 -1.33418 
-1.10194 -1.34157 
-1.10333 -1.349 
-1.10471 -1.35645 
-1.10607 -1.36394 
-1.10741 -1.37145 
-1.10874 -1.37899 
-1.11005 -1.38656 
-1.11133 -1.39415 
-1.1126 -1.40178 
-1.11385 -1.40943 
-1.11509 -1.41712 
-1.1163 -1.42483 
-1.11749 -1.43257 
-1.11866 -1.44035 
-1.11982 -1.44815 
-1.12095 -1.45598 
-1.12206 -1.46384 
-1.12315 -1.47173 
-1.12422 -1.47965 
-1.12527 -1.4876 
-1.1263 -1.49558 
-1.1273 -1.50359 
-1.12828 -1.51163 
-1.12924 -1.5197 
-1.13018 -1.5278 
-1.1311 -1.53593 
-1.13199 -1.54409 
-1.13285 -1.55228 
-1.1337 -1.5605 
-1.13452 -1.56875 
-1.13531 -1.57704 
-1.13609 -1.58535 
-1.13683 -1.5937 
-1.13755 -1.60207 
-1.13825 -1.61048 
-1.13892 -1.61892 
-1.13956 -1.62739 
-1.14018 -1.63589 
-1.14077 -1.64442 
-1.14134 -1.65299 
-1.14187 -1.66159 
-1.14238 -1.67021 
-1.14286 -1.67887 
-1.14332 -1.68757 
-1.14374 -1.69629 
-1.14414 -1.70504 
-1.1445 -1.71383 
-1.14484 -1.72265 
-1.14515 -1.73151 
-1.14542 -1.74039 
-1.14567 -1.74931 
-1.14589 -1.75826 
-1.14607 -1.76724 
-1.14622 -1.77626 
-1.14634 -1.78531 
-1.14643 -1.79439 
-1.14649 -1.8035 
-1.14651 -1.81265 
-1.1465 -1.82183 
-1.14646 -1.83105 
-1.14639 -1.8403 
-1.14627 -1.84958 
-1.14613 -1.85889 
-1.14595 -1.86824 
-1.14573 -1.87763 
-1.14548 -1.88704 
-1.14519 -1.89649 
-1.14487 -1.90598 
-1.14451 -1.9155 
-1.14411 -1.92505 
-1.14367 -1.93464 
-1.1432 -1.94426 
-1.14268 -1.95392 
-1.14213 -1.96361 
-1.14154 -1.97333 
-1.14091 -1.9831 
-1.14024 -1.99289 
-1.13953 -2.00272 
-1.13877 -2.01259 
-1.13798 -2.02249 
-1.13714 -2.03242 
-1.13627 -2.0424 
-1.13535 -2.0524 
-1.13438 -2.06244 
-1.13338 -2.07252 
-1.13233 -2.08264 
-1.13123 -2.09278 
-1.13009 -2.10297 
-1.12891 -2.11319 
-1.12768 -2.12345 
-1.1264 -2.13374 
-1.12508 -2.14407 
-1.1237 -2.15444 
-1.12229 -2.16484 
-1.12082 -2.17528 
-1.11931 -2.18575 
-1.11774 -2.19626 
-1.11613 -2.20681 
-1.11447 -2.2174 
-1.11275 -2.22802 
-1.11099 -2.23868 
-1.10917 -2.24937 
-1.10731 -2.26011 
-1.10539 -2.27088 
-1.10341 -2.28169 
-1.10139 -2.29253 
-1.09931 -2.30341 
-1.09717 -2.31433 
-1.09498 -2.32529 
-1.09274 -2.33629 
-1.09044 -2.34732 
-1.08808 -2.35839 
-1.08567 -2.3695 
-1.08319 -2.38065 
-1.08066 -2.39184 
-1.07808 -2.40306 
-1.07543 -2.41432 
-1.07272 -2.42562 
-1.06995 -2.43696 
-1.06712 -2.44834 
-1.06423 -2.45976 
-1.06128 -2.47121 
-1.05826 -2.48271 
-1.05518 -2.49424 
-1.05204 -2.50581 
-1.04883 -2.51742 
-1.04556 -2.52907 
-1.04222 -2.54076 
-1.03882 -2.55249 
-1.03535 -2.56426 
-1.03181 -2.57606 
-1.0282 -2.58791 
-1.02453 -2.5998 
-1.02078 -2.61172 
-1.01697 -2.62369 
-1.01308 -2.63569 
-1.00912 -2.64774 
-1.0051 -2.65982 
-1.001 -2.67195 
-0.996822 -2.68412 
-0.992574 -2.69632 
-0.988252 -2.70857 
-0.983854 -2.72085 
-0.979381 -2.73318 
-0.974831 -2.74555 
-0.970204 -2.75795 
-0.965499 -2.7704 
-0.960715 -2.78289 
-0.955852 -2.79542 
-0.95091 -2.80799 
-0.945886 -2.8206 
-0.940781 -2.83325 
-0.935595 -2.84594 
-0.930325 -2.85868 
-0.924972 -2.87145 
-0.919534 -2.88427 
-0.914011 -2.89712 
-0.908403 -2.91002 
-0.902708 -2.92296 
-0.896926 -2.93594 
-0.891056 -2.94896 
-0.885098 -2.96203 
-0.879049 -2.97513 
-0.872911 -2.98828 
-0.866681 -3.00147 
-0.86036 -3.0147 
-0.853945 -3.02797 
-0.847438 -3.04128 
-0.840836 -3.05464 
-0.834139 -3.06803 
-0.827347 -3.08147 
