-0.1 -0.1 
-0.101191 -0.0996135 
-0.102385 -0.0992341 
-0.103581 -0.0988619 
-0.10478 -0.0984967 
-0.105981 -0.0981386 
-0.107184 -0.0977877 
-0.10839 -0.097444 
-0.109599 -0.0971074 
-0.11081 -0.096778 
-0.112023 -0.0964558 
-0.113239 -0.0961409 
-0.114458 -0.0958332 
-0.115679 -0.0955328 
-0.116902 -0.0952396 
-0.118128 -0.0949538 
-0.119357 -0.0946752 
-0.120588 -0.094404 
-0.121821 -0.0941401 
-0.123057 -0.0938836 
-0.124296 -0.0936344 
-0.125537 -0.0933926 
-0.126781 -0.0931583 
-0.128027 -0.0929314 
-0.129276 -0.0927119 
-0.130527 -0.0924999 
-0.131781 -0.0922953 
-0.133037 -0.0920983 
-0.134296 -0.0919087 
-0.135557 -0.0917267 
-0.136821 -0.0915523 
-0.138088 -0.0913854 
-0.139357 -0.091226 
-0.140628 -0.0910743 
-0.141903 -0.0909302 
-0.14318 -0.0907937 
-0.144459 -0.0906648 
-0.145741 -0.0905436 
-0.147025 -0.0904301 
-0.148313 -0.0903243 
-0.149602 -0.0902262 
-0.150895 -0.0901358 
-0.15219 -0.0900532 
-0.153487 -0.0899783 
-0.154788 -0.0899112 
-0.15609 -0.0898519 
-0.157396 -0.0898005 
-0.158704 -0.0897568 
-0.160014 -0.089721 
-0.161328 -0.0896931 
-0.162644 -0.089673 
-0.163962 -0.0896609 
-0.165283 -0.0896567 
-0.166607 -0.0896604 
-0.167934 -0.089672 
-0.169263 -0.0896917 
-0.170595 -0.0897193 
-0.171929 -0.0897549 
-0.173266 -0.0897986 
-0.174606 -0.0898502 
-0.175949 -0.08991 
-0.177294 -0.0899778 
-0.178642 -0.0900537 
-0.179992 -0.0901377 
-0.181345 -0.0902299 
-0.182701 -0.0903302 
-0.18406 -0.0904386 
-0.185421 -0.0905552 
-0.186785 -0.0906801 
-0.188152 -0.0908131 
-0.189521 -0.0909544 
-0.190893 -0.0911039 
-0.192268 -0.0912617 
-0.193646 -0.0914278 
-0.195026 -0.0916022 
-0.196409 -0.0917849 
-0.197795 -0.091976 
-0.199183 -0.0921754 
-0.200575 -0.0923832 
-0.201969 -0.0925993 
-0.203365 -0.0928239 
-0.204765 -0.093057 
-0.206167 -0.0932984 
-0.207572 -0.0935484 
-0.20898 -0.0938068 
-0.21039 -0.0940737 
-0.211804 -0.0943492 
-0.21322 -0.0946332 
-0.214639 -0.0949258 
-0.21606 -0.0952269 
-0.217485 -0.0955366 
-0.218912 -0.095855 
-0.220342 -0.096182 
-0.221775 -0.0965176 
-0.223211 -0.0968619 
-0.224649 -0.0972149 
-0.22609 -0.0975766 
-0.227534 -0.097947 
-0.228981 -0.0983262 
-0.230431 -0.0987141 
-0.231883 -0.0991109 
-0.233339 -0.0995164 
-0.234797 -0.0999307 
-0.236258 -0.100354 
-0.237722 -0.100786 
-0.239189 -0.101227 
-0.240658 -0.101677 
-0.242131 -0.102135 
-0.243606 -0.102603 
-0.245084 -0.10308 
-0.246565 -0.103565 
-0.248049 -0.10406 
-0.249535 -0.104564 
-0.251025 -0.105076 
-0.252517 -0.105598 
-0.254013 -0.106129 
-0.255511 -0.106669 
-0.257012 -0.107218 
-0.258516 -0.107776 
-0.260023 -0.108343 
-0.261533 -0.10892 
-0.263045 -0.109505 
-0.264561 -0.1101 
-0.266079 -0.110704 
-0.267601 -0.111318 
-0.269125 -0.11194 
-0.270652 -0.112572 
-0.272182 -0.113213 
-0.273715 -0.113864 
-0.275251 -0.114524 
-0.27679 -0.115193 
-0.278332 -0.115872 
-0.279876 -0.11656 
-0.281424 -0.117258 
-0.282975 -0.117965 
-0.284528 -0.118681 
-0.286085 -0.119407 
-0.287644 -0.120143 
-0.289206 -0.120888 
-0.290772 -0.121642 
-0.29234 -0.122407 
-0.293911 -0.123181 
-0.295485 -0.123964 
-0.297062 -0.124757 
-0.298642 -0.12556 
-0.300225 -0.126372 
-0.301811 -0.127195 
-0.3034 -0.128026 
-0.304992 -0.128868 
-0.306587 -0.12972 
-0.308185 -0.130581 
-0.309785 -0.131452 
-0.311389 -0.132333 
-0.312996 -0.133224 
-0.314606 -0.134124 
-0.316218 -0.135035 
-0.317834 -0.135955 
-0.319453 -0.136886 
-0.321074 -0.137826 
-0.322699 -0.138777 
-0.324327 -0.139737 
-0.325957 -0.140708 
-0.327591 -0.141688 
-0.329228 -0.142679 
-0.330867 -0.14368 
-0.33251 -0.144691 
-0.334155 -0.145712 
-0.335804 -0.146743 
-0.337455 -0.147784 
-0.33911 -0.148836 
-0.340768 -0.149898 
-0.342428 -0.15097 
-0.344092 -0.152053 
-0.345758 -0.153146 
-0.347428 -0.154249 
-0.3491 -0.155362 
-0.350776 -0.156486 
-0.352455 -0.157621 
-0.354136 -0.158765 
-0.355821 -0.159921 
-0.357508 -0.161086 
-0.359199 -0.162263 
-0.360892 -0.16345 
-0.362589 -0.164647 
-0.364289 -0.165855 
-0.365991 -0.167073 
-0.367697 -0.168303 
-0.369405 -0.169542 
-0.371117 -0.170793 
-0.372831 -0.172054 
-0.374549 -0.173326 
-0.376269 -0.174609 
-0.377993 -0.175902 
-0.37972 -0.177207 
-0.381449 -0.178522 
-0.383182 -0.179848 
-0.384917 -0.181185 
-0.386656 -0.182532 
-0.388397 -0.183891 
-0.390142 -0.185261 
-0.391889 -0.186642 
-0.393639 -0.188033 
-0.395393 -0.189436 
-0.397149 -0.19085 
-0.398909 -0.192275 
-0.400671 -0.193711 
-0.402436 -0.195158 
-0.404205 -0.196616 
-0.405976 -0.198085 
-0.40775 -0.199566 
-0.409527 -0.201058 
-0.411307 -0.202561 
-0.41309 -0.204076 
-0.414876 -0.205602 
-0.416665 -0.207139 
-0.418457 -0.208688 
-0.420252 -0.210248 
-0.42205 -0.211819 
-0.42385 -0.213402 
-0.425654 -0.214996 
-0.427461 -0.216602 
-0.42927 -0.21822 
-0.431082 -0.219849 
-0.432898 -0.221489 
-0.434716 -0.223142 
-0.436537 -0.224805 
-0.438361 -0.226481 
-0.440188 -0.228168 
-0.442018 -0.229867 
-0.44385 -0.231578 
-0.445686 -0.233301 
-0.447524 -0.235035 
-0.449365 -0.236782 
-0.451209 -0.23854 
-0.453056 -0.24031 
-0.454906 -0.242092 
-0.456759 -0.243886 
-0.458614 -0.245692 
-0.460473 -0.24751 
-0.462334 -0.24934 
-0.464198 -0.251183 
-0.466064 -0.253037 
-0.467934 -0.254903 
-0.469806 -0.256782 
-0.471681 -0.258673 
-0.473559 -0.260576 
-0.47544 -0.262492 
-0.477323 -0.264419 
-0.479209 -0.266359 
-0.481098 -0.268312 
-0.482989 -0.270276 
-0.484884 -0.272254 
-0.486781 -0.274243 
-0.48868 -0.276245 
-0.490583 -0.27826 
-0.492488 -0.280287 
-0.494396 -0.282327 
-0.496306 -0.284379 
-0.498219 -0.286444 
-0.500135 -0.288522 
-0.502053 -0.290613 
-0.503974 -0.292716 
-0.505898 -0.294832 
-0.507824 -0.29696 
-0.509753 -0.299102 
-0.511684 -0.301256 
-0.513618 -0.303424 
-0.515554 -0.305604 
-0.517493 -0.307797 
-0.519435 -0.310003 
-0.521379 -0.312223 
-0.523325 -0.314455 
-0.525274 -0.3167 
-0.527226 -0.318959 
-0.52918 -0.32123 
-0.531136 -0.323515 
-0.533095 -0.325813 
-0.535056 -0.328125 
-0.53702 -0.330449 
-0.538986 -0.332787 
-0.540954 -0.335139 
-0.542925 -0.337503 
-0.544898 -0.339882 
-0.546874 -0.342273 
-0.548851 -0.344678 
-0.550831 -0.347097 
-0.552814 -0.349529 
-0.554798 -0.351975 
-0.556785 -0.354435 
-0.558774 -0.356908 
-0.560765 -0.359395 
-0.562759 -0.361895 
-0.564754 -0.36441 
-0.566752 -0.366938 
-0.568752 -0.36948 
-0.570754 -0.372036 
-0.572758 -0.374606 
-0.574765 -0.37719 
-0.576773 -0.379788 
-0.578783 -0.3824 
-0.580796 -0.385026 
-0.58281 -0.387666 
-0.584826 -0.39032 
-0.586845 -0.392988 
-0.588865 -0.395671 
-0.590887 -0.398368 
-0.592911 -0.401079 
-0.594937 -0.403805 
-0.596964 -0.406544 
-0.598994 -0.409299 
-0.601025 -0.412067 
-0.603059 -0.414851 
-0.605093 -0.417648 
-0.60713 -0.420461 
-0.609168 -0.423288 
-0.611208 -0.426129 
-0.61325 -0.428985 
-0.615293 -0.431856 
-0.617338 -0.434742 
-0.619385 -0.437642 
-0.621433 -0.440557 
-0.623482 -0.443488 
-0.625533 -0.446433 
-0.627586 -0.449393 
-0.62964 -0.452368 
-0.631695 -0.455358 
-0.633752 -0.458363 
-0.63581 -0.461383 
-0.637869 -0.464418 
-0.63993 -0.467469 
-0.641992 -0.470534 
-0.644055 -0.473615 
-0.646119 -0.476712 
-0.648185 -0.479823 
-0.650252 -0.48295 
-0.65232 -0.486093 
-0.654388 -0.489251 
-0.656458 -0.492424 
-0.658529 -0.495613 
-0.660601 -0.498818 
-0.662674 -0.502038 
-0.664748 -0.505274 
-0.666822 -0.508526 
-0.668898 -0.511793 
-0.670974 -0.515076 
-0.673051 -0.518375 
-0.675129 -0.52169 
-0.677207 -0.525021 
-0.679286 -0.528368 
-0.681366 -0.531731 
-0.683446 -0.53511 
-0.685527 -0.538505 
-0.687608 -0.541916 
-0.68969 -0.545344 
-0.691772 -0.548787 
-0.693855 -0.552247 
-0.695938 -0.555724 
-0.698021 -0.559216 
-0.700105 -0.562725 
-0.702188 -0.566251 
-0.704272 -0.569793 
-0.706356 -0.573351 
-0.70844 -0.576927 
-0.710524 -0.580518 
-0.712608 -0.584127 
-0.714692 -0.587752 
-0.716776 -0.591394 
-0.71886 -0.595053 
-0.720943 -0.598729 
-0.723026 -0.602421 
-0.725109 -0.606131 
-0.727192 -0.609857 
-0.729274 -0.613601 
-0.731356 -0.617362 
-0.733437 -0.62114 
-0.735518 -0.624935 
-0.737598 -0.628747 
-0.739678 -0.632576 
-0.741757 -0.636423 
-0.743835 -0.640288 
-0.745912 -0.644169 
-0.747989 -0.648069 
-0.750064 -0.651985 
-0.752139 -0.655919 
-0.754212 -0.659871 
-0.756285 -0.663841 
-0.758356 -0.667828 
-0.760426 -0.671833 
-0.762495 -0.675856 
-0.764562 -0.679897 
-0.766629 -0.683955 
-0.768693 -0.688032 
-0.770757 -0.692126 
-0.772818 -0.696239 
-0.774878 -0.70037 
-0.776937 -0.704519 
-0.778993 -0.708686 
-0.781048 -0.712871 
-0.783101 -0.717075 
-0.785152 -0.721297 
-0.787201 -0.725537 
-0.789248 -0.729796 
-0.791293 -0.734073 
-0.793336 -0.738369 
-0.795376 -0.742684 
-0.797414 -0.747017 
-0.799449 -0.751369 
-0.801483 -0.755739 
-0.803513 -0.760129 
-0.805541 -0.764537 
-0.807566 -0.768964 
-0.809589 -0.773411 
-0.811608 -0.777876 
-0.813625 -0.78236 
-0.815638 -0.786863 
-0.817649 -0.791386 
-0.819656 -0.795928 
-0.821661 -0.800489 
-0.823662 -0.805069 
-0.825659 -0.809669 
-0.827653 -0.814288 
-0.829643 -0.818927 
-0.83163 -0.823585 
-0.833613 -0.828263 
-0.835593 -0.832961 
-0.837568 -0.837678 
-0.839539 -0.842415 
-0.841507 -0.847172 
-0.84347 -0.851949 
-0.845429 -0.856745 
-0.847384 -0.861562 
-0.849334 -0.866398 
-0.85128 -0.871255 
-0.853221 -0.876132 
-0.855157 -0.881029 
-0.857089 -0.885946 
-0.859016 -0.890884 
-0.860938 -0.895842 
-0.862855 -0.90082 
-0.864766 -0.905819 
-0.866673 -0.910838 
-0.868574 -0.915878 
-0.870469 -0.920939 
-0.872359 -0.92602 
-0.874244 -0.931122 
-0.876122 -0.936245 
-0.877995 -0.941389 
-0.879862 -0.946554 
-0.881722 -0.951739 
-0.883577 -0.956946 
-0.885425 -0.962174 
-0.887267 -0.967423 
-0.889102 -0.972693 
-0.890931 -0.977984 
-0.892753 -0.983297 
-0.894568 -0.988631 
-0.896377 -0.993986 
-0.898178 -0.999363 
-0.899972 -1.00476 
-0.901759 -1.01018 
-0.903538 -1.01562 
-0.90531 -1.02109 
-0.907074 -1.02657 
-0.90883 -1.03208 
-0.910579 -1.03761 
-0.912319 -1.04316 
-0.914052 -1.04873 
-0.915776 -1.05433 
-0.917491 -1.05995 
-0.919199 -1.06559 
-0.920897 -1.07125 
-0.922587 -1.07693 
-0.924268 -1.08264 
-0.92594 -1.08837 
-0.927603 -1.09412 
-0.929256 -1.09989 
-0.9309 -1.10569 
-0.932535 -1.11151 
-0.934159 -1.11735 
-0.935774 -1.12322 
-0.937379 -1.1291 
-0.938974 -1.13501 
-0.940558 -1.14095 
-0.942133 -1.1469 
-0.943696 -1.15288 
-0.945249 -1.15889 
-0.946791 -1.16491 
-0.948322 -1.17096 
-0.949842 -1.17703 
-0.951351 -1.18313 
-0.952848 -1.18925 
-0.954333 -1.19539 
-0.955807 -1.20156 
-0.957269 -1.20775 
-0.958719 -1.21397 
-0.960156 -1.2202 
-0.961582 -1.22646 
-0.962994 -1.23275 
-0.964394 -1.23906 
-0.965781 -1.24539 
-0.967155 -1.25175 
-0.968516 -1.25813 
-0.969863 -1.26454 
-0.971197 -1.27097 
-0.972517 -1.27742 
-0.973824 -1.2839 
-0.975116 -1.29041 
-0.976394 -1.29694 
-0.977657 -1.30349 
-0.978906 -1.31007 
-0.98014 -1.31667 
-0.981359 -1.32329 
-0.982563 -1.32995 
-0.983752 -1.33662 
-0.984925 -1.34332 
-0.986083 -1.35005 
-0.987224 -1.3568 
-0.98835 -1.36358 
-0.989459 -1.37038 
-0.990552 -1.37721 
-0.991628 -1.38406 
-0.992687 -1.39094 
-0.993729 -1.39784 
-0.994754 -1.40477 
-0.995761 -1.41173 
-0.996751 -1.41871 
-0.997723 -1.42571 
-0.998676 -1.43275 
-0.999612 -1.4398 
-1.00053 -1.44689 
-1.00143 -1.454 
-1.00231 -1.46113 
-1.00317 -1.46829 
-1.00401 -1.47548 
-1.00483 -1.4827 
-1.00563 -1.48994 
-1.00641 -1.4972 
-1.00717 -1.5045 
-1.00791 -1.51182 
-1.00863 -1.51916 
-1.00933 -1.52654 
-1.01001 -1.53394 
-1.01066 -1.54136 
-1.0113 -1.54882 
-1.01191 -1.5563 
-1.0125 -1.5638 
-1.01307 -1.57134 
-1.01362 -1.5789 
-1.01414 -1.58649 
-1.01464 -1.5941 
-1.01512 -1.60174 
-1.01557 -1.60941 
-1.016 -1.61711 
-1.0164 -1.62484 
-1.01678 -1.63259 
-1.01714 -1.64037 
-1.01747 -1.64818 
-1.01778 -1.65601 
-1.01806 -1.66387 
-1.01831 -1.67176 
-1.01854 -1.67968 
-1.01874 -1.68763 
-1.01892 -1.6956 
-1.01907 -1.70361 
-1.01919 -1.71164 
-1.01929 -1.7197 
-1.01935 -1.72778 
-1.01939 -1.7359 
-1.0194 -1.74404 
-1.01939 -1.75222 
-1.01934 -1.76042 
-1.01927 -1.76865 
-1.01916 -1.7769 
-1.01903 -1.78519 
-1.01886 -1.79351 
-1.01867 -1.80185 
-1.01844 -1.81022 
-1.01819 -1.81863 
-1.0179 -1.82706 
-1.01758 -1.83552 
-1.01723 -1.84401 
-1.01685 -1.85252 
-1.01644 -1.86107 
-1.01599 -1.86965 
-1.01551 -1.87825 
-1.015 -1.88689 
-1.01445 -1.89556 
-1.01387 -1.90425 
-1.01325 -1.91297 
-1.0126 -1.92173 
-1.01192 -1.93051 
-1.0112 -1.93932 
-1.01044 -1.94817 
-1.00965 -1.95704 
-1.00882 -1.96594 
-1.00795 -1.97488 
-1.00705 -1.98384 
-1.00611 -1.99283 
-1.00513 -2.00186 
-1.00411 -2.01091 
-1.00306 -2.01999 
-1.00197 -2.02911 
-1.00083 -2.03825 
-0.99966 -2.04742 
-0.998448 -2.05663 
-0.997195 -2.06587 
-0.995901 -2.07513 
-0.994566 -2.08443 
-0.993189 -2.09376 
-0.991771 -2.10311 
-0.99031 -2.1125 
-0.988807 -2.12192 
-0.98726 -2.13137 
-0.98567 -2.14086 
-0.984036 -2.15037 
-0.982358 -2.15991 
-0.980635 -2.16949 
-0.978867 -2.17909 
-0.977053 -2.18873 
-0.975194 -2.1984 
-0.973288 -2.2081 
-0.971335 -2.21783 
-0.969336 -2.22759 
-0.967288 -2.23739 
-0.965193 -2.24721 
-0.963049 -2.25707 
-0.960856 -2.26696 
-0.958614 -2.27688 
-0.956322 -2.28683 
-0.95398 -2.29681 
-0.951587 -2.30683 
-0.949143 -2.31688 
-0.946648 -2.32695 
-0.9441 -2.33706 
-0.9415 -2.34721 
-0.938847 -2.35738 
-0.936141 -2.36759 
-0.933381 -2.37783 
-0.930566 -2.3881 
-0.927697 -2.3984 
-0.924772 -2.40873 
-0.921792 -2.4191 
-0.918755 -2.4295 
-0.915662 -2.43993 
-0.912511 -2.45039 
-0.909303 -2.46089 
-0.906036 -2.47142 
-0.902711 -2.48198 
-0.899327 -2.49257 
-0.895882 -2.50319 
-0.892378 -2.51385 
-0.888813 -2.52454 
-0.885186 -2.53526 
-0.881498 -2.54602 
-0.877748 -2.55681 
-0.873935 -2.56763 
-0.870058 -2.57848 
-0.866118 -2.58936 
-0.862113 -2.60028 
-0.858043 -2.61123 
-0.853908 -2.62222 
-0.849706 -2.63323 
-0.845438 -2.64428 
-0.841103 -2.65536 
-0.836701 -2.66648 
-0.83223 -2.67762 
-0.82769 -2.6888 
-0.823081 -2.70001 
-0.818402 -2.71126 
-0.813653 -2.72254 
-0.808832 -2.73385 
-0.80394 -2.74519 
-0.798976 -2.75657 
-0.793938 -2.76798 
-0.788828 -2.77942 
-0.783643 -2.79089 
-0.778384 -2.8024 
-0.77305 -2.81394 
-0.767639 -2.82551 
-0.762153 -2.83712 
-0.756589 -2.84876 
-0.750948 -2.86043 
-0.745229 -2.87213 
-0.739431 -2.88387 
-0.733553 -2.89564 
-0.727595 -2.90744 
-0.721557 -2.91928 
-0.715437 -2.93114 
-0.709235 -2.94304 
-0.702951 -2.95498 
-0.696583 -2.96694 
-0.690131 -2.97894 
-0.683595 -2.99097 
-0.676973 -3.00304 
-0.670266 -3.01513 
-0.663472 -3.02726 
-0.656591 -3.03942 
-0.649622 -3.05162 
-0.642565 -3.06384 
-0.635418 -3.0761 
-0.628181 -3.08839 
-0.620854 -3.10072 
-0.613436 -3.11307 
-0.605925 -3.12546 
-0.598322 -3.13788 
-0.590626 -3.15033 
-0.582835 -3.16282 
-0.57495 -3.17533 
-0.566969 -3.18788 
-0.558892 -3.20046 
-0.550719 -3.21308 
-0.542447 -3.22572 
-0.534078 -3.2384 
-0.525609 -3.2511 
-0.51704 -3.26384 
-0.508372 -3.27661 
-0.499601 -3.28941 
-0.490729 -3.30225 
-0.481754 -3.31511 
-0.472676 -3.32801 
-0.463493 -3.34094 
-0.454206 -3.35389 
-0.444813 -3.36688 
-0.435313 -3.3799 
-0.425706 -3.39296 
-0.415991 -3.40604 
-0.406168 -3.41915 
-0.396235 -3.43229 
-0.386191 -3.44547 
-0.376037 -3.45867 
-0.36577 -3.4719 
-0.355391 -3.48517 
-0.344899 -3.49846 
-0.334292 -3.51178 
-0.323571 -3.52514 
-0.312733 -3.53852 
-0.301779 -3.55193 
-0.290707 -3.56537 
-0.279518 -3.57884 
-0.268209 -3.59234 
-0.25678 -3.60587 
-0.245231 -3.61943 
-0.233561 -3.63302 
-0.221768 -3.64663 
-0.209852 -3.66027 
-0.197812 -3.67394 
-0.185647 -3.68764 
-0.173356 -3.70137 
-0.16094 -3.71512 
-0.148396 -3.7289 
-0.135724 -3.74271 
-0.122923 -3.75655 
-0.109992 -3.77041 
-0.0969302 -3.7843 
-0.0837372 -3.79822 
-0.070412 -3.81216 
-0.0569535 -3.82613 
-0.043361 -3.84012 
-0.0296336 -3.85414 
-0.0157705 -3.86818 
-0.00177073 -3.88225 
0.0123665 -3.89635 
0.0266421 -3.91047 
0.0410569 -3.92461 
0.0556118 -3.93878 
0.0703076 -3.95297 
0.0851453 -3.96719 
0.100126 -3.98143 
0.11525 -3.99569 
0.130518 -4.00998 
0.145932 -4.02428 
0.161492 -4.03862 
0.177199 -4.05297 
0.193054 -4.06734 
0.209058 -4.08174 
0.225212 -4.09615 
0.241516 -4.11059 
0.257972 -4.12505 
0.27458 -4.13953 
0.291342 -4.15403 
0.308258 -4.16854 
0.325329 -4.18308 
0.342556 -4.19764 
0.35994 -4.21221 
0.377481 -4.2268 
0.395182 -4.24141 
0.413041 -4.25604 
0.431062 -4.27068 
0.449243 -4.28534 
0.467587 -4.30002 
0.486094 -4.31471 
0.504766 -4.32942 
0.523602 -4.34414 
0.542603 -4.35888 
0.561772 -4.37363 
0.581108 -4.3884 
0.600613 -4.40317 
0.620287 -4.41796 
0.640131 -4.43277 
0.660146 -4.44758 
0.680334 -4.46241 
