1 0 
1.001 0.00700299 
1.002 0.0140119 
1.00301 0.0210266 
1.00402 0.0280471 
1.00503 0.0350732 
1.00604 0.0421049 
1.00705 0.0491421 
1.00807 0.0561847 
1.00909 0.0632327 
1.01012 0.0702858 
1.01114 0.0773442 
1.01217 0.0844076 
1.01321 0.091476 
1.01424 0.0985493 
1.01528 0.105627 
1.01633 0.11271 
1.01737 0.119798 
1.01843 0.12689 
1.01948 0.133987 
1.02054 0.141088 
1.0216 0.148193 
1.02267 0.155303 
1.02374 0.162417 
1.02482 0.169535 
1.0259 0.176657 
1.02698 0.183784 
1.02807 0.190914 
1.02917 0.198048 
1.03027 0.205185 
1.03137 0.212327 
1.03248 0.219472 
1.0336 0.22662 
1.03472 0.233772 
1.03585 0.240927 
1.03698 0.248086 
1.03812 0.255248 
1.03926 0.262413 
1.04041 0.269581 
1.04157 0.276753 
1.04273 0.283927 
1.0439 0.291104 
1.04508 0.298284 
1.04626 0.305467 
1.04745 0.312653 
1.04865 0.319841 
1.04985 0.327032 
1.05106 0.334225 
1.05228 0.341421 
1.0535 0.34862 
1.05473 0.35582 
1.05597 0.363023 
1.05722 0.370228 
1.05848 0.377436 
1.05974 0.384645 
1.06101 0.391857 
1.06229 0.39907 
1.06358 0.406286 
1.06488 0.413503 
1.06618 0.420722 
1.0675 0.427943 
1.06882 0.435166 
1.07015 0.44239 
1.07149 0.449616 
1.07284 0.456844 
1.0742 0.464073 
1.07557 0.471303 
1.07695 0.478535 
1.07833 0.485769 
1.07973 0.493003 
1.08114 0.500239 
1.08256 0.507477 
1.08398 0.514715 
1.08542 0.521955 
1.08687 0.529195 
1.08833 0.536437 
1.0898 0.54368 
1.09128 0.550923 
1.09277 0.558168 
1.09427 0.565413 
1.09579 0.57266 
1.09731 0.579907 
1.09885 0.587155 
1.1004 0.594404 
1.10196 0.601653 
1.10353 0.608903 
1.10511 0.616154 
1.10671 0.623405 
1.10832 0.630657 
1.10994 0.63791 
1.11157 0.645162 
1.11322 0.652416 
1.11488 0.65967 
1.11655 0.666924 
1.11823 0.674179 
1.11993 0.681434 
1.12164 0.688689 
1.12336 0.695945 
1.1251 0.703201 
1.12685 0.710457 
1.12862 0.717714 
1.1304 0.72497 
1.13219 0.732227 
1.134 0.739484 
1.13582 0.746742 
1.13766 0.753999 
1.13951 0.761256 
1.14138 0.768514 
1.14326 0.775772 
1.14515 0.783029 
1.14706 0.790287 
1.14899 0.797545 
1.15093 0.804803 
1.15289 0.812061 
1.15486 0.819319 
1.15685 0.826577 
1.15886 0.833834 
1.16088 0.841092 
1.16291 0.84835 
1.16497 0.855608 
1.16704 0.862866 
1.16912 0.870123 
1.17123 0.877381 
1.17335 0.884638 
1.17549 0.891896 
1.17764 0.899153 
1.17981 0.906411 
1.182 0.913668 
1.18421 0.920925 
1.18644 0.928182 
1.18868 0.935439 
1.19094 0.942696 
1.19322 0.949953 
1.19552 0.95721 
1.19784 0.964467 
1.20017 0.971724 
1.20253 0.978981 
1.2049 0.986237 
1.20729 0.993494 
1.2097 1.00075 
1.21213 1.00801 
1.21458 1.01526 
1.21705 1.02252 
1.21954 1.02978 
1.22205 1.03703 
1.22458 1.04429 
1.22713 1.05155 
1.2297 1.05881 
1.23229 1.06606 
1.2349 1.07332 
1.23754 1.08058 
1.24019 1.08784 
1.24286 1.09509 
1.24556 1.10235 
1.24828 1.10961 
1.25102 1.11687 
1.25378 1.12413 
1.25656 1.13139 
1.25936 1.13865 
1.26219 1.14591 
1.26504 1.15317 
1.26791 1.16043 
1.2708 1.16769 
1.27372 1.17495 
1.27666 1.18221 
1.27962 1.18947 
1.28261 1.19674 
1.28561 1.204 
1.28865 1.21126 
1.2917 1.21853 
1.29478 1.2258 
1.29789 1.23306 
1.30102 1.24033 
1.30417 1.2476 
1.30735 1.25487 
1.31055 1.26214 
1.31377 1.26941 
1.31703 1.27668 
1.3203 1.28395 
1.3236 1.29123 
1.32693 1.2985 
1.33028 1.30578 
1.33366 1.31305 
1.33707 1.32033 
1.3405 1.32761 
1.34395 1.33489 
1.34744 1.34218 
1.35095 1.34946 
1.35448 1.35674 
1.35805 1.36403 
1.36164 1.37132 
1.36525 1.37861 
1.3689 1.3859 
1.37257 1.3932 
1.37627 1.40049 
1.38 1.40779 
1.38375 1.41509 
1.38754 1.42239 
1.39135 1.42969 
1.39519 1.437 
1.39906 1.4443 
1.40296 1.45161 
1.40689 1.45893 
1.41085 1.46624 
1.41483 1.47356 
1.41885 1.48087 
1.42289 1.4882 
1.42697 1.49552 
1.43107 1.50285 
1.43521 1.51018 
1.43938 1.51751 
1.44357 1.52484 
1.4478 1.53218 
1.45206 1.53952 
1.45635 1.54686 
1.46067 1.55421 
1.46502 1.56156 
1.46941 1.56891 
1.47382 1.57627 
1.47827 1.58363 
1.48275 1.59099 
1.48727 1.59836 
1.49181 1.60573 
1.49639 1.61311 
1.501 1.62049 
1.50565 1.62787 
1.51032 1.63525 
1.51504 1.64264 
1.51978 1.65004 
1.52456 1.65744 
1.52937 1.66484 
1.53422 1.67224 
1.5391 1.67966 
1.54402 1.68707 
1.54897 1.69449 
1.55396 1.70192 
1.55898 1.70935 
1.56404 1.71678 
1.56913 1.72422 
1.57426 1.73166 
1.57943 1.73911 
1.58463 1.74657 
1.58987 1.75403 
1.59514 1.76149 
1.60045 1.76896 
1.6058 1.77644 
1.61119 1.78392 
1.61661 1.79141 
1.62207 1.7989 
1.62757 1.8064 
1.63311 1.81391 
1.63868 1.82142 
1.6443 1.82894 
1.64995 1.83646 
1.65564 1.84399 
1.66137 1.85153 
1.66714 1.85907 
1.67296 1.86662 
1.67881 1.87418 
1.6847 1.88174 
1.69063 1.88931 
1.6966 1.89689 
1.70261 1.90448 
1.70866 1.91207 
1.71476 1.91967 
1.72089 1.92727 
1.72707 1.93489 
1.73329 1.94251 
1.73955 1.95014 
1.74585 1.95778 
1.7522 1.96543 
1.75859 1.97308 
1.76502 1.98074 
1.77149 1.98841 
1.77801 1.99609 
1.78457 2.00378 
1.79118 2.01148 
1.79783 2.01918 
1.80453 2.0269 
1.81127 2.03462 
1.81805 2.04235 
1.82488 2.0501 
1.83176 2.05785 
1.83868 2.06561 
1.84564 2.07338 
1.85266 2.08116 
1.85972 2.08895 
1.86682 2.09675 
1.87398 2.10456 
1.88118 2.11238 
1.88843 2.12021 
1.89572 2.12805 
1.90307 2.1359 
1.91046 2.14376 
1.9179 2.15163 
1.92539 2.15952 
1.93293 2.16741 
1.94052 2.17532 
1.94815 2.18323 
1.95584 2.19116 
1.96358 2.1991 
1.97137 2.20705 
1.97921 2.21501 
1.9871 2.22299 
1.99504 2.23098 
2.00303 2.23898 
2.01108 2.24699 
2.01918 2.25501 
2.02733 2.26305 
2.03553 2.2711 
2.04378 2.27916 
2.05209 2.28723 
2.06045 2.29532 
2.06887 2.30342 
2.07734 2.31153 
2.08587 2.31966 
2.09445 2.3278 
2.10308 2.33596 
2.11177 2.34413 
2.12052 2.35231 
2.12932 2.36051 
2.13818 2.36872 
2.1471 2.37694 
2.15607 2.38518 
2.1651 2.39344 
2.17419 2.40171 
2.18333 2.40999 
2.19254 2.41829 
2.2018 2.42661 
2.21112 2.43494 
2.2205 2.44328 
2.22994 2.45164 
2.23944 2.46002 
2.249 2.46841 
2.25862 2.47682 
2.26831 2.48525 
2.27805 2.49369 
2.28786 2.50215 
2.29772 2.51062 
2.30765 2.51911 
2.31765 2.52762 
2.3277 2.53615 
2.33782 2.54469 
2.348 2.55325 
2.35825 2.56183 
2.36856 2.57042 
2.37894 2.57904 
2.38938 2.58767 
2.39989 2.59632 
2.41046 2.60498 
2.4211 2.61367 
2.43181 2.62238 
2.44258 2.6311 
2.45343 2.63984 
2.46434 2.6486 
2.47531 2.65738 
2.48636 2.66618 
2.49748 2.675 
2.50866 2.68384 
2.51992 2.6927 
2.53124 2.70158 
2.54264 2.71048 
2.55411 2.7194 
2.56565 2.72834 
2.57726 2.7373 
2.58894 2.74628 
2.6007 2.75528 
2.61253 2.7643 
2.62443 2.77335 
2.63641 2.78241 
2.64846 2.7915 
2.66059 2.80061 
2.67279 2.80974 
2.68507 2.81889 
2.69742 2.82807 
2.70985 2.83727 
2.72236 2.84649 
2.73495 2.85573 
2.74761 2.865 
2.76035 2.87429 
2.77318 2.8836 
2.78608 2.89293 
2.79906 2.90229 
2.81212 2.91168 
2.82526 2.92108 
2.83849 2.93051 
2.85179 2.93997 
2.86518 2.94945 
2.87865 2.95895 
2.89221 2.96848 
2.90585 2.97804 
2.91957 2.98761 
2.93338 2.99722 
2.94727 3.00685 
2.96125 3.0165 
2.97531 3.02619 
2.98946 3.03589 
3.0037 3.04563 
3.01803 3.05539 
3.03245 3.06517 
3.04695 3.07498 
3.06155 3.08482 
3.07623 3.09469 
3.091 3.10458 
3.10587 3.11451 
3.12083 3.12445 
3.13588 3.13443 
3.15102 3.14444 
3.16626 3.15447 
3.18159 3.16453 
3.19701 3.17462 
3.21253 3.18474 
3.22815 3.19488 
3.24386 3.20506 
3.25967 3.21527 
3.27558 3.2255 
3.29158 3.23577 
3.30768 3.24606 
3.32388 3.25638 
3.34019 3.26674 
3.35659 3.27712 
3.37309 3.28754 
3.3897 3.29798 
3.4064 3.30846 
3.42321 3.31897 
3.44013 3.32951 
3.45715 3.34008 
3.47427 3.35068 
3.4915 3.36132 
3.50883 3.37198 
3.52627 3.38268 
3.54382 3.39341 
3.56148 3.40418 
3.57925 3.41497 
3.59712 3.4258 
3.61511 3.43667 
3.6332 3.44756 
3.65141 3.4585 
3.66973 3.46946 
3.68816 3.48046 
3.70671 3.49149 
3.72537 3.50256 
3.74415 3.51366 
3.76304 3.5248 
3.78205 3.53597 
3.80118 3.54717 
3.82042 3.55842 
3.83978 3.56969 
3.85926 3.58101 
3.87887 3.59236 
3.89859 3.60374 
3.91844 3.61517 
3.9384 3.62663 
3.95849 3.63812 
3.97871 3.64966 
3.99905 3.66123 
4.01951 3.67284 
4.04011 3.68448 
4.06083 3.69617 
4.08167 3.70789 
4.10265 3.71965 
4.12376 3.73145 
4.14499 3.74329 
4.16636 3.75517 
4.18786 3.76708 
4.20949 3.77904 
4.23126 3.79103 
4.25316 3.80307 
4.2752 3.81515 
4.29738 3.82726 
4.31969 3.83942 
4.34214 3.85162 
4.36473 3.86385 
4.38745 3.87613 
4.41032 3.88845 
4.43334 3.90082 
4.45649 3.91322 
4.47979 3.92567 
4.50323 3.93816 
4.52682 3.95069 
4.55056 3.96326 
4.57444 3.97588 
4.59847 3.98854 
4.62265 4.00125 
4.64698 4.01399 
4.67146 4.02679 
4.6961 4.03962 
4.72088 4.0525 
4.74583 4.06543 
4.77092 4.0784 
4.79618 4.09141 
4.82159 4.10447 
4.84716 4.11758 
4.87288 4.13073 
4.89877 4.14393 
4.92482 4.15717 
4.95104 4.17046 
4.97741 4.1838 
5.00396 4.19718 
5.03066 4.21061 
5.05754 4.22409 
