0.1 -0.1 
0.0992091 -0.0984122 
0.0984162 -0.0968289 
0.0976215 -0.09525 
0.0968248 -0.0936756 
0.0960263 -0.0921056 
0.0952259 -0.0905402 
0.0944236 -0.0889793 
0.0936194 -0.087423 
0.0928134 -0.0858712 
0.0920054 -0.084324 
0.0911956 -0.0827813 
0.0903839 -0.0812433 
0.0895704 -0.0797099 
0.0887549 -0.0781812 
0.0879376 -0.0766571 
0.0871184 -0.0751377 
0.0862974 -0.073623 
0.0854745 -0.072113 
0.0846497 -0.0706077 
0.083823 -0.0691072 
0.0829945 -0.0676114 
0.0821641 -0.0661204 
0.0813319 -0.0646342 
0.0804978 -0.0631528 
0.0796619 -0.0616762 
0.0788241 -0.0602044 
0.0779844 -0.0587375 
0.0771429 -0.0572755 
0.0762996 -0.0558184 
0.0754544 -0.0543662 
0.0746073 -0.0529189 
0.0737584 -0.0514765 
0.0729076 -0.0500391 
0.072055 -0.0486066 
0.0712006 -0.0471791 
0.0703443 -0.0457567 
0.0694861 -0.0443392 
0.0686262 -0.0429268 
0.0677643 -0.0415194 
0.0669007 -0.040117 
0.0660351 -0.0387198 
0.0651678 -0.0373276 
0.0642986 -0.0359406 
0.0634276 -0.0345586 
0.0625547 -0.0331818 
0.06168 -0.0318102 
0.0608035 -0.0304437 
0.0599251 -0.0290824 
0.0590448 -0.0277263 
0.0581628 -0.0263754 
0.0572789 -0.0250297 
0.0563932 -0.0236893 
0.0555056 -0.0223541 
0.0546162 -0.0210242 
0.0537249 -0.0196996 
0.0528318 -0.0183803 
0.0519369 -0.0170663 
0.0510402 -0.0157577 
0.0501416 -0.0144544 
0.0492412 -0.0131564 
0.0483389 -0.0118638 
0.0474348 -0.0105766 
0.0465289 -0.00929482 
0.0456211 -0.00801844 
0.0447115 -0.0067475 
0.0438 -0.005482 
0.0428867 -0.00422196 
0.0419716 -0.0029674 
0.0410546 -0.00171833 
0.0401358 -0.000474756 
0.0392152 0.000763298 
0.0382927 0.00199582 
0.0373684 0.0032228 
0.0364422 0.00444422 
0.0355142 0.00566006 
0.0345843 0.00687032 
0.0336526 0.00807497 
0.032719 0.00927401 
0.0317836 0.0104674 
0.0308464 0.0116552 
0.0299073 0.0128373 
0.0289664 0.0140137 
0.0280236 0.0151845 
0.0270789 0.0163496 
0.0261324 0.0175089 
0.0251841 0.0186625 
0.0242338 0.0198104 
0.0232818 0.0209526 
0.0223279 0.0220889 
0.0213721 0.0232195 
0.0204144 0.0243443 
0.0194549 0.0254633 
0.0184935 0.0265765 
0.0175303 0.0276838 
0.0165652 0.0287853 
0.0155982 0.0298809 
0.0146294 0.0309707 
0.0136586 0.0320545 
0.0126861 0.0331325 
0.0117116 0.0342046 
0.0107352 0.0352707 
0.00975701 0.0363309 
0.00877691 0.0373852 
0.00779491 0.0384334 
0.00681104 0.0394757 
0.00582527 0.040512 
0.00483762 0.0415423 
0.00384808 0.0425666 
0.00285664 0.0435849 
0.0018633 0.0445971 
0.000868067 0.0456033 
-0.000129068 0.0466034 
-0.00112811 0.0475974 
-0.00212905 0.0485853 
-0.0031319 0.0495671 
-0.00413666 0.0505428 
-0.00514334 0.0515124 
-0.00615193 0.0524758 
-0.00716244 0.053433 
-0.00817487 0.0543841 
-0.00918923 0.055329 
-0.0102055 0.0562677 
-0.0112237 0.0572002 
-0.0122439 0.0581265 
-0.0132659 0.0590465 
-0.01429 0.0599603 
-0.0153159 0.0608678 
-0.0163438 0.0617691 
-0.0173737 0.0626641 
-0.0184054 0.0635528 
-0.0194392 0.0644351 
-0.0204749 0.0653112 
-0.0215126 0.0661809 
-0.0225522 0.0670443 
-0.0235938 0.0679013 
-0.0246373 0.0687519 
-0.0256829 0.0695962 
-0.0267304 0.070434 
-0.0277799 0.0712655 
-0.0288314 0.0720905 
-0.0298848 0.0729091 
-0.0309403 0.0737213 
-0.0319977 0.0745269 
-0.0330572 0.0753262 
-0.0341186 0.0761189 
-0.035182 0.0769051 
-0.0362475 0.0776849 
-0.037315 0.0784581 
-0.0383844 0.0792248 
-0.0394559 0.0799849 
-0.0405295 0.0807385 
-0.041605 0.0814855 
-0.0426826 0.082226 
-0.0437622 0.0829598 
-0.0448439 0.0836871 
-0.0459276 0.0844077 
-0.0470134 0.0851217 
-0.0481012 0.085829 
-0.049191 0.0865297 
-0.050283 0.0872238 
-0.051377 0.0879111 
-0.052473 0.0885918 
-0.0535711 0.0892657 
-0.0546714 0.089933 
-0.0557737 0.0905935 
-0.056878 0.0912473 
-0.0579845 0.0918943 
-0.0590931 0.0925346 
-0.0602038 0.0931681 
-0.0613166 0.0937948 
-0.0624314 0.0944147 
-0.0635484 0.0950277 
-0.0646676 0.095634 
-0.0657888 0.0962334 
-0.0669122 0.096826 
-0.0680377 0.0974117 
-0.0691654 0.0979906 
-0.0702952 0.0985625 
-0.0714271 0.0991276 
-0.0725612 0.0996858 
-0.0736975 0.100237 
-0.0748359 0.100781 
-0.0759765 0.101319 
-0.0771193 0.101849 
-0.0782643 0.102372 
-0.0794114 0.102889 
-0.0805608 0.103398 
-0.0817123 0.103901 
-0.082866 0.104396 
-0.084022 0.104885 
-0.0851801 0.105366 
-0.0863405 0.10584 
-0.0875031 0.106307 
-0.0886679 0.106768 
-0.0898349 0.107221 
-0.0910042 0.107667 
-0.0921758 0.108105 
-0.0933496 0.108537 
-0.0945256 0.108962 
-0.0957039 0.109379 
-0.0968845 0.109789 
-0.0980674 0.110192 
-0.0992525 0.110588 
-0.10044 0.110977 
-0.10163 0.111358 
-0.102822 0.111732 
-0.104016 0.112099 
-0.105213 0.112459 
-0.106411 0.112812 
-0.107613 0.113157 
-0.108816 0.113495 
-0.110022 0.113825 
-0.111231 0.114148 
-0.112441 0.114464 
-0.113654 0.114773 
-0.114869 0.115074 
-0.116087 0.115368 
-0.117307 0.115654 
-0.11853 0.115934 
-0.119754 0.116205 
-0.120982 0.116469 
-0.122211 0.116726 
-0.123443 0.116976 
-0.124678 0.117218 
-0.125914 0.117452 
-0.127154 0.117679 
-0.128395 0.117899 
-0.129639 0.118111 
-0.130886 0.118315 
-0.132135 0.118512 
-0.133386 0.118701 
-0.13464 0.118883 
-0.135897 0.119057 
-0.137156 0.119224 
-0.138417 0.119383 
-0.139681 0.119534 
-0.140947 0.119678 
-0.142216 0.119814 
-0.143487 0.119943 
-0.144761 0.120064 
-0.146037 0.120177 
-0.147316 0.120282 
-0.148598 0.12038 
-0.149882 0.12047 
-0.151168 0.120553 
-0.152457 0.120627 
-0.153749 0.120694 
-0.155043 0.120753 
-0.15634 0.120804 
-0.157639 0.120848 
-0.158941 0.120883 
-0.160246 0.120911 
-0.161553 0.120931 
-0.162863 0.120943 
-0.164175 0.120948 
-0.16549 0.120944 
-0.166808 0.120932 
-0.168128 0.120913 
-0.169451 0.120886 
-0.170777 0.12085 
-0.172105 0.120807 
-0.173436 0.120756 
-0.17477 0.120697 
-0.176106 0.12063 
-0.177445 0.120554 
-0.178787 0.120471 
-0.180131 0.12038 
-0.181478 0.120281 
-0.182828 0.120173 
-0.184181 0.120058 
-0.185536 0.119934 
-0.186894 0.119803 
-0.188255 0.119663 
-0.189619 0.119515 
-0.190985 0.119359 
-0.192354 0.119195 
-0.193726 0.119022 
-0.195101 0.118842 
-0.196478 0.118653 
-0.197858 0.118456 
-0.199241 0.11825 
-0.200627 0.118037 
-0.202016 0.117815 
-0.203408 0.117585 
-0.204802 0.117346 
-0.206199 0.1171 
-0.207599 0.116845 
-0.209002 0.116581 
-0.210408 0.116309 
-0.211817 0.116029 
-0.213229 0.115741 
-0.214643 0.115444 
-0.216061 0.115138 
-0.217481 0.114824 
-0.218904 0.114502 
-0.22033 0.114171 
-0.221759 0.113832 
-0.223191 0.113484 
-0.224626 0.113128 
-0.226064 0.112763 
-0.227505 0.11239 
-0.228949 0.112008 
-0.230396 0.111617 
-0.231846 0.111218 
-0.233299 0.11081 
-0.234754 0.110394 
-0.236213 0.109969 
-0.237675 0.109535 
-0.23914 0.109093 
-0.240608 0.108642 
-0.242079 0.108182 
-0.243553 0.107713 
-0.24503 0.107236 
-0.24651 0.10675 
-0.247993 0.106255 
-0.249479 0.105752 
-0.250969 0.105239 
-0.252461 0.104718 
-0.253956 0.104188 
-0.255455 0.103649 
-0.256957 0.103101 
-0.258462 0.102544 
-0.25997 0.101978 
-0.261481 0.101403 
-0.262995 0.10082 
-0.264512 0.100227 
-0.266033 0.0996255 
-0.267557 0.0990149 
-0.269084 0.0983952 
-0.270614 0.0977665 
-0.272147 0.0971287 
-0.273683 0.0964818 
-0.275223 0.0958259 
-0.276766 0.0951608 
-0.278312 0.0944866 
-0.279861 0.0938032 
-0.281414 0.0931106 
-0.28297 0.0924089 
-0.284529 0.0916979 
-0.286091 0.0909777 
-0.287656 0.0902483 
-0.289225 0.0895095 
-0.290797 0.0887615 
-0.292373 0.0880042 
-0.293951 0.0872376 
-0.295533 0.0864616 
-0.297118 0.0856762 
-0.298707 0.0848815 
-0.300299 0.0840773 
-0.301894 0.0832637 
-0.303493 0.0824407 
-0.305094 0.0816082 
-0.3067 0.0807662 
-0.308308 0.0799148 
-0.30992 0.0790538 
-0.311535 0.0781832 
-0.313154 0.0773031 
-0.314776 0.0764134 
-0.316401 0.0755141 
-0.31803 0.0746052 
-0.319662 0.0736866 
-0.321298 0.0727584 
-0.322937 0.0718204 
-0.32458 0.0708728 
-0.326225 0.0699154 
-0.327875 0.0689483 
-0.329527 0.0679714 
-0.331183 0.0669847 
-0.332843 0.0659882 
-0.334506 0.0649819 
-0.336173 0.0639657 
-0.337843 0.0629396 
-0.339516 0.0619037 
-0.341193 0.0608578 
-0.342874 0.0598019 
-0.344557 0.0587361 
-0.346245 0.0576603 
-0.347936 0.0565745 
-0.34963 0.0554787 
-0.351328 0.0543728 
-0.35303 0.0532568 
-0.354735 0.0521308 
-0.356443 0.0509946 
-0.358155 0.0498483 
-0.359871 0.0486917 
-0.36159 0.0475251 
-0.363313 0.0463481 
-0.365039 0.045161 
-0.366769 0.0439636 
-0.368502 0.0427559 
-0.370239 0.0415379 
-0.37198 0.0403096 
-0.373724 0.0390709 
-0.375471 0.0378218 
-0.377223 0.0365624 
-0.378978 0.0352925 
-0.380736 0.0340121 
-0.382498 0.0327213 
-0.384264 0.03142 
-0.386033 0.0301082 
-0.387806 0.0287858 
-0.389583 0.0274528 
-0.391363 0.0261093 
-0.393147 0.0247551 
-0.394934 0.0233903 
-0.396726 0.0220148 
-0.39852 0.0206286 
-0.400319 0.0192317 
-0.402121 0.017824 
-0.403927 0.0164056 
-0.405736 0.0149764 
-0.407549 0.0135363 
-0.409366 0.0120854 
-0.411186 0.0106236 
-0.41301 0.00915091 
-0.414838 0.0076673 
-0.41667 0.00617273 
-0.418505 0.00466718 
-0.420344 0.00315062 
-0.422186 0.00162302 
-0.424032 8.43683e-05 
-0.425882 -0.00146537 
-0.427736 -0.00302623 
-0.429593 -0.00459823 
-0.431454 -0.0061814 
-0.433319 -0.00777577 
-0.435187 -0.00938136 
-0.43706 -0.0109982 
-0.438935 -0.0126263 
-0.440815 -0.0142658 
-0.442698 -0.0159165 
-0.444585 -0.0175787 
-0.446476 -0.0192522 
-0.44837 -0.0209371 
-0.450269 -0.0226335 
-0.452171 -0.0243414 
-0.454076 -0.0260607 
-0.455985 -0.0277917 
-0.457899 -0.0295341 
-0.459815 -0.0312882 
-0.461736 -0.0330539 
-0.46366 -0.0348312 
-0.465588 -0.0366202 
-0.46752 -0.038421 
-0.469455 -0.0402334 
-0.471394 -0.0420577 
-0.473337 -0.0438937 
-0.475284 -0.0457416 
-0.477234 -0.0476013 
-0.479188 -0.0494729 
-0.481146 -0.0513565 
-0.483108 -0.053252 
-0.485073 -0.0551595 
-0.487042 -0.0570789 
-0.489014 -0.0590105 
-0.490991 -0.0609541 
-0.492971 -0.0629098 
-0.494955 -0.0648777 
-0.496942 -0.0668577 
-0.498934 -0.0688499 
-0.500929 -0.0708544 
-0.502927 -0.0728711 
-0.50493 -0.0749002 
-0.506936 -0.0769415 
-0.508946 -0.0789952 
-0.510959 -0.0810614 
-0.512976 -0.0831399 
-0.514997 -0.0852309 
-0.517022 -0.0873344 
-0.51905 -0.0894504 
-0.521082 -0.091579 
-0.523118 -0.0937202 
-0.525157 -0.095874 
-0.5272 -0.0980405 
-0.529246 -0.10022 
-0.531297 -0.102412 
-0.533351 -0.104616 
-0.535408 -0.106834 
-0.537469 -0.109064 
-0.539534 -0.111307 
-0.541603 -0.113563 
-0.543675 -0.115832 
-0.545751 -0.118114 
-0.54783 -0.120409 
-0.549913 -0.122717 
-0.552 -0.125038 
-0.55409 -0.127372 
-0.556183 -0.12972 
-0.558281 -0.13208 
-0.560382 -0.134454 
-0.562486 -0.136841 
-0.564594 -0.139241 
-0.566706 -0.141655 
-0.568821 -0.144082 
-0.57094 -0.146522 
-0.573062 -0.148976 
-0.575187 -0.151443 
-0.577317 -0.153924 
-0.579449 -0.156419 
-0.581585 -0.158927 
