0.2 0.2 
0.19944 0.202158 
0.198879 0.204312 
0.198319 0.206461 
0.197758 0.208606 
0.197197 0.210747 
0.196636 0.212884 
0.196074 0.215016 
0.195512 0.217144 
0.19495 0.219268 
0.194388 0.221387 
0.193826 0.223502 
0.193264 0.225613 
0.192701 0.22772 
0.192138 0.229822 
0.191575 0.23192 
0.191012 0.234013 
0.190449 0.236102 
0.189885 0.238187 
0.189322 0.240268 
0.188758 0.242344 
0.188194 0.244415 
0.18763 0.246482 
0.187066 0.248545 
0.186502 0.250604 
0.185938 0.252658 
0.185374 0.254707 
0.184809 0.256752 
0.184245 0.258793 
0.18368 0.260829 
0.183115 0.262861 
0.182551 0.264889 
0.181986 0.266912 
0.181421 0.26893 
0.180856 0.270944 
0.180291 0.272953 
0.179726 0.274958 
0.179161 0.276959 
0.178596 0.278955 
0.178031 0.280946 
0.177466 0.282933 
0.176901 0.284916 
0.176336 0.286894 
0.175771 0.288867 
0.175206 0.290836 
0.174641 0.292801 
0.174076 0.294761 
0.173511 0.296716 
0.172947 0.298667 
0.172382 0.300613 
0.171817 0.302554 
0.171252 0.304492 
0.170687 0.306424 
0.170123 0.308352 
0.169558 0.310275 
0.168993 0.312194 
0.168429 0.314108 
0.167864 0.316018 
0.1673 0.317923 
0.166736 0.319823 
0.166172 0.321719 
0.165607 0.32361 
0.165043 0.325497 
0.16448 0.327379 
0.163916 0.329256 
0.163352 0.331129 
0.162788 0.332997 
0.162225 0.334861 
0.161662 0.33672 
0.161098 0.338574 
0.160535 0.340424 
0.159972 0.342269 
0.159409 0.344109 
0.158847 0.345945 
0.158284 0.347776 
0.157722 0.349602 
0.157159 0.351424 
0.156597 0.353241 
0.156035 0.355054 
0.155474 0.356862 
0.154912 0.358665 
0.154351 0.360463 
0.153789 0.362257 
0.153228 0.364046 
0.152667 0.365831 
0.152107 0.367611 
0.151546 0.369386 
0.150986 0.371156 
0.150425 0.372922 
0.149865 0.374683 
0.149306 0.37644 
0.148746 0.378191 
0.148187 0.379939 
0.147628 0.381681 
0.147069 0.383419 
0.14651 0.385152 
0.145951 0.38688 
0.145393 0.388604 
0.144835 0.390323 
0.144277 0.392037 
0.143719 0.393747 
0.143162 0.395452 
0.142605 0.397152 
0.142048 0.398848 
0.141491 0.400538 
0.140935 0.402225 
0.140378 0.403906 
0.139822 0.405583 
0.139267 0.407255 
0.138711 0.408922 
0.138156 0.410585 
0.137601 0.412243 
0.137046 0.413896 
0.136492 0.415545 
0.135938 0.417189 
0.135384 0.418828 
0.13483 0.420463 
0.134277 0.422092 
0.133723 0.423718 
0.133171 0.425338 
0.132618 0.426954 
0.132066 0.428565 
0.131514 0.430171 
0.130962 0.431773 
0.13041 0.43337 
0.129859 0.434962 
0.129308 0.43655 
0.128757 0.438133 
0.128207 0.439711 
0.127657 0.441285 
0.127107 0.442853 
0.126558 0.444418 
0.126008 0.445977 
0.125459 0.447532 
0.124911 0.449082 
0.124362 0.450628 
0.123814 0.452168 
0.123267 0.453704 
0.122719 0.455236 
0.122172 0.456763 
0.121625 0.458285 
0.121079 0.459802 
0.120532 0.461315 
0.119986 0.462823 
0.119441 0.464326 
0.118895 0.465825 
0.11835 0.467319 
0.117805 0.468808 
0.117261 0.470293 
0.116717 0.471773 
0.116173 0.473248 
0.115629 0.474719 
0.115086 0.476185 
0.114543 0.477647 
0.114001 0.479104 
0.113458 0.480556 
0.112916 0.482003 
0.112375 0.483446 
0.111833 0.484884 
0.111292 0.486318 
0.110751 0.487747 
0.110211 0.489171 
0.109671 0.490591 
0.109131 0.492006 
0.108592 0.493416 
0.108052 0.494822 
0.107513 0.496223 
0.106975 0.49762 
0.106437 0.499012 
0.105899 0.500399 
0.105361 0.501782 
0.104824 0.50316 
0.104287 0.504533 
0.10375 0.505902 
0.103214 0.507266 
0.102677 0.508626 
0.102142 0.509981 
0.101606 0.511331 
0.101071 0.512677 
0.100536 0.514019 
0.100002 0.515355 
0.0994673 0.516687 
0.0989333 0.518015 
0.0983997 0.519338 
0.0978664 0.520656 
0.0973333 0.52197 
0.0968006 0.523279 
0.0962682 0.524584 
0.095736 0.525884 
0.0952042 0.52718 
0.0946727 0.528471 
0.0941415 0.529757 
0.0936105 0.531039 
0.0930799 0.532317 
0.0925496 0.53359 
0.0920196 0.534858 
0.0914898 0.536122 
0.0909604 0.537381 
0.0904312 0.538636 
0.0899023 0.539886 
0.0893738 0.541131 
0.0888455 0.542373 
0.0883175 0.543609 
0.0877898 0.544841 
0.0872624 0.546069 
0.0867352 0.547292 
0.0862084 0.548511 
0.0856818 0.549725 
0.0851555 0.550935 
0.0846295 0.55214 
0.0841037 0.55334 
0.0835782 0.554537 
0.083053 0.555728 
0.0825281 0.556916 
0.0820035 0.558098 
0.0814791 0.559277 
0.080955 0.560451 
0.0804311 0.56162 
0.0799075 0.562785 
0.0793842 0.563945 
0.0788611 0.565101 
0.0783383 0.566253 
0.0778158 0.5674 
0.0772935 0.568543 
0.0767714 0.569681 
0.0762496 0.570815 
0.0757281 0.571945 
0.0752068 0.57307 
0.0746857 0.57419 
0.0741649 0.575306 
0.0736443 0.576418 
0.073124 0.577526 
0.0726039 0.578629 
0.072084 0.579727 
0.0715644 0.580822 
0.071045 0.581911 
0.0705258 0.582997 
0.0700069 0.584078 
0.0694881 0.585155 
0.0689696 0.586227 
0.0684513 0.587295 
0.0679333 0.588359 
0.0674154 0.589418 
0.0668978 0.590473 
0.0663803 0.591523 
0.0658631 0.592569 
0.065346 0.593611 
0.0648292 0.594649 
0.0643126 0.595682 
0.0637961 0.596711 
0.0632799 0.597736 
0.0627638 0.598756 
0.062248 0.599772 
0.0617323 0.600783 
0.0612168 0.601791 
0.0607014 0.602794 
0.0601863 0.603792 
0.0596713 0.604787 
0.0591565 0.605777 
0.0586419 0.606763 
0.0581274 0.607744 
0.0576131 0.608721 
0.0570989 0.609694 
0.0565849 0.610663 
0.0560711 0.611628 
0.0555574 0.612588 
0.0550438 0.613544 
0.0545304 0.614496 
0.0540172 0.615443 
0.053504 0.616386 
0.0529911 0.617325 
0.0524782 0.61826 
0.0519655 0.61919 
0.0514528 0.620117 
0.0509404 0.621039 
0.050428 0.621957 
0.0499157 0.62287 
0.0494036 0.62378 
0.0488915 0.624685 
0.0483796 0.625586 
0.0478678 0.626483 
0.047356 0.627375 
0.0468444 0.628264 
0.0463328 0.629148 
0.0458214 0.630028 
0.04531 0.630904 
0.0447987 0.631776 
0.0442875 0.632643 
0.0437763 0.633507 
0.0432652 0.634366 
0.0427542 0.635221 
0.0422433 0.636072 
0.0417324 0.636919 
0.0412215 0.637761 
0.0407107 0.6386 
0.0402 0.639434 
0.0396893 0.640265 
0.0391786 0.641091 
0.038668 0.641913 
0.0381574 0.642731 
0.0376468 0.643544 
0.0371363 0.644354 
0.0366258 0.64516 
0.0361153 0.645961 
0.0356048 0.646759 
0.0350943 0.647552 
0.0345838 0.648341 
0.0340733 0.649126 
0.0335628 0.649907 
0.0330523 0.650684 
0.0325418 0.651457 
0.0320313 0.652226 
0.0315207 0.652991 
0.0310101 0.653751 
0.0304995 0.654508 
0.0299889 0.655261 
0.0294782 0.656009 
0.0289675 0.656754 
0.0284567 0.657494 
0.0279459 0.658231 
0.027435 0.658963 
0.0269241 0.659691 
0.0264131 0.660416 
0.0259021 0.661136 
0.0253909 0.661852 
0.0248797 0.662565 
0.0243684 0.663273 
0.0238571 0.663977 
0.0233456 0.664677 
0.022834 0.665374 
0.0223224 0.666066 
0.0218106 0.666754 
0.0212987 0.667439 
0.0207868 0.668119 
0.0202746 0.668795 
0.0197624 0.669468 
0.0192501 0.670136 
0.0187376 0.6708 
0.018225 0.671461 
0.0177122 0.672117 
0.0171993 0.67277 
0.0166862 0.673419 
0.016173 0.674063 
0.0156597 0.674704 
0.0151461 0.675341 
0.0146324 0.675974 
0.0141185 0.676602 
0.0136045 0.677227 
0.0130902 0.677848 
0.0125758 0.678465 
0.0120611 0.679079 
0.0115463 0.679688 
0.0110313 0.680293 
0.010516 0.680895 
0.0100006 0.681492 
0.0094849 0.682086 
0.008969 0.682676 
0.00845287 0.683261 
0.0079365 0.683843 
0.00741989 0.684421 
0.00690304 0.684995 
0.00638594 0.685566 
0.00586858 0.686132 
0.00535097 0.686695 
0.00483309 0.687253 
0.00431493 0.687808 
0.0037965 0.688359 
0.00327779 0.688906 
0.0027588 0.689449 
0.00223951 0.689988 
0.00171992 0.690524 
0.00120003 0.691055 
0.000679832 0.691583 
0.000159321 0.692107 
-0.000361508 0.692627 
-0.000882662 0.693143 
-0.00140415 0.693655 
-0.00192597 0.694164 
-0.00244812 0.694669 
-0.00297063 0.695169 
-0.00349349 0.695666 
-0.0040167 0.69616 
-0.00454028 0.696649 
-0.00506423 0.697134 
-0.00558855 0.697616 
-0.00611325 0.698094 
-0.00663833 0.698568 
-0.00716381 0.699038 
-0.00768968 0.699505 
-0.00821595 0.699968 
-0.00874264 0.700426 
-0.00926973 0.700881 
-0.00979725 0.701333 
-0.0103252 0.70178 
-0.0108536 0.702224 
-0.0113824 0.702664 
-0.0119116 0.7031 
-0.0124413 0.703532 
-0.0129715 0.70396 
-0.0135021 0.704385 
-0.0140332 0.704806 
-0.0145647 0.705223 
-0.0150967 0.705637 
-0.0156293 0.706046 
-0.0161623 0.706452 
-0.0166958 0.706854 
-0.0172298 0.707252 
-0.0177643 0.707647 
-0.0182993 0.708038 
-0.0188348 0.708425 
-0.0193709 0.708808 
-0.0199075 0.709188 
-0.0204446 0.709563 
-0.0209823 0.709935 
-0.0215206 0.710303 
-0.0220593 0.710668 
-0.0225987 0.711029 
-0.0231386 0.711386 
-0.0236791 0.711739 
-0.0242202 0.712088 
-0.0247619 0.712434 
-0.0253041 0.712776 
-0.025847 0.713114 
-0.0263904 0.713449 
-0.0269345 0.71378 
-0.0274792 0.714107 
-0.0280245 0.71443 
-0.0285705 0.71475 
-0.0291171 0.715065 
-0.0296643 0.715378 
-0.0302122 0.715686 
-0.0307608 0.715991 
-0.03131 0.716291 
-0.0318599 0.716589 
-0.0324104 0.716882 
-0.0329617 0.717172 
-0.0335136 0.717458 
-0.0340662 0.71774 
-0.0346196 0.718019 
-0.0351736 0.718294 
-0.0357284 0.718565 
-0.0362839 0.718832 
-0.0368401 0.719096 
-0.037397 0.719356 
-0.0379547 0.719612 
-0.0385132 0.719865 
-0.0390724 0.720114 
-0.0396323 0.720359 
-0.0401931 0.7206 
-0.0407546 0.720838 
-0.0413169 0.721072 
-0.0418799 0.721302 
-0.0424438 0.721529 
-0.0430085 0.721752 
-0.043574 0.721971 
-0.0441403 0.722186 
-0.0447075 0.722398 
-0.0452754 0.722606 
-0.0458443 0.722811 
-0.0464139 0.723011 
-0.0469844 0.723208 
-0.0475558 0.723401 
-0.048128 0.723591 
-0.0487011 0.723777 
-0.0492751 0.723959 
-0.04985 0.724137 
-0.0504258 0.724312 
-0.0510025 0.724483 
-0.05158 0.72465 
-0.0521586 0.724814 
-0.052738 0.724973 
-0.0533183 0.72513 
-0.0538996 0.725282 
-0.0544819 0.725431 
-0.0550651 0.725576 
-0.0556492 0.725717 
-0.0562343 0.725855 
-0.0568204 0.725988 
-0.0574075 0.726119 
-0.0579956 0.726245 
-0.0585846 0.726368 
-0.0591747 0.726487 
-0.0597657 0.726602 
-0.0603578 0.726714 
-0.060951 0.726822 
-0.0615451 0.726926 
-0.0621403 0.727026 
-0.0627365 0.727123 
-0.0633338 0.727216 
-0.0639322 0.727305 
-0.0645316 0.727391 
-0.0651321 0.727473 
-0.0657337 0.727551 
-0.0663364 0.727625 
-0.0669402 0.727696 
-0.0675451 0.727763 
-0.0681511 0.727826 
-0.0687582 0.727886 
-0.0693665 0.727941 
-0.0699759 0.727993 
-0.0705864 0.728042 
-0.0711982 0.728086 
-0.071811 0.728127 
-0.0724251 0.728164 
-0.0730403 0.728198 
-0.0736567 0.728227 
-0.0742743 0.728253 
-0.0748931 0.728275 
-0.0755131 0.728294 
-0.0761343 0.728308 
-0.0767568 0.728319 
-0.0773804 0.728326 
-0.0780054 0.72833 
-0.0786315 0.728329 
-0.079259 0.728325 
-0.0798877 0.728317 
-0.0805176 0.728306 
-0.0811489 0.72829 
-0.0817814 0.728271 
-0.0824153 0.728248 
-0.0830504 0.728221 
-0.0836868 0.728191 
-0.0843246 0.728156 
-0.0849637 0.728118 
-0.0856042 0.728077 
-0.0862459 0.728031 
-0.0868891 0.727982 
-0.0875336 0.727928 
-0.0881795 0.727871 
-0.0888267 0.727811 
-0.0894754 0.727746 
-0.0901254 0.727678 
-0.0907768 0.727606 
-0.0914297 0.72753 
-0.092084 0.72745 
-0.0927397 0.727366 
-0.0933968 0.727279 
-0.0940554 0.727188 
-0.0947154 0.727093 
-0.0953769 0.726994 
-0.0960399 0.726891 
-0.0967043 0.726784 
-0.0973703 0.726674 
-0.0980377 0.72656 
-0.0987067 0.726442 
-0.0993771 0.72632 
-0.100049 0.726194 
-0.100723 0.726065 
-0.101398 0.725931 
-0.102074 0.725794 
-0.102752 0.725653 
-0.103432 0.725508 
-0.104113 0.725359 
-0.104796 0.725206 
-0.105481 0.725049 
-0.106167 0.724889 
-0.106854 0.724725 
-0.107544 0.724556 
-0.108235 0.724384 
-0.108927 0.724208 
-0.109621 0.724028 
-0.110317 0.723844 
-0.111015 0.723656 
-0.111714 0.723465 
-0.112415 0.723269 
-0.113117 0.723069 
-0.113822 0.722866 
-0.114528 0.722658 
-0.115235 0.722447 
-0.115945 0.722232 
-0.116656 0.722012 
-0.117369 0.721789 
-0.118083 0.721562 
-0.1188 0.721331 
-0.119518 0.721096 
-0.120238 0.720857 
-0.12096 0.720614 
-0.121683 0.720367 
-0.122409 0.720116 
-0.123136 0.719861 
-0.123865 0.719602 
-0.124595 0.719339 
-0.125328 0.719072 
-0.126063 0.718801 
-0.126799 0.718525 
-0.127537 0.718246 
-0.128277 0.717963 
-0.129019 0.717676 
-0.129763 0.717385 
-0.130509 0.71709 
-0.131257 0.71679 
-0.132007 0.716487 
-0.132758 0.71618 
-0.133512 0.715868 
-0.134267 0.715552 
-0.135025 0.715233 
-0.135784 0.714909 
-0.136546 0.714581 
-0.137309 0.714249 
-0.138075 0.713913 
-0.138842 0.713573 
-0.139612 0.713229 
-0.140383 0.71288 
-0.141157 0.712528 
-0.141933 0.712171 
-0.14271 0.71181 
-0.14349 0.711445 
-0.144272 0.711076 
-0.145056 0.710703 
-0.145842 0.710325 
-0.14663 0.709943 
-0.147421 0.709557 
-0.148213 0.709167 
-0.149008 0.708773 
-0.149804 0.708375 
-0.150603 0.707972 
-0.151404 0.707565 
-0.152208 0.707154 
-0.153013 0.706738 
-0.153821 0.706319 
-0.15463 0.705895 
-0.155443 0.705466 
-0.156257 0.705034 
-0.157073 0.704597 
-0.157892 0.704156 
-0.158713 0.703711 
-0.159537 0.703261 
-0.160362 0.702807 
-0.16119 0.702349 
-0.162021 0.701886 
-0.162853 0.701419 
-0.163688 0.700948 
-0.164525 0.700472 
-0.165365 0.699992 
-0.166207 0.699508 
-0.167051 0.699019 
-0.167898 0.698526 
-0.168747 0.698029 
-0.169598 0.697527 
-0.170452 0.69702 
-0.171308 0.69651 
-0.172167 0.695995 
-0.173028 0.695475 
-0.173892 0.694951 
-0.174758 0.694422 
-0.175626 0.693889 
-0.176497 0.693352 
-0.177371 0.69281 
-0.178247 0.692263 
-0.179125 0.691712 
-0.180006 0.691157 
-0.18089 0.690597 
-0.181776 0.690032 
-0.182665 0.689463 
-0.183556 0.68889 
-0.18445 0.688311 
-0.185346 0.687729 
-0.186245 0.687141 
-0.187147 0.686549 
-0.188051 0.685953 
-0.188958 0.685352 
-0.189868 0.684746 
-0.19078 0.684136 
-0.191695 0.683521 
-0.192612 0.682901 
-0.193532 0.682277 
-0.194455 0.681647 
-0.195381 0.681014 
-0.196309 0.680375 
-0.19724 0.679732 
-0.198174 0.679084 
-0.199111 0.678432 
-0.20005 0.677775 
-0.200992 0.677112 
-0.201937 0.676446 
-0.202885 0.675774 
-0.203835 0.675098 
-0.204789 0.674416 
-0.205745 0.673731 
-0.206704 0.67304 
-0.207666 0.672344 
-0.20863 0.671644 
-0.209598 0.670938 
-0.210568 0.670228 
-0.211542 0.669513 
-0.212518 0.668793 
-0.213497 0.668068 
-0.21448 0.667339 
-0.215465 0.666604 
-0.216453 0.665864 
-0.217444 0.66512 
-0.218438 0.66437 
-0.219435 0.663616 
-0.220435 0.662856 
-0.221438 0.662092 
-0.222444 0.661322 
-0.223453 0.660548 
-0.224465 0.659768 
-0.22548 0.658983 
-0.226498 0.658194 
-0.22752 0.657399 
-0.228544 0.656599 
-0.229571 0.655794 
-0.230602 0.654984 
-0.231636 0.654169 
-0.232673 0.653349 
-0.233713 0.652523 
-0.234756 0.651693 
-0.235802 0.650857 
-0.236852 0.650016 
-0.237905 0.649169 
-0.238961 0.648318 
-0.24002 0.647461 
-0.241083 0.646599 
-0.242148 0.645732 
-0.243217 0.64486 
-0.244289 0.643982 
-0.245365 0.643099 
-0.246444 0.64221 
-0.247526 0.641317 
-0.248611 0.640417 
-0.2497 0.639513 
-0.250792 0.638603 
-0.251888 0.637688 
-0.252986 0.636767 
-0.254089 0.635841 
-0.255194 0.634909 
-0.256303 0.633972 
-0.257415 0.63303 
-0.258531 0.632082 
-0.259651 0.631129 
-0.260773 0.63017 
-0.261899 0.629205 
-0.263029 0.628235 
-0.264162 0.627259 
-0.265299 0.626278 
-0.266439 0.625291 
-0.267583 0.624299 
-0.26873 0.623301 
-0.269881 0.622297 
-0.271035 0.621288 
-0.272193 0.620273 
-0.273354 0.619252 
-0.274519 0.618225 
-0.275688 0.617193 
-0.27686 0.616155 
-0.278036 0.615112 
-0.279215 0.614062 
-0.280399 0.613007 
-0.281586 0.611946 
-0.282776 0.610879 
-0.28397 0.609806 
-0.285168 0.608728 
-0.28637 0.607643 
-0.287575 0.606553 
-0.288784 0.605456 
-0.289997 0.604354 
-0.291214 0.603246 
-0.292434 0.602132 
-0.293658 0.601012 
-0.294886 0.599885 
-0.296118 0.598753 
-0.297354 0.597615 
-0.298593 0.596471 
-0.299837 0.59532 
-0.301084 0.594164 
-0.302335 0.593001 
-0.30359 0.591832 
-0.304849 0.590658 
-0.306112 0.589476 
-0.307378 0.588289 
-0.308649 0.587096 
-0.309924 0.585896 
-0.311202 0.58469 
-0.312485 0.583478 
-0.313771 0.582259 
-0.315062 0.581035 
-0.316356 0.579803 
-0.317655 0.578566 
-0.318957 0.577322 
-0.320264 0.576072 
-0.321575 0.574815 
-0.32289 0.573552 
-0.324208 0.572283 
-0.325531 0.571007 
-0.326858 0.569724 
-0.32819 0.568435 
-0.329525 0.56714 
-0.330864 0.565838 
-0.332208 0.564529 
-0.333556 0.563214 
-0.334908 0.561892 
-0.336264 0.560563 
-0.337624 0.559228 
-0.338989 0.557886 
-0.340358 0.556538 
-0.341731 0.555183 
-0.343108 0.553821 
-0.34449 0.552452 
-0.345876 0.551076 
-0.347266 0.549694 
-0.348661 0.548305 
-0.35006 0.546909 
-0.351463 0.545506 
-0.35287 0.544096 
-0.354282 0.542679 
-0.355698 0.541256 
-0.357119 0.539825 
-0.358544 0.538387 
-0.359973 0.536943 
-0.361407 0.535491 
-0.362846 0.534032 
-0.364288 0.532567 
-0.365736 0.531094 
-0.367187 0.529614 
-0.368643 0.528126 
-0.370104 0.526632 
-0.371569 0.52513 
-0.373039 0.523622 
-0.374513 0.522106 
-0.375992 0.520582 
-0.377475 0.519052 
-0.378963 0.517514 
-0.380455 0.515968 
-0.381952 0.514416 
-0.383454 0.512856 
-0.38496 0.511288 
-0.386471 0.509713 
-0.387986 0.508131 
-0.389506 0.506541 
-0.391031 0.504944 
-0.39256 0.503339 
-0.394094 0.501726 
-0.395633 0.500106 
-0.397177 0.498479 
-0.398725 0.496843 
-0.400278 0.4952 
-0.401836 0.493549 
-0.403398 0.491891 
-0.404965 0.490225 
-0.406537 0.488551 
-0.408114 0.486869 
-0.409696 0.485179 
-0.411282 0.483482 
-0.412873 0.481776 
-0.414469 0.480063 
-0.41607 0.478342 
-0.417676 0.476613 
-0.419287 0.474875 
-0.420902 0.47313 
-0.422523 0.471377 
-0.424148 0.469615 
-0.425778 0.467846 
-0.427413 0.466068 
-0.429053 0.464283 
-0.430698 0.462489 
-0.432348 0.460686 
-0.434003 0.458876 
-0.435663 0.457057 
-0.437328 0.45523 
-0.438998 0.453395 
-0.440673 0.451551 
-0.442353 0.449699 
-0.444038 0.447838 
-0.445728 0.445969 
-0.447423 0.444092 
-0.449123 0.442206 
-0.450829 0.440311 
-0.452539 0.438408 
-0.454254 0.436496 
-0.455975 0.434576 
-0.4577 0.432647 
-0.459431 0.430709 
-0.461167 0.428763 
-0.462908 0.426807 
-0.464654 0.424843 
-0.466406 0.422871 
-0.468162 0.420889 
-0.469924 0.418898 
-0.471691 0.416899 
-0.473463 0.41489 
-0.475241 0.412873 
-0.477023 0.410847 
-0.478811 0.408811 
-0.480604 0.406767 
-0.482403 0.404713 
-0.484206 0.40265 
-0.486015 0.400578 
-0.48783 0.398497 
-0.489649 0.396407 
-0.491474 0.394307 
-0.493304 0.392198 
-0.495139 0.39008 
-0.49698 0.387952 
-0.498826 0.385815 
-0.500678 0.383668 
-0.502535 0.381512 
-0.504397 0.379347 
-0.506264 0.377172 
-0.508137 0.374987 
-0.510016 0.372793 
-0.5119 0.370589 
-0.513789 0.368375 
-0.515683 0.366152 
-0.517583 0.363919 
-0.519489 0.361676 
-0.5214 0.359424 
-0.523316 0.357161 
-0.525238 0.354889 
-0.527165 0.352606 
-0.529098 0.350314 
-0.531036 0.348012 
-0.53298 0.345699 
-0.534929 0.343377 
-0.536884 0.341044 
-0.538844 0.338702 
-0.54081 0.336349 
-0.542781 0.333986 
-0.544758 0.331612 
-0.54674 0.329229 
-0.548728 0.326835 
-0.550721 0.32443 
-0.55272 0.322015 
-0.554725 0.31959 
-0.556735 0.317154 
-0.55875 0.314708 
-0.560772 0.312251 
-0.562799 0.309784 
-0.564831 0.307306 
-0.566869 0.304817 
-0.568913 0.302318 
-0.570962 0.299807 
-0.573017 0.297286 
-0.575077 0.294754 
-0.577143 0.292212 
-0.579215 0.289658 
-0.581292 0.287093 
-0.583375 0.284517 
-0.585464 0.281931 
-0.587558 0.279333 
-0.589658 0.276724 
-0.591764 0.274104 
-0.593875 0.271472 
-0.595992 0.26883 
-0.598114 0.266176 
-0.600243 0.263511 
-0.602376 0.260834 
-0.604516 0.258146 
-0.606661 0.255447 
-0.608812 0.252736 
-0.610969 0.250013 
-0.613131 0.247279 
-0.615299 0.244533 
-0.617473 0.241776 
-0.619652 0.239007 
-0.621837 0.236226 
-0.624028 0.233433 
-0.626224 0.230629 
-0.628426 0.227812 
-0.630634 0.224984 
-0.632847 0.222143 
-0.635067 0.219291 
-0.637292 0.216426 
-0.639522 0.21355 
-0.641758 0.210661 
-0.644 0.20776 
-0.646248 0.204846 
-0.648502 0.201921 
-0.650761 0.198983 
-0.653025 0.196032 
-0.655296 0.19307 
-0.657572 0.190094 
-0.659854 0.187106 
-0.662141 0.184106 
-0.664435 0.181093 
-0.666734 0.178067 
-0.669038 0.175029 
-0.671348 0.171977 
-0.673664 0.168913 
-0.675986 0.165836 
-0.678313 0.162746 
-0.680646 0.159644 
-0.682985 0.156528 
-0.685329 0.153399 
-0.687679 0.150257 
-0.690035 0.147101 
-0.692396 0.143933 
-0.694763 0.140751 
-0.697135 0.137556 
-0.699514 0.134348 
-0.701897 0.131126 
-0.704287 0.127891 
-0.706682 0.124642 
-0.709082 0.121379 
-0.711489 0.118103 
-0.713901 0.114814 
-0.716318 0.11151 
-0.718741 0.108193 
-0.72117 0.104862 
-0.723604 0.101517 
-0.726043 0.0981579 
-0.728489 0.094785 
-0.730939 0.0913981 
-0.733396 0.087997 
-0.735857 0.0845818 
-0.738325 0.0811524 
-0.740798 0.0777087 
-0.743276 0.0742507 
-0.74576 0.0707784 
-0.748249 0.0672916 
-0.750744 0.0637903 
-0.753244 0.0602745 
-0.755749 0.0567441 
-0.75826 0.053199 
-0.760777 0.0496393 
-0.763298 0.0460648 
-0.765826 0.0424754 
-0.768358 0.0388712 
-0.770896 0.0352521 
-0.773439 0.031618 
-0.775988 0.0279688 
-0.778542 0.0243045 
-0.781101 0.0206251 
-0.783665 0.0169305 
-0.786235 0.0132205 
-0.78881 0.00949528 
-0.79139 0.00575463 
-0.793975 0.00199852 
-0.796566 -0.0017731 
-0.799161 -0.00556029 
-0.801762 -0.00936312 
-0.804368 -0.0131816 
-0.806979 -0.0170159 
-0.809596 -0.020866 
-0.812217 -0.0247319 
-0.814843 -0.0286138 
-0.817475 -0.0325117 
-0.820111 -0.0364257 
-0.822752 -0.0403557 
-0.825399 -0.044302 
-0.82805 -0.0482645 
-0.830706 -0.0522433 
-0.833367 -0.0562384 
-0.836033 -0.06025 
-0.838704 -0.0642781 
-0.84138 -0.0683227 
-0.84406 -0.072384 
-0.846746 -0.076462 
-0.849436 -0.0805567 
-0.852131 -0.0846682 
-0.85483 -0.0887966 
-0.857534 -0.092942 
-0.860243 -0.0971043 
-0.862956 -0.101284 
-0.865674 -0.10548 
-0.868397 -0.109694 
-0.871124 -0.113925 
-0.873855 -0.118174 
-0.876591 -0.122439 
-0.879331 -0.126723 
-0.882076 -0.131024 
-0.884825 -0.135342 
-0.887579 -0.139678 
-0.890337 -0.144032 
-0.893099 -0.148404 
-0.895865 -0.152793 
-0.898636 -0.157201 
-0.90141 -0.161626 
-0.904189 -0.16607 
-0.906972 -0.170532 
-0.909759 -0.175012 
-0.91255 -0.17951 
-0.915344 -0.184027 
-0.918143 -0.188562 
-0.920946 -0.193116 
-0.923752 -0.197688 
-0.926563 -0.202279 
-0.929377 -0.206889 
-0.932195 -0.211517 
-0.935016 -0.216164 
-0.937841 -0.220831 
-0.94067 -0.225516 
-0.943502 -0.23022 
-0.946338 -0.234944 
-0.949177 -0.239687 
-0.95202 -0.244449 
-0.954866 -0.249231 
-0.957715 -0.254032 
-0.960567 -0.258852 
-0.963423 -0.263693 
-0.966282 -0.268553 
-0.969144 -0.273432 
-0.972009 -0.278332 
-0.974877 -0.283251 
-0.977748 -0.288191 
-0.980622 -0.29315 
-0.983499 -0.29813 
-0.986378 -0.30313 
-0.98926 -0.308151 
-0.992145 -0.313191 
-0.995033 -0.318253 
-0.997923 -0.323334 
-1.00082 -0.328437 
-1.00371 -0.33356 
-1.00661 -0.338704 
-1.00951 -0.343869 
-1.01241 -0.349054 
-1.01531 -0.354261 
-1.01822 -0.359489 
-1.02113 -0.364738 
-1.02404 -0.370009 
-1.02695 -0.375301 
-1.02986 -0.380614 
-1.03278 -0.385949 
-1.0357 -0.391305 
-1.03862 -0.396683 
-1.04154 -0.402083 
-1.04446 -0.407505 
-1.04738 -0.412949 
-1.05031 -0.418415 
-1.05323 -0.423903 
-1.05616 -0.429413 
-1.05909 -0.434946 
-1.06202 -0.440501 
-1.06495 -0.446078 
-1.06788 -0.451678 
-1.07081 -0.457301 
-1.07375 -0.462946 
-1.07668 -0.468614 
-1.07961 -0.474305 
-1.08255 -0.48002 
-1.08548 -0.485757 
-1.08842 -0.491517 
-1.09135 -0.497301 
-1.09429 -0.503108 
-1.09722 -0.508939 
-1.10016 -0.514793 
-1.10309 -0.520671 
-1.10603 -0.526572 
-1.10896 -0.532498 
-1.1119 -0.538447 
-1.11483 -0.54442 
-1.11776 -0.550418 
-1.1207 -0.556439 
-1.12363 -0.562485 
-1.12656 -0.568556 
-1.12949 -0.574651 
-1.13242 -0.58077 
-1.13534 -0.586914 
-1.13827 -0.593083 
-1.14119 -0.599277 
-1.14411 -0.605496 
-1.14704 -0.61174 
-1.14995 -0.618009 
-1.15287 -0.624303 
-1.15579 -0.630623 
-1.1587 -0.636968 
-1.16161 -0.643339 
-1.16452 -0.649735 
-1.16742 -0.656157 
-1.17033 -0.662605 
-1.17323 -0.669079 
-1.17612 -0.675579 
-1.17902 -0.682105 
-1.18191 -0.688658 
-1.1848 -0.695237 
-1.18768 -0.701842 
-1.19056 -0.708474 
-1.19344 -0.715133 
-1.19631 -0.721818 
-1.19918 -0.728531 
-1.20205 -0.73527 
-1.20491 -0.742037 
-1.20777 -0.74883 
-1.21062 -0.755651 
-1.21347 -0.7625 
-1.21631 -0.769376 
-1.21915 -0.77628 
-1.22198 -0.783211 
-1.22481 -0.79017 
-1.22763 -0.797157 
-1.23045 -0.804173 
-1.23326 -0.811216 
-1.23607 -0.818288 
-1.23887 -0.825388 
-1.24166 -0.832517 
-1.24445 -0.839674 
-1.24723 -0.846861 
-1.25 -0.854075 
-1.25277 -0.861319 
-1.25553 -0.868592 
-1.25828 -0.875895 
-1.26103 -0.883226 
-1.26376 -0.890587 
-1.2665 -0.897978 
-1.26922 -0.905398 
-1.27193 -0.912848 
-1.27464 -0.920328 
-1.27734 -0.927838 
-1.28003 -0.935378 
-1.28271 -0.942948 
-1.28538 -0.950548 
-1.28804 -0.95818 
-1.2907 -0.965841 
-1.29334 -0.973534 
-1.29597 -0.981257 
-1.2986 -0.989011 
-1.30121 -0.996796 
-1.30381 -1.00461 
-1.30641 -1.01246 
-1.30899 -1.02034 
-1.31156 -1.02825 
-1.31412 -1.03619 
-1.31667 -1.04417 
-1.31921 -1.05217 
-1.32173 -1.06021 
-1.32425 -1.06828 
-1.32675 -1.07639 
-1.32924 -1.08452 
-1.33171 -1.09269 
-1.33417 -1.10089 
-1.33662 -1.10912 
-1.33906 -1.11739 
-1.34148 -1.12569 
-1.34389 -1.13402 
-1.34629 -1.14239 
-1.34867 -1.15079 
-1.35103 -1.15922 
-1.35338 -1.16769 
-1.35572 -1.17619 
-1.35804 -1.18472 
-1.36034 -1.19329 
-1.36263 -1.20189 
-1.36491 -1.21053 
-1.36716 -1.2192 
-1.3694 -1.22791 
-1.37162 -1.23665 
-1.37383 -1.24543 
-1.37602 -1.25424 
-1.37819 -1.26309 
-1.38034 -1.27197 
-1.38247 -1.28089 
-1.38459 -1.28984 
-1.38668 -1.29883 
-1.38876 -1.30786 
-1.39082 -1.31692 
-1.39285 -1.32601 
-1.39487 -1.33515 
-1.39687 -1.34432 
-1.39884 -1.35352 
-1.4008 -1.36277 
-1.40273 -1.37205 
-1.40465 -1.38137 
-1.40654 -1.39072 
-1.4084 -1.40011 
-1.41025 -1.40954 
-1.41207 -1.41901 
-1.41387 -1.42851 
-1.41564 -1.43806 
-1.4174 -1.44764 
-1.41912 -1.45726 
-1.42083 -1.46691 
-1.4225 -1.47661 
-1.42415 -1.48635 
-1.42578 -1.49612 
-1.42738 -1.50593 
-1.42895 -1.51578 
-1.4305 -1.52567 
-1.43202 -1.5356 
-1.43351 -1.54557 
-1.43498 -1.55558 
-1.43641 -1.56563 
-1.43782 -1.57572 
-1.4392 -1.58585 
-1.44055 -1.59602 
-1.44187 -1.60624 
-1.44315 -1.61649 
-1.44441 -1.62678 
-1.44564 -1.63711 
-1.44683 -1.64749 
-1.448 -1.6579 
-1.44913 -1.66836 
-1.45023 -1.67886 
-1.45129 -1.6894 
-1.45232 -1.69998 
-1.45332 -1.71061 
-1.45429 -1.72128 
-1.45521 -1.73199 
-1.45611 -1.74274 
-1.45696 -1.75353 
-1.45778 -1.76437 
-1.45857 -1.77525 
-1.45932 -1.78618 
-1.46002 -1.79714 
-1.4607 -1.80816 
-1.46133 -1.81921 
-1.46192 -1.83031 
-1.46248 -1.84146 
-1.46299 -1.85264 
-1.46346 -1.86388 
-1.4639 -1.87515 
-1.46429 -1.88648 
-1.46463 -1.89784 
-1.46494 -1.90925 
-1.4652 -1.92071 
-1.46542 -1.93222 
-1.4656 -1.94376 
-1.46573 -1.95536 
-1.46581 -1.967 
-1.46585 -1.97869 
-1.46585 -1.99042 
-1.46579 -2.0022 
-1.46569 -2.01403 
-1.46554 -2.0259 
-1.46535 -2.03782 
-1.4651 -2.04979 
-1.4648 -2.06181 
-1.46446 -2.07387 
-1.46406 -2.08598 
-1.46361 -2.09814 
-1.46311 -2.11035 
-1.46255 -2.12261 
-1.46195 -2.13491 
-1.46129 -2.14727 
-1.46057 -2.15967 
-1.4598 -2.17212 
-1.45897 -2.18462 
-1.45809 -2.19717 
-1.45715 -2.20978 
-1.45615 -2.22243 
-1.4551 -2.23513 
-1.45398 -2.24788 
-1.45281 -2.26068 
-1.45157 -2.27353 
-1.45027 -2.28644 
-1.44892 -2.29939 
-1.4475 -2.3124 
-1.44601 -2.32546 
-1.44446 -2.33857 
-1.44285 -2.35173 
-1.44117 -2.36494 
-1.43943 -2.37821 
-1.43762 -2.39153 
-1.43574 -2.4049 
-1.4338 -2.41832 
-1.43178 -2.4318 
-1.42969 -2.44533 
-1.42754 -2.45892 
-1.42531 -2.47256 
-1.42301 -2.48625 
-1.42064 -2.49999 
-1.4182 -2.5138 
-1.41568 -2.52765 
-1.41308 -2.54156 
-1.41041 -2.55553 
-1.40766 -2.56955 
-1.40483 -2.58362 
-1.40193 -2.59776 
-1.39894 -2.61194 
-1.39588 -2.62619 
-1.39273 -2.64049 
-1.38951 -2.65485 
-1.38619 -2.66926 
-1.3828 -2.68373 
-1.37932 -2.69826 
-1.37576 -2.71284 
-1.3721 -2.72749 
-1.36837 -2.74219 
-1.36454 -2.75695 
-1.36062 -2.77176 
-1.35662 -2.78664 
-1.35252 -2.80157 
-1.34833 -2.81657 
-1.34404 -2.83162 
-1.33967 -2.84673 
-1.3352 -2.8619 
-1.33063 -2.87713 
-1.32596 -2.89243 
-1.3212 -2.90778 
-1.31634 -2.92319 
-1.31137 -2.93867 
-1.30631 -2.9542 
-1.30114 -2.9698 
-1.29587 -2.98545 
-1.2905 -3.00117 
-1.28502 -3.01695 
-1.27944 -3.0328 
-1.27374 -3.0487 
-1.26794 -3.06467 
-1.26203 -3.0807 
-1.25601 -3.0968 
-1.24987 -3.11295 
-1.24363 -3.12918 
-1.23726 -3.14546 
-1.23079 -3.16181 
-1.22419 -3.17822 
-1.21748 -3.1947 
-1.21065 -3.21125 
-1.2037 -3.22786 
-1.19663 -3.24453 
-1.18943 -3.26127 
-1.18211 -3.27807 
-1.17467 -3.29495 
-1.1671 -3.31188 
-1.1594 -3.32889 
-1.15157 -3.34596 
-1.14361 -3.3631 
-1.13552 -3.3803 
-1.1273 -3.39758 
-1.11895 -3.41492 
-1.11045 -3.43233 
-1.10183 -3.44981 
-1.09306 -3.46735 
-1.08415 -3.48497 
-1.0751 -3.50265 
-1.06592 -3.52041 
-1.05658 -3.53823 
-1.0471 -3.55612 
-1.03748 -3.57409 
-1.0277 -3.59212 
-1.01778 -3.61023 
-1.00771 -3.6284 
-0.997481 -3.64665 
-0.987101 -3.66497 
-0.976565 -3.68336 
-0.965872 -3.70182 
-0.955021 -3.72036 
-0.944009 -3.73896 
-0.932837 -3.75764 
-0.9215 -3.7764 
-0.91 -3.79523 
-0.898332 -3.81413 
-0.886497 -3.8331 
-0.874493 -3.85215 
-0.862317 -3.87127 
-0.849968 -3.89047 
-0.837444 -3.90974 
-0.824745 -3.92909 
-0.811867 -3.94852 
-0.79881 -3.96802 
-0.785572 -3.98759 
-0.77215 -4.00725 
-0.758544 -4.02697 
-0.744751 -4.04678 
-0.730769 -4.06666 
-0.716598 -4.08663 
-0.702234 -4.10666 
-0.687677 -4.12678 
-0.672923 -4.14698 
-0.657973 -4.16725 
-0.642823 -4.18761 
-0.627471 -4.20804 
-0.611917 -4.22855 
-0.596157 -4.24914 
-0.58019 -4.26981 
-0.564015 -4.29057 
-0.547628 -4.3114 
-0.531028 -4.33232 
-0.514213 -4.35331 
-0.497182 -4.37439 
-0.479931 -4.39555 
-0.462459 -4.41679 
-0.444764 -4.43811 
-0.426844 -4.45952 
-0.408696 -4.48101 
-0.390319 -4.50258 
-0.37171 -4.52424 
-0.352867 -4.54598 
-0.333789 -4.56781 
-0.314472 -4.58972 
-0.294915 -4.61171 
-0.275115 -4.63379 
-0.255071 -4.65596 
-0.234779 -4.67821 
-0.214238 -4.70055 
-0.193445 -4.72297 
-0.172398 -4.74548 
-0.151094 -4.76808 
-0.129532 -4.79076 
-0.107709 -4.81354 
-0.085622 -4.8364 
-0.0632691 -4.85934 
-0.0406478 -4.88238 
-0.0177556 -4.90551 
0.00541005 -4.92872 
0.0288515 -4.95203 
0.0525715 -4.97542 
0.0765723 -4.99891 
0.100857 -5.02248 
0.125427 -5.04615 
0.150287 -5.0699 
0.175437 -5.09375 
0.200882 -5.11769 
0.226623 -5.14172 
0.252664 -5.16585 
0.279007 -5.19006 
0.305654 -5.21437 
0.332609 -5.23877 
0.359875 -5.26327 
0.387454 -5.28786 
0.415349 -5.31254 
