1 1 
1.00201 1.006 
1.00403 1.012 
1.00607 1.018 
1.00813 1.024 
1.0102 1.03 
1.01229 1.036 
1.0144 1.042 
1.01652 1.048 
1.01866 1.054 
1.02082 1.06 
1.02299 1.06601 
1.02518 1.07201 
1.02739 1.07801 
1.02962 1.08401 
1.03186 1.09001 
1.03412 1.09602 
1.0364 1.10202 
1.03869 1.10803 
1.04101 1.11403 
1.04334 1.12004 
1.04569 1.12604 
1.04806 1.13205 
1.05045 1.13806 
1.05285 1.14406 
1.05528 1.15007 
1.05772 1.15608 
1.06018 1.16209 
1.06266 1.1681 
1.06516 1.17411 
1.06768 1.18013 
1.07021 1.18614 
1.07277 1.19216 
1.07535 1.19817 
1.07794 1.20419 
1.08056 1.21021 
1.0832 1.21623 
1.08585 1.22225 
1.08853 1.22827 
1.09122 1.23429 
1.09394 1.24032 
1.09668 1.24634 
1.09943 1.25237 
1.10221 1.2584 
1.10501 1.26443 
1.10783 1.27046 
1.11067 1.2765 
1.11353 1.28253 
1.11641 1.28857 
1.11932 1.29461 
1.12224 1.30065 
1.12519 1.30669 
1.12816 1.31274 
1.13115 1.31878 
1.13416 1.32483 
1.13719 1.33088 
1.14025 1.33693 
1.14333 1.34299 
1.14643 1.34905 
1.14956 1.35511 
1.1527 1.36117 
1.15587 1.36723 
1.15907 1.3733 
1.16228 1.37937 
1.16552 1.38544 
1.16878 1.39152 
1.17207 1.3976 
1.17538 1.40368 
1.17871 1.40976 
1.18207 1.41585 
1.18545 1.42194 
1.18885 1.42803 
1.19228 1.43412 
1.19573 1.44022 
1.19921 1.44632 
1.20272 1.45243 
1.20624 1.45854 
1.20979 1.46465 
1.21337 1.47076 
1.21697 1.47688 
1.2206 1.48301 
1.22426 1.48913 
1.22793 1.49526 
1.23164 1.5014 
1.23537 1.50753 
1.23913 1.51367 
1.24291 1.51982 
1.24672 1.52597 
1.25055 1.53212 
1.25441 1.53828 
1.2583 1.54444 
1.26222 1.55061 
1.26616 1.55678 
1.27013 1.56296 
1.27413 1.56914 
1.27815 1.57532 
1.2822 1.58151 
1.28628 1.58771 
1.29039 1.59391 
1.29453 1.60011 
1.29869 1.60632 
1.30288 1.61253 
1.3071 1.61875 
1.31135 1.62498 
1.31563 1.63121 
1.31993 1.63744 
1.32427 1.64369 
1.32863 1.64993 
1.33303 1.65618 
1.33745 1.66244 
1.34191 1.66871 
1.34639 1.67498 
1.3509 1.68125 
1.35545 1.68753 
1.36002 1.69382 
1.36462 1.70012 
1.36926 1.70642 
1.37393 1.71272 
1.37862 1.71904 
1.38335 1.72536 
1.38811 1.73168 
1.3929 1.73802 
1.39772 1.74436 
1.40258 1.7507 
1.40746 1.75706 
1.41238 1.76342 
1.41733 1.76979 
1.42231 1.77616 
1.42733 1.78255 
1.43238 1.78894 
1.43746 1.79533 
1.44258 1.80174 
1.44772 1.80815 
1.4529 1.81457 
1.45812 1.821 
1.46337 1.82744 
1.46865 1.83388 
1.47397 1.84034 
1.47932 1.8468 
1.48471 1.85327 
1.49013 1.85974 
1.49559 1.86623 
1.50108 1.87273 
1.50661 1.87923 
1.51217 1.88574 
1.51777 1.89226 
1.5234 1.89879 
1.52907 1.90533 
1.53478 1.91188 
1.54052 1.91844 
1.5463 1.92501 
1.55212 1.93158 
1.55797 1.93817 
1.56386 1.94477 
1.56979 1.95137 
1.57576 1.95799 
1.58176 1.96461 
1.5878 1.97125 
1.59388 1.9779 
1.6 1.98455 
1.60616 1.99122 
1.61236 1.9979 
1.61859 2.00459 
1.62487 2.01128 
1.63118 2.01799 
1.63754 2.02471 
1.64393 2.03144 
1.65037 2.03819 
1.65684 2.04494 
1.66336 2.05171 
1.66992 2.05848 
1.67651 2.06527 
1.68315 2.07207 
1.68983 2.07888 
1.69656 2.0857 
1.70332 2.09254 
1.71013 2.09939 
1.71698 2.10625 
1.72387 2.11312 
1.7308 2.12 
1.73778 2.1269 
1.7448 2.13381 
1.75186 2.14073 
1.75897 2.14766 
1.76613 2.15461 
1.77332 2.16157 
1.78056 2.16855 
1.78785 2.17554 
1.79518 2.18254 
1.80256 2.18955 
1.80998 2.19658 
1.81745 2.20362 
1.82496 2.21068 
1.83252 2.21775 
1.84013 2.22483 
1.84778 2.23193 
1.85548 2.23904 
1.86323 2.24617 
1.87103 2.25331 
1.87887 2.26046 
1.88676 2.26764 
1.8947 2.27482 
1.90269 2.28202 
1.91073 2.28924 
1.91881 2.29647 
1.92695 2.30372 
1.93514 2.31098 
1.94337 2.31826 
1.95166 2.32555 
1.95999 2.33286 
1.96838 2.34019 
1.97682 2.34753 
1.98531 2.35489 
1.99385 2.36226 
2.00245 2.36965 
2.01109 2.37706 
2.01979 2.38448 
2.02854 2.39193 
2.03735 2.39938 
2.04621 2.40686 
2.05512 2.41435 
2.06409 2.42186 
2.07311 2.42939 
2.08218 2.43694 
2.09131 2.4445 
2.1005 2.45208 
2.10974 2.45968 
2.11904 2.4673 
2.12839 2.47493 
2.1378 2.48259 
2.14727 2.49026 
2.1568 2.49795 
2.16638 2.50566 
2.17602 2.51339 
2.18572 2.52114 
2.19547 2.52891 
2.20529 2.5367 
2.21516 2.5445 
2.2251 2.55233 
2.23509 2.56018 
2.24515 2.56804 
2.25526 2.57593 
2.26544 2.58383 
2.27568 2.59176 
2.28598 2.59971 
2.29634 2.60768 
2.30676 2.61566 
2.31725 2.62367 
2.3278 2.6317 
2.33841 2.63976 
2.34909 2.64783 
2.35983 2.65592 
2.37064 2.66404 
2.38151 2.67218 
2.39244 2.68034 
2.40345 2.68852 
2.41451 2.69672 
2.42565 2.70495 
2.43685 2.71319 
2.44812 2.72147 
2.45946 2.72976 
2.47086 2.73808 
2.48233 2.74642 
2.49388 2.75478 
2.50549 2.76316 
2.51717 2.77157 
2.52892 2.78001 
2.54074 2.78846 
2.55263 2.79695 
2.5646 2.80545 
2.57663 2.81398 
2.58874 2.82253 
2.60092 2.83111 
2.61317 2.83971 
2.6255 2.84834 
2.6379 2.85699 
2.65038 2.86567 
2.66293 2.87437 
2.67555 2.8831 
2.68826 2.89186 
2.70103 2.90064 
2.71389 2.90944 
2.72682 2.91827 
2.73983 2.92713 
2.75291 2.93601 
2.76608 2.94493 
2.77932 2.95386 
2.79265 2.96283 
2.80605 2.97182 
2.81954 2.98084 
2.8331 2.98988 
2.84675 2.99895 
2.86048 3.00806 
2.87429 3.01718 
2.88818 3.02634 
2.90216 3.03552 
2.91622 3.04474 
2.93036 3.05398 
2.94459 3.06325 
2.95891 3.07255 
2.97331 3.08187 
2.9878 3.09123 
3.00237 3.10062 
3.01703 3.11003 
3.03178 3.11948 
3.04662 3.12895 
3.06155 3.13845 
3.07657 3.14799 
3.09168 3.15755 
3.10688 3.16715 
3.12217 3.17677 
3.13755 3.18643 
3.15302 3.19612 
3.16859 3.20584 
3.18425 3.21559 
3.20001 3.22537 
3.21586 3.23518 
3.23181 3.24503 
3.24785 3.2549 
3.26399 3.26481 
3.28022 3.27475 
3.29656 3.28473 
3.31299 3.29473 
3.32952 3.30477 
3.34615 3.31484 
3.36288 3.32495 
3.37971 3.33509 
3.39664 3.34526 
3.41368 3.35547 
3.43082 3.36571 
3.44806 3.37598 
3.4654 3.38629 
3.48285 3.39663 
3.50041 3.40701 
3.51807 3.41742 
3.53584 3.42787 
3.55372 3.43835 
3.5717 3.44887 
3.58979 3.45942 
3.60799 3.47001 
3.62631 3.48064 
3.64473 3.4913 
3.66326 3.50199 
3.68191 3.51273 
3.70067 3.5235 
3.71954 3.53431 
3.73853 3.54515 
3.75763 3.55603 
3.77685 3.56695 
3.79619 3.57791 
3.81564 3.5889 
3.83521 3.59994 
3.8549 3.61101 
3.87471 3.62212 
3.89464 3.63326 
3.91469 3.64445 
3.93486 3.65568 
3.95516 3.66694 
3.97558 3.67824 
3.99612 3.68959 
4.01679 3.70097 
4.03758 3.7124 
4.0585 3.72386 
4.07955 3.73536 
4.10073 3.74691 
4.12203 3.75849 
4.14347 3.77012 
4.16503 3.78179 
4.18673 3.7935 
4.20856 3.80525 
4.23053 3.81704 
4.25262 3.82887 
4.27486 3.84075 
4.29723 3.85267 
4.31973 3.86463 
4.34238 3.87664 
4.36516 3.88868 
4.38808 3.90077 
4.41114 3.91291 
4.43435 3.92509 
4.45769 3.93731 
4.48118 3.94957 
4.50482 3.96188 
4.5286 3.97424 
4.55252 3.98664 
4.57659 3.99908 
4.60081 4.01157 
4.62518 4.02411 
4.6497 4.03669 
4.67437 4.04931 
4.69919 4.06199 
4.72417 4.0747 
4.7493 4.08747 
4.77458 4.10028 
4.80002 4.11314 
4.82562 4.12605 
4.85137 4.139 
4.87728 4.152 
4.90336 4.16505 
4.92959 4.17814 
4.95599 4.19129 
4.98255 4.20448 
5.00928 4.21772 
5.03617 4.23102 
5.06322 4.24436 
5.09045 4.25775 
5.11784 4.27118 
5.14541 4.28467 
5.17314 4.29821 
5.20105 4.3118 
5.22913 4.32544 
5.25739 4.33913 
5.28582 4.35287 
5.31442 4.36667 
5.34321 4.38051 
5.37217 4.39441 
5.40132 4.40836 
5.43065 4.42236 
5.46016 4.43641 
5.48985 4.45052 
5.51973 4.46467 
5.5498 4.47889 
5.58005 4.49315 
5.6105 4.50747 
5.64113 4.52184 
5.67195 4.53627 
5.70297 4.55075 
5.73419 4.56529 
5.76559 4.57988 
5.7972 4.59452 
5.829 4.60922 
5.86101 4.62398 
5.89321 4.63879 
5.92562 4.65366 
5.95823 4.66859 
5.99104 4.68357 
6.02406 4.69861 
6.05729 4.71371 
6.09073 4.72886 
6.12438 4.74407 
6.15824 4.75934 
6.19231 4.77467 
6.2266 4.79005 
6.26111 4.8055 
6.29583 4.821 
6.33078 4.83656 
6.36594 4.85218 
6.40133 4.86787 
6.43694 4.88361 
6.47278 4.89941 
6.50884 4.91527 
6.54513 4.9312 
6.58166 4.94718 
6.61841 4.96323 
6.6554 4.97934 
6.69262 4.9955 
6.73008 5.01174 
6.76778 5.02803 
6.80571 5.04439 
6.84389 5.06081 
6.88231 5.07729 
6.92098 5.09384 
6.95989 5.11045 
6.99905 5.12712 
7.03846 5.14386 
7.07812 5.16067 
7.11804 5.17754 
7.15821 5.19447 
7.19864 5.21147 
7.23933 5.22853 
7.28027 5.24567 
7.32148 5.26286 
7.36295 5.28013 
7.40469 5.29746 
7.4467 5.31486 
7.48898 5.33232 
7.53152 5.34986 
7.57434 5.36746 
7.61744 5.38513 
7.66081 5.40287 
7.70447 5.42068 
7.7484 5.43856 
7.79262 5.4565 
7.83712 5.47452 
7.88191 5.49261 
7.92698 5.51077 
7.97235 5.529 
8.01801 5.5473 
8.06397 5.56567 
8.11022 5.58411 
8.15678 5.60263 
8.20363 5.62121 
8.25079 5.63987 
8.29825 5.65861 
8.34602 5.67741 
8.3941 5.69629 
8.44249 5.71525 
8.4912 5.73427 
8.54022 5.75338 
8.58956 5.77255 
8.63923 5.79181 
