0 0 
-0.001001 0.000996998 
-0.002004 0.00198798 
-0.00300901 0.00297294 
-0.00401602 0.00395185 
-0.00502504 0.00492471 
-0.00603607 0.0058915 
-0.00704912 0.0068522 
-0.00806418 0.00780681 
-0.00908125 0.00875531 
-0.0101003 0.00969768 
-0.0111215 0.0106339 
-0.0121446 0.011564 
-0.0131698 0.0124879 
-0.014197 0.0134056 
-0.0152262 0.0143172 
-0.0162575 0.0152225 
-0.0172908 0.0161216 
-0.0183261 0.0170145 
-0.0193635 0.0179011 
-0.0204029 0.0187815 
-0.0214444 0.0196556 
-0.0224879 0.0205234 
-0.0235335 0.0213849 
-0.0245812 0.0222401 
-0.0256309 0.0230889 
-0.0266826 0.0239314 
-0.0277364 0.0247676 
-0.0287923 0.0255973 
-0.0298503 0.0264207 
-0.0309103 0.0272377 
-0.0319725 0.0280483 
-0.0330367 0.0288525 
-0.0341029 0.0296502 
-0.0351713 0.0304415 
-0.0362418 0.0312263 
-0.0373143 0.0320046 
-0.038389 0.0327765 
-0.0394657 0.0335418 
-0.0405446 0.0343006 
-0.0416256 0.0350529 
-0.0427086 0.0357987 
-0.0437938 0.0365379 
-0.0448812 0.0372705 
-0.0459706 0.0379965 
-0.0470621 0.0387159 
-0.0481558 0.0394287 
-0.0492517 0.0401349 
-0.0503496 0.0408345 
-0.0514497 0.0415274 
-0.052552 0.0422137 
-0.0536564 0.0428932 
-0.0547629 0.0435661 
-0.0558716 0.0442323 
-0.0569825 0.0448917 
-0.0580955 0.0455444 
-0.0592107 0.0461904 
-0.0603281 0.0468296 
-0.0614477 0.0474621 
-0.0625694 0.0480878 
-0.0636933 0.0487066 
-0.0648194 0.0493187 
-0.0659477 0.0499239 
-0.0670782 0.0505223 
-0.0682109 0.0511139 
-0.0693459 0.0516986 
-0.070483 0.0522764 
-0.0716223 0.0528473 
-0.0727639 0.0534113 
-0.0739077 0.0539684 
-0.0750537 0.0545186 
-0.0762019 0.0550618 
-0.0773524 0.0555981 
-0.0785052 0.0561274 
-0.0796602 0.0566497 
-0.0808174 0.0571651 
-0.0819769 0.0576734 
-0.0831387 0.0581747 
-0.0843027 0.058669 
-0.085469 0.0591562 
-0.0866376 0.0596363 
-0.0878084 0.0601094 
-0.0889816 0.0605754 
-0.090157 0.0610343 
-0.0913348 0.061486 
-0.0925148 0.0619307 
-0.0936971 0.0623682 
-0.0948818 0.0627985 
-0.0960688 0.0632217 
-0.0972581 0.0636377 
-0.0984497 0.0640465 
-0.0996437 0.0644481 
-0.10084 0.0648425 
-0.102039 0.0652296 
-0.10324 0.0656095 
-0.104443 0.0659821 
-0.105649 0.0663475 
-0.106857 0.0667055 
-0.108067 0.0670563 
-0.10928 0.0673997 
-0.110495 0.0677358 
-0.111713 0.0680646 
-0.112933 0.068386 
-0.114155 0.0687001 
-0.11538 0.0690067 
-0.116607 0.069306 
-0.117837 0.0695978 
-0.119069 0.0698822 
-0.120303 0.0701592 
-0.12154 0.0704287 
-0.12278 0.0706908 
-0.124021 0.0709454 
-0.125266 0.0711925 
-0.126512 0.0714321 
-0.127761 0.0716641 
-0.129013 0.0718886 
-0.130267 0.0721056 
-0.131524 0.072315 
-0.132783 0.0725169 
-0.134044 0.0727111 
-0.135308 0.0728978 
-0.136575 0.0730768 
-0.137844 0.0732482 
-0.139116 0.0734119 
-0.14039 0.073568 
-0.141666 0.0737164 
-0.142946 0.0738571 
-0.144227 0.0739902 
-0.145512 0.0741155 
-0.146798 0.074233 
-0.148088 0.0743429 
-0.14938 0.0744449 
-0.150674 0.0745392 
-0.151971 0.0746257 
-0.153271 0.0747044 
-0.154573 0.0747753 
-0.155878 0.0748383 
-0.157185 0.0748936 
-0.158496 0.0749409 
-0.159808 0.0749804 
-0.161124 0.075012 
-0.162441 0.0750356 
-0.163762 0.0750514 
-0.165085 0.0750592 
-0.166411 0.0750591 
-0.16774 0.075051 
-0.169071 0.0750349 
-0.170405 0.0750109 
-0.171741 0.0749788 
-0.17308 0.0749388 
-0.174422 0.0748906 
-0.175767 0.0748345 
-0.177114 0.0747702 
-0.178464 0.0746979 
-0.179817 0.0746175 
-0.181172 0.074529 
-0.18253 0.0744323 
-0.183891 0.0743275 
-0.185255 0.0742146 
-0.186621 0.0740934 
-0.18799 0.0739641 
-0.189362 0.0738266 
-0.190737 0.0736809 
-0.192114 0.0735269 
-0.193495 0.0733647 
-0.194878 0.0731942 
-0.196263 0.0730154 
-0.197652 0.0728284 
-0.199043 0.072633 
-0.200438 0.0724293 
-0.201835 0.0722172 
-0.203235 0.0719968 
-0.204637 0.0717681 
-0.206043 0.0715309 
-0.207451 0.0712853 
-0.208862 0.0710313 
-0.210277 0.0707689 
-0.211694 0.070498 
-0.213113 0.0702186 
-0.214536 0.0699307 
-0.215962 0.0696344 
-0.21739 0.0693295 
-0.218822 0.0690161 
-0.220256 0.0686941 
-0.221693 0.0683635 
-0.223133 0.0680244 
-0.224577 0.0676767 
-0.226023 0.0673203 
-0.227472 0.0669553 
-0.228924 0.0665817 
-0.230378 0.0661994 
-0.231836 0.0658084 
-0.233297 0.0654087 
-0.234761 0.0650003 
-0.236228 0.0645831 
-0.237697 0.0641572 
-0.23917 0.0637225 
-0.240646 0.063279 
-0.242125 0.0628267 
-0.243607 0.0623656 
-0.245091 0.0618957 
-0.246579 0.0614169 
-0.24807 0.0609292 
-0.249564 0.0604326 
-0.251061 0.0599271 
-0.252561 0.0594127 
-0.254064 0.0588893 
-0.255571 0.0583569 
-0.25708 0.0578156 
-0.258592 0.0572653 
-0.260108 0.0567059 
-0.261626 0.0561376 
-0.263148 0.0555601 
-0.264673 0.0549736 
-0.266201 0.054378 
-0.267732 0.0537733 
-0.269266 0.0531594 
-0.270803 0.0525364 
-0.272343 0.0519043 
-0.273887 0.0512629 
-0.275434 0.0506124 
-0.276984 0.0499526 
-0.278537 0.0492836 
-0.280093 0.0486053 
-0.281652 0.0479177 
-0.283215 0.0472209 
-0.284781 0.0465147 
-0.28635 0.0457992 
-0.287922 0.0450743 
-0.289497 0.04434 
-0.291076 0.0435964 
-0.292658 0.0428433 
-0.294243 0.0420808 
-0.295831 0.0413088 
-0.297423 0.0405274 
-0.299018 0.0397365 
-0.300616 0.038936 
-0.302217 0.038126 
-0.303822 0.0373065 
-0.30543 0.0364774 
-0.307041 0.0356387 
-0.308655 0.0347904 
-0.310273 0.0339324 
-0.311894 0.0330648 
-0.313518 0.0321875 
-0.315146 0.0313005 
-0.316777 0.0304038 
-0.318411 0.0294973 
-0.320049 0.0285811 
-0.32169 0.0276551 
-0.323334 0.0267193 
-0.324982 0.0257736 
-0.326633 0.0248181 
-0.328287 0.0238528 
-0.329945 0.0228775 
-0.331606 0.0218924 
-0.33327 0.0208973 
-0.334938 0.0198923 
-0.336609 0.0188773 
-0.338284 0.0178522 
-0.339962 0.0168172 
-0.341643 0.0157721 
-0.343328 0.014717 
-0.345016 0.0136518 
-0.346707 0.0125764 
-0.348402 0.0114909 
-0.350101 0.0103953 
-0.351803 0.00928951 
-0.353508 0.00817351 
-0.355216 0.00704728 
-0.356929 0.0059108 
-0.358644 0.00476406 
-0.360363 0.00360702 
-0.362086 0.00243966 
-0.363811 0.00126197 
-0.365541 7.39163e-05 
-0.367274 -0.00112453 
-0.36901 -0.00233338 
-0.37075 -0.00355266 
-0.372493 -0.00478241 
-0.37424 -0.00602263 
-0.37599 -0.00727336 
-0.377743 -0.00853462 
-0.379501 -0.00980644 
-0.381261 -0.0110888 
-0.383025 -0.0123818 
-0.384793 -0.0136854 
-0.386564 -0.0149997 
-0.388339 -0.0163247 
-0.390117 -0.0176603 
-0.391899 -0.0190067 
-0.393684 -0.0203638 
-0.395473 -0.0217318 
-0.397265 -0.0231105 
-0.399061 -0.0245 
-0.40086 -0.0259004 
-0.402663 -0.0273117 
-0.404469 -0.0287339 
-0.406279 -0.030167 
-0.408092 -0.031611 
-0.409909 -0.0330661 
-0.41173 -0.0345321 
-0.413554 -0.0360092 
-0.415381 -0.0374974 
-0.417213 -0.0389966 
-0.419047 -0.040507 
-0.420885 -0.0420285 
-0.422727 -0.0435612 
-0.424573 -0.045105 
-0.426421 -0.0466601 
-0.428274 -0.0482264 
-0.43013 -0.0498041 
-0.431989 -0.051393 
-0.433853 -0.0529932 
-0.435719 -0.0546048 
-0.437589 -0.0562278 
-0.439463 -0.0578622 
-0.441341 -0.0595081 
-0.443222 -0.0611654 
-0.445106 -0.0628342 
-0.446994 -0.0645146 
-0.448886 -0.0662065 
-0.450781 -0.06791 
-0.45268 -0.0696251 
-0.454582 -0.0713519 
-0.456488 -0.0730903 
-0.458397 -0.0748404 
-0.46031 -0.0766023 
-0.462227 -0.0783759 
-0.464147 -0.0801613 
-0.46607 -0.0819585 
-0.467998 -0.0837676 
-0.469928 -0.0855885 
-0.471863 -0.0874214 
-0.473801 -0.0892662 
-0.475742 -0.0911229 
-0.477687 -0.0929917 
-0.479635 -0.0948725 
-0.481587 -0.0967653 
-0.483543 -0.0986702 
-0.485502 -0.100587 
-0.487465 -0.102517 
-0.489431 -0.104458 
-0.491401 -0.106412 
-0.493374 -0.108377 
-0.495351 -0.110356 
-0.497331 -0.112346 
-0.499315 -0.114349 
-0.501302 -0.116364 
-0.503293 -0.118391 
-0.505287 -0.120431 
-0.507285 -0.122484 
-0.509286 -0.124549 
-0.511291 -0.126626 
-0.513299 -0.128716 
-0.515311 -0.130819 
-0.517326 -0.132934 
-0.519345 -0.135062 
-0.521367 -0.137203 
-0.523393 -0.139356 
-0.525422 -0.141523 
-0.527455 -0.143702 
-0.529491 -0.145893 
-0.53153 -0.148098 
-0.533573 -0.150316 
-0.535619 -0.152546 
-0.537669 -0.15479 
-0.539722 -0.157046 
-0.541778 -0.159316 
-0.543838 -0.161598 
-0.545901 -0.163894 
-0.547968 -0.166203 
-0.550038 -0.168525 
-0.552111 -0.17086 
-0.554188 -0.173209 
-0.556268 -0.17557 
-0.558352 -0.177945 
-0.560438 -0.180334 
-0.562528 -0.182736 
-0.564622 -0.185151 
-0.566718 -0.18758 
-0.568818 -0.190022 
-0.570921 -0.192478 
-0.573028 -0.194947 
-0.575137 -0.19743 
-0.57725 -0.199927 
-0.579366 -0.202437 
-0.581486 -0.204961 
-0.583608 -0.207499 
-0.585734 -0.210051 
-0.587863 -0.212616 
-0.589995 -0.215195 
-0.59213 -0.217789 
-0.594269 -0.220396 
-0.59641 -0.223017 
-0.598555 -0.225652 
-0.600703 -0.228301 
-0.602853 -0.230965 
-0.605007 -0.233642 
-0.607164 -0.236334 
-0.609324 -0.23904 
-0.611487 -0.24176 
-0.613653 -0.244495 
-0.615822 -0.247244 
-0.617994 -0.250007 
-0.620169 -0.252785 
-0.622347 -0.255577 
-0.624528 -0.258384 
-0.626712 -0.261205 
-0.628898 -0.264041 
-0.631088 -0.266891 
-0.63328 -0.269756 
-0.635476 -0.272636 
-0.637674 -0.27553 
-0.639874 -0.27844 
-0.642078 -0.281364 
-0.644284 -0.284303 
-0.646493 -0.287257 
-0.648705 -0.290226 
-0.65092 -0.29321 
-0.653137 -0.296209 
-0.655357 -0.299223 
-0.657579 -0.302252 
-0.659805 -0.305297 
-0.662032 -0.308357 
-0.664262 -0.311431 
-0.666495 -0.314522 
-0.668731 -0.317627 
-0.670968 -0.320748 
-0.673209 -0.323885 
-0.675451 -0.327037 
-0.677697 -0.330204 
-0.679944 -0.333387 
-0.682194 -0.336586 
-0.684446 -0.3398 
-0.686701 -0.34303 
-0.688958 -0.346276 
-0.691217 -0.349537 
-0.693478 -0.352815 
-0.695742 -0.356108 
-0.698008 -0.359417 
-0.700276 -0.362742 
-0.702546 -0.366084 
-0.704818 -0.369441 
-0.707092 -0.372814 
-0.709368 -0.376204 
-0.711646 -0.37961 
-0.713926 -0.383032 
-0.716208 -0.386471 
-0.718493 -0.389925 
-0.720778 -0.393397 
-0.723066 -0.396884 
-0.725356 -0.400388 
-0.727647 -0.403909 
-0.72994 -0.407446 
-0.732235 -0.411 
-0.734531 -0.414571 
-0.736829 -0.418159 
-0.739129 -0.421763 
-0.74143 -0.425384 
-0.743732 -0.429022 
-0.746036 -0.432677 
-0.748342 -0.436349 
-0.750649 -0.440038 
-0.752957 -0.443744 
-0.755267 -0.447467 
-0.757578 -0.451207 
-0.75989 -0.454965 
-0.762204 -0.45874 
-0.764518 -0.462533 
-0.766834 -0.466342 
-0.76915 -0.47017 
-0.771468 -0.474014 
-0.773787 -0.477877 
-0.776107 -0.481756 
-0.778427 -0.485654 
-0.780749 -0.489569 
-0.783071 -0.493502 
-0.785394 -0.497453 
-0.787717 -0.501422 
-0.790042 -0.505409 
-0.792367 -0.509413 
-0.794692 -0.513436 
-0.797018 -0.517477 
-0.799345 -0.521536 
-0.801672 -0.525613 
-0.803999 -0.529709 
-0.806326 -0.533822 
-0.808654 -0.537954 
-0.810982 -0.542105 
-0.81331 -0.546274 
-0.815639 -0.550462 
-0.817967 -0.554668 
-0.820295 -0.558892 
-0.822623 -0.563136 
-0.824951 -0.567398 
-0.827279 -0.571679 
-0.829607 -0.575979 
-0.831934 -0.580298 
-0.834261 -0.584636 
-0.836588 -0.588993 
-0.838914 -0.593369 
-0.841239 -0.597764 
-0.843564 -0.602178 
-0.845888 -0.606612 
-0.848211 -0.611065 
-0.850534 -0.615537 
-0.852856 -0.620029 
-0.855177 -0.624541 
-0.857496 -0.629071 
-0.859815 -0.633622 
-0.862133 -0.638192 
-0.864449 -0.642782 
-0.866764 -0.647392 
-0.869078 -0.652022 
-0.87139 -0.656671 
-0.873701 -0.661341 
-0.87601 -0.66603 
-0.878318 -0.67074 
-0.880624 -0.67547 
-0.882928 -0.68022 
-0.88523 -0.68499 
-0.88753 -0.689781 
-0.889828 -0.694592 
-0.892124 -0.699424 
-0.894418 -0.704276 
-0.89671 -0.709149 
-0.898999 -0.714043 
-0.901286 -0.718957 
-0.903571 -0.723892 
-0.905853 -0.728848 
-0.908132 -0.733825 
-0.910408 -0.738822 
-0.912682 -0.743841 
-0.914952 -0.748881 
-0.91722 -0.753942 
-0.919484 -0.759025 
-0.921745 -0.764128 
-0.924003 -0.769254 
-0.926258 -0.7744 
-0.928509 -0.779568 
-0.930756 -0.784758 
-0.933 -0.789969 
-0.93524 -0.795202 
-0.937477 -0.800456 
-0.939709 -0.805733 
-0.941937 -0.811031 
-0.944161 -0.816352 
-0.946381 -0.821694 
-0.948596 -0.827059 
-0.950807 -0.832445 
-0.953013 -0.837854 
-0.955215 -0.843286 
-0.957412 -0.848739 
-0.959604 -0.854215 
-0.961791 -0.859714 
-0.963973 -0.865235 
-0.966149 -0.870779 
-0.968321 -0.876345 
-0.970487 -0.881935 
-0.972647 -0.887547 
-0.974802 -0.893182 
-0.976951 -0.89884 
-0.979094 -0.904521 
-0.981231 -0.910225 
-0.983362 -0.915953 
-0.985486 -0.921704 
-0.987604 -0.927478 
-0.989716 -0.933275 
-0.991821 -0.939097 
-0.99392 -0.944941 
-0.996011 -0.950809 
-0.998096 -0.956701 
-1.00017 -0.962617 
-1.00224 -0.968557 
-1.00431 -0.97452 
-1.00636 -0.980508 
-1.00841 -0.986519 
-1.01045 -0.992555 
-1.01248 -0.998615 
-1.0145 -1.0047 
-1.01652 -1.01081 
-1.01853 -1.01694 
-1.02052 -1.0231 
-1.02251 -1.02928 
-1.0245 -1.03549 
-1.02647 -1.04172 
-1.02843 -1.04798 
-1.03039 -1.05426 
-1.03233 -1.06056 
-1.03426 -1.06689 
-1.03619 -1.07325 
-1.03811 -1.07963 
-1.04001 -1.08604 
-1.04191 -1.09247 
-1.04379 -1.09893 
-1.04567 -1.10541 
-1.04753 -1.11192 
-1.04938 -1.11846 
-1.05123 -1.12502 
-1.05306 -1.1316 
-1.05488 -1.13821 
-1.05669 -1.14485 
-1.05848 -1.15152 
-1.06027 -1.15821 
-1.06204 -1.16492 
-1.0638 -1.17166 
-1.06555 -1.17843 
-1.06729 -1.18523 
-1.06901 -1.19205 
-1.07072 -1.1989 
-1.07242 -1.20577 
-1.0741 -1.21267 
-1.07577 -1.2196 
-1.07743 -1.22656 
-1.07907 -1.23354 
-1.0807 -1.24055 
-1.08232 -1.24759 
-1.08392 -1.25465 
-1.08551 -1.26174 
-1.08708 -1.26886 
-1.08863 -1.27601 
-1.09018 -1.28318 
-1.0917 -1.29038 
-1.09321 -1.29761 
-1.09471 -1.30487 
-1.09619 -1.31215 
-1.09765 -1.31947 
-1.09909 -1.32681 
-1.10052 -1.33418 
-1.10194 -1.34157 
-1.10333 -1.349 
-1.10471 -1.35645 
-1.10607 -1.36394 
-1.10741 -1.37145 
-1.10874 -1.37899 
-1.11005 -1.38656 
-1.11133 -1.39415 
-1.1126 -1.40178 
-1.11385 -1.40943 
-1.11509 -1.41712 
-1.1163 -1.42483 
-1.11749 -1.43257 
-1.11866 -1.44035 
-1.11982 -1.44815 
-1.12095 -1.45598 
-1.12206 -1.46384 
-1.12315 -1.47173 
-1.12422 -1.47965 
-1.12527 -1.4876 
-1.1263 -1.49558 
-1.1273 -1.50359 
-1.12828 -1.51163 
-1.12924 -1.5197 
-1.13018 -1.5278 
-1.1311 -1.53593 
-1.13199 -1.54409 
-1.13285 -1.55228 
-1.1337 -1.5605 
-1.13452 -1.56875 
-1.13531 -1.57704 
-1.13609 -1.58535 
-1.13683 -1.5937 
-1.13755 -1.60207 
-1.13825 -1.61048 
-1.13892 -1.61892 
-1.13956 -1.62739 
-1.14018 -1.63589 
-1.14077 -1.64442 
-1.14134 -1.65299 
-1.14187 -1.66159 
-1.14238 -1.67021 
-1.14286 -1.67887 
-1.14332 -1.68757 
-1.14374 -1.69629 
-1.14414 -1.70504 
-1.1445 -1.71383 
-1.14484 -1.72265 
-1.14515 -1.73151 
-1.14542 -1.74039 
-1.14567 -1.74931 
-1.14589 -1.75826 
-1.14607 -1.76724 
-1.14622 -1.77626 
-1.14634 -1.78531 
-1.14643 -1.79439 
-1.14649 -1.8035 
-1.14651 -1.81265 
-1.1465 -1.82183 
-1.14646 -1.83105 
-1.14639 -1.8403 
-1.14627 -1.84958 
-1.14613 -1.85889 
-1.14595 -1.86824 
-1.14573 -1.87763 
-1.14548 -1.88704 
-1.14519 -1.89649 
-1.14487 -1.90598 
-1.14451 -1.9155 
-1.14411 -1.92505 
-1.14367 -1.93464 
-1.1432 -1.94426 
-1.14268 -1.95392 
-1.14213 -1.96361 
-1.14154 -1.97333 
-1.14091 -1.9831 
-1.14024 -1.99289 
-1.13953 -2.00272 
-1.13877 -2.01259 
-1.13798 -2.02249 
-1.13714 -2.03242 
-1.13627 -2.0424 
-1.13535 -2.0524 
-1.13438 -2.06244 
-1.13338 -2.07252 
-1.13233 -2.08264 
-1.13123 -2.09278 
-1.13009 -2.10297 
-1.12891 -2.11319 
-1.12768 -2.12345 
-1.1264 -2.13374 
-1.12508 -2.14407 
-1.1237 -2.15444 
-1.12229 -2.16484 
-1.12082 -2.17528 
-1.11931 -2.18575 
-1.11774 -2.19626 
-1.11613 -2.20681 
-1.11447 -2.2174 
-1.11275 -2.22802 
-1.11099 -2.23868 
-1.10917 -2.24937 
-1.10731 -2.26011 
-1.10539 -2.27088 
-1.10341 -2.28169 
-1.10139 -2.29253 
-1.09931 -2.30341 
-1.09717 -2.31433 
-1.09498 -2.32529 
-1.09274 -2.33629 
-1.09044 -2.34732 
-1.08808 -2.35839 
-1.08567 -2.3695 
-1.08319 -2.38065 
-1.08066 -2.39184 
-1.07808 -2.40306 
-1.07543 -2.41432 
-1.07272 -2.42562 
-1.06995 -2.43696 
-1.06712 -2.44834 
-1.06423 -2.45976 
-1.06128 -2.47121 
-1.05826 -2.48271 
-1.05518 -2.49424 
-1.05204 -2.50581 
-1.04883 -2.51742 
-1.04556 -2.52907 
-1.04222 -2.54076 
-1.03882 -2.55249 
-1.03535 -2.56426 
-1.03181 -2.57606 
-1.0282 -2.58791 
-1.02453 -2.5998 
-1.02078 -2.61172 
-1.01697 -2.62369 
-1.01308 -2.63569 
-1.00912 -2.64774 
-1.0051 -2.65982 
-1.001 -2.67195 
-0.996822 -2.68412 
-0.992574 -2.69632 
-0.988252 -2.70857 
-0.983854 -2.72085 
-0.979381 -2.73318 
-0.974831 -2.74555 
-0.970204 -2.75795 
-0.965499 -2.7704 
-0.960715 -2.78289 
-0.955852 -2.79542 
-0.95091 -2.80799 
-0.945886 -2.8206 
-0.940781 -2.83325 
-0.935595 -2.84594 
-0.930325 -2.85868 
-0.924972 -2.87145 
-0.919534 -2.88427 
-0.914011 -2.89712 
-0.908403 -2.91002 
-0.902708 -2.92296 
-0.896926 -2.93594 
-0.891056 -2.94896 
-0.885098 -2.96203 
-0.879049 -2.97513 
-0.872911 -2.98828 
-0.866681 -3.00147 
-0.86036 -3.0147 
-0.853945 -3.02797 
-0.847438 -3.04128 
-0.840836 -3.05464 
-0.834139 -3.06803 
-0.827347 -3.08147 
-0.820458 -3.09495 
-0.813471 -3.10847 
-0.806386 -3.12204 
-0.799202 -3.13564 
-0.791918 -3.14929 
-0.784533 -3.16298 
-0.777047 -3.17672 
-0.769458 -3.19049 
-0.761766 -3.20431 
-0.75397 -3.21817 
-0.746068 -3.23207 
-0.738061 -3.24601 
-0.729947 -3.26 
-0.721725 -3.27403 
-0.713395 -3.2881 
-0.704956 -3.30221 
-0.696405 -3.31637 
-0.687744 -3.33056 
-0.678971 -3.3448 
-0.670084 -3.35909 
-0.661084 -3.37341 
-0.651969 -3.38778 
-0.642737 -3.40219 
-0.633389 -3.41664 
-0.623924 -3.43114 
-0.614339 -3.44568 
-0.604635 -3.46026 
-0.594811 -3.47488 
-0.584865 -3.48954 
-0.574796 -3.50425 
-0.564604 -3.519 
-0.554288 -3.53379 
-0.543846 -3.54863 
-0.533277 -3.5635 
-0.522581 -3.57842 
-0.511757 -3.59339 
-0.500803 -3.60839 
-0.489719 -3.62344 
-0.478503 -3.63852 
-0.467155 -3.65366 
-0.455673 -3.66883 
-0.444056 -3.68404 
-0.432304 -3.6993 
-0.420416 -3.7146 
-0.408389 -3.72994 
-0.396224 -3.74533 
-0.383919 -3.76075 
-0.371473 -3.77622 
-0.358885 -3.79173 
-0.346153 -3.80728 
-0.333278 -3.82287 
-0.320257 -3.83851 
-0.30709 -3.85419 
-0.293776 -3.8699 
-0.280313 -3.88566 
-0.2667 -3.90146 
-0.252936 -3.91731 
-0.239021 -3.93319 
-0.224952 -3.94912 
-0.210729 -3.96508 
-0.196351 -3.98109 
-0.181816 -3.99714 
-0.167124 -4.01322 
-0.152272 -4.02935 
-0.137261 -4.04552 
-0.122088 -4.06173 
-0.106754 -4.07798 
-0.0912552 -4.09427 
-0.0755921 -4.1106 
-0.0597631 -4.12697 
-0.0437669 -4.14338 
-0.0276024 -4.15983 
-0.0112685 -4.17632 
0.00523625 -4.19285 
0.0219129 -4.20942 
0.0387628 -4.22603 
0.055787 -4.24267 
0.0729869 -4.25936 
0.0903637 -4.27608 
0.107919 -4.29285 
0.125653 -4.30965 
0.143568 -4.32648 
0.161664 -4.34336 
0.179944 -4.36027 
0.198409 -4.37722 
0.217059 -4.39421 
0.235895 -4.41124 
0.254921 -4.4283 
0.274135 -4.4454 
0.293541 -4.46253 
0.313138 -4.4797 
0.332929 -4.49691 
0.352915 -4.51415 
0.373096 -4.53143 
0.393475 -4.54874 
0.414053 -4.56609 
0.43483 -4.58347 
0.455809 -4.60089 
0.47699 -4.61834 
0.498376 -4.63582 
0.519966 -4.65334 
0.541763 -4.67089 
0.563768 -4.68847 
0.585982 -4.70609 
0.608407 -4.72374 
0.631044 -4.74142 
0.653894 -4.75913 
0.676958 -4.77687 
0.700239 -4.79464 
0.723737 -4.81244 
0.747453 -4.83027 
0.77139 -4.84813 
0.795548 -4.86603 
0.819929 -4.88394 
0.844534 -4.90189 
0.869365 -4.91987 
0.894422 -4.93787 
0.919708 -4.9559 
0.945223 -4.97395 
0.97097 -4.99204 
0.996949 -5.01014 
1.02316 -5.02828 
1.04961 -5.04643 
1.07629 -5.06461 
1.10322 -5.08282 
1.13038 -5.10104 
1.15778 -5.11929 
1.18542 -5.13757 
1.21331 -5.15586 
1.24144 -5.17417 
1.26982 -5.1925 
1.29845 -5.21086 
1.32732 -5.22923 
1.35645 -5.24762 
1.38582 -5.26603 
1.41545 -5.28445 
1.44533 -5.30289 
1.47547 -5.32135 
1.50587 -5.33982 
1.53653 -5.3583 
1.56744 -5.3768 
1.59862 -5.39532 
1.63005 -5.41384 
1.66176 -5.43237 
1.69372 -5.45092 
1.72596 -5.46947 
1.75846 -5.48804 
1.79123 -5.50661 
1.82427 -5.52519 
1.85758 -5.54377 
1.89117 -5.56236 
1.92503 -5.58096 
1.95916 -5.59956 
1.99357 -5.61816 
2.02826 -5.63676 
2.06323 -5.65537 
2.09848 -5.67397 
2.13401 -5.69257 
2.16983 -5.71117 
2.20593 -5.72977 
2.24231 -5.74836 
2.27899 -5.76695 
2.31595 -5.78553 
2.35319 -5.8041 
2.39073 -5.82266 
2.42856 -5.84122 
2.46669 -5.85976 
2.50511 -5.87829 
2.54382 -5.89681 
2.58283 -5.91531 
2.62213 -5.93379 
2.66173 -5.95226 
2.70164 -5.97071 
2.74184 -5.98914 
2.78234 -6.00755 
2.82315 -6.02593 
2.86426 -6.04429 
2.90568 -6.06263 
2.94739 -6.08094 
2.98942 -6.09922 
3.03175 -6.11746 
3.07439 -6.13568 
3.11734 -6.15386 
3.1606 -6.17201 
3.20418 -6.19012 
3.24806 -6.2082 
3.29225 -6.22623 
3.33676 -6.24422 
3.38158 -6.26217 
3.42671 -6.28007 
3.47216 -6.29793 
3.51793 -6.31573 
3.56401 -6.33349 
3.61041 -6.35119 
3.65713 -6.36884 
3.70417 -6.38643 
3.75152 -6.40396 
3.79919 -6.42143 
3.84719 -6.43884 
3.8955 -6.45618 
3.94413 -6.47346 
3.99309 -6.49066 
4.04236 -6.50779 
4.09196 -6.52485 
4.14188 -6.54184 
4.19212 -6.55874 
4.24268 -6.57557 
4.29357 -6.59231 
4.34477 -6.60896 
4.3963 -6.62552 
4.44815 -6.642 
4.50033 -6.65838 
4.55282 -6.67466 
4.60564 -6.69085 
4.65878 -6.70693 
4.71224 -6.7229 
4.76602 -6.73877 
4.82013 -6.75453 
4.87455 -6.77018 
4.9293 -6.78571 
4.98436 -6.80112 
5.03974 -6.81641 
5.09545 -6.83157 
5.15147 -6.8466 
5.2078 -6.8615 
5.26446 -6.87627 
5.32143 -6.89089 
5.37871 -6.90538 
5.43631 -6.91971 
5.49422 -6.9339 
5.55244 -6.94794 
5.61098 -6.96182 
5.66982 -6.97554 
5.72897 -6.9891 
5.78843 -7.00249 
5.8482 -7.01571 
5.90826 -7.02875 
5.96863 -7.04161 
6.02931 -7.05429 
6.09028 -7.06679 
6.15155 -7.07909 
6.21311 -7.09119 
6.27497 -7.1031 
6.33712 -7.1148 
6.39956 -7.12629 
6.46228 -7.13757 
6.52529 -7.14863 
6.58859 -7.15947 
6.65216 -7.17008 
6.71602 -7.18046 
6.78015 -7.19061 
6.84455 -7.20051 
6.90922 -7.21017 
6.97416 -7.21957 
7.03936 -7.22872 
7.10482 -7.23761 
7.17054 -7.24623 
7.23652 -7.25457 
7.30274 -7.26264 
7.36922 -7.27043 
7.43594 -7.27793 
7.5029 -7.28513 
7.57009 -7.29204 
7.63752 -7.29864 
7.70518 -7.30493 
7.77307 -7.3109 
7.84117 -7.31655 
7.9095 -7.32187 
7.97803 -7.32685 
8.04677 -7.33149 
8.11572 -7.33579 
8.18486 -7.33973 
8.2542 -7.34331 
8.32372 -7.34653 
8.39343 -7.34937 
8.46332 -7.35183 
8.53338 -7.3539 
8.60361 -7.35559 
8.67401 -7.35687 
8.74455 -7.35774 
8.81525 -7.3582 
8.8861 -7.35824 
8.95708 -7.35785 
9.0282 -7.35703 
9.09945 -7.35577 
9.17081 -7.35405 
9.24229 -7.35188 
9.31388 -7.34924 
9.38557 -7.34613 
9.45735 -7.34254 
9.52922 -7.33847 
9.60117 -7.3339 
9.6732 -7.32882 
9.74529 -7.32324 
9.81743 -7.31714 
9.88963 -7.31051 
9.96188 -7.30334 
10.0342 -7.29564 
10.1065 -7.28738 
10.1788 -7.27857 
10.2511 -7.26919 
10.3235 -7.25924 
10.3958 -7.2487 
10.4681 -7.23757 
10.5405 -7.22584 
10.6127 -7.21351 
10.685 -7.20056 
10.7572 -7.18698 
10.8293 -7.17278 
10.9014 -7.15793 
10.9734 -7.14243 
11.0453 -7.12627 
11.1171 -7.10945 
11.1888 -7.09195 
11.2605 -7.07377 
11.332 -7.0549 
11.4033 -7.03533 
11.4746 -7.01505 
11.5456 -6.99405 
11.6166 -6.97233 
11.6873 -6.94988 
11.7579 -6.92668 
11.8283 -6.90274 
11.8985 -6.87804 
11.9685 -6.85257 
12.0383 -6.82633 
12.1079 -6.7993 
12.1772 -6.77149 
12.2463 -6.74288 
12.3151 -6.71346 
12.3837 -6.68324 
12.452 -6.65219 
12.52 -6.62031 
12.5877 -6.5876 
12.6551 -6.55405 
12.7222 -6.51965 
12.789 -6.48439 
12.8555 -6.44828 
12.9216 -6.41129 
12.9874 -6.37342 
13.0528 -6.33468 
13.1178 -6.29504 
13.1825 -6.25452 
13.2468 -6.21309 
13.3107 -6.17076 
13.3742 -6.12752 
13.4373 -6.08336 
13.5 -6.03828 
13.5622 -5.99228 
13.624 -5.94535 
13.6854 -5.89748 
13.7463 -5.84868 
13.8068 -5.79894 
13.8668 -5.74826 
13.9264 -5.69662 
13.9854 -5.64404 
14.044 -5.59051 
14.1021 -5.53602 
14.1597 -5.48058 
14.2168 -5.42418 
14.2734 -5.36682 
14.3295 -5.3085 
14.3851 -5.24922 
14.4402 -5.18899 
14.4947 -5.12779 
14.5487 -5.06564 
14.6022 -5.00253 
14.6552 -4.93847 
14.7076 -4.87345 
14.7595 -4.80748 
14.8109 -4.74056 
14.8617 -4.67269 
14.912 -4.60389 
14.9617 -4.53414 
15.011 -4.46346 
15.0596 -4.39186 
15.1078 -4.31933 
15.1554 -4.24588 
15.2024 -4.17152 
15.249 -4.09625 
15.295 -4.02009 
15.3405 -3.94304 
15.3855 -3.8651 
15.4299 -3.78629 
15.4739 -3.70662 
15.5173 -3.62609 
15.5602 -3.54471 
15.6027 -3.4625 
15.6446 -3.37946 
15.6861 -3.29561 
15.7271 -3.21096 
15.7676 -3.12551 
15.8077 -3.03929 
15.8473 -2.9523 
15.8865 -2.86455 
15.9253 -2.77607 
15.9636 -2.68687 
16.0016 -2.59695 
16.0391 -2.50634 
16.0763 -2.41505 
16.1131 -2.3231 
16.1496 -2.23049 
16.1857 -2.13726 
16.2214 -2.04341 
16.2569 -1.94896 
16.2921 -1.85393 
16.327 -1.75833 
16.3616 -1.66219 
16.3959 -1.56553 
16.4301 -1.46835 
16.464 -1.37068 
16.4977 -1.27255 
16.5312 -1.17396 
16.5646 -1.07494 
16.5978 -0.9755 
16.6309 -0.875672 
16.6638 -0.77547 
16.6967 -0.674915 
16.7295 -0.574027 
16.7623 -0.472827 
16.795 -0.371334 
16.8278 -0.269569 
16.8605 -0.167552 
16.8933 -0.0653055 
16.9261 0.0371515 
16.959 0.139798 
16.992 0.242614 
17.0251 0.345577 
17.0583 0.448669 
17.0917 0.551868 
17.1253 0.655154 
17.1591 0.758506 
17.1931 0.861906 
17.2274 0.965331 
17.2619 1.06876 
17.2967 1.17218 
17.3318 1.27557 
17.3673 1.3789 
17.4031 1.48217 
17.4393 1.58534 
17.4759 1.68841 
17.5129 1.79134 
17.5504 1.89414 
17.5883 1.99677 
17.6267 2.09922 
17.6656 2.20147 
17.7051 2.30351 
17.7451 2.40531 
17.7856 2.50687 
17.8268 2.60817 
17.8686 2.70918 
17.9109 2.8099 
17.954 2.91032 
17.9977 3.01041 
18.0421 3.11016 
18.0872 3.20956 
18.1331 3.3086 
18.1797 3.40726 
18.227 3.50553 
18.2752 3.6034 
18.3241 3.70086 
18.3738 3.7979 
18.4244 3.8945 
18.4759 3.99065 
18.5282 4.08635 
18.5814 4.18159 
18.6355 4.27636 
18.6905 4.37064 
18.7465 4.46444 
18.8034 4.55773 
18.8612 4.65053 
18.9201 4.74281 
18.9799 4.83458 
19.0408 4.92582 
19.1026 5.01654 
19.1655 5.10672 
19.2294 5.19637 
19.2944 5.28547 
19.3605 5.37402 
19.4276 5.46203 
19.4959 5.54949 
19.5652 5.63639 
19.6357 5.72273 
19.7073 5.80852 
19.78 5.89374 
19.8539 5.9784 
19.9289 6.0625 
20.0051 6.14604 
20.0825 6.22902 
20.161 6.31143 
20.2408 6.39328 
20.3217 6.47457 
20.4039 6.5553 
20.4873 6.63548 
20.5719 6.71509 
20.6578 6.79415 
20.7449 6.87266 
20.8332 6.95063 
20.9228 7.02804 
21.0137 7.10491 
21.1058 7.18125 
21.1993 7.25705 
21.294 7.33231 
21.39 7.40705 
21.4873 7.48126 
21.5859 7.55496 
21.6858 7.62814 
21.787 7.70081 
21.8895 7.77298 
21.9934 7.84465 
22.0986 7.91583 
22.2051 7.98651 
22.313 8.05672 
22.4222 8.12645 
22.5327 8.19571 
22.6446 8.26451 
22.7579 8.33284 
22.8725 8.40073 
22.9885 8.46817 
23.1059 8.53517 
23.2247 8.60175 
23.3448 8.66789 
23.4663 8.73362 
23.5892 8.79894 
23.7135 8.86385 
23.8392 8.92837 
23.9663 8.99249 
24.0948 9.05624 
24.2247 9.1196 
24.356 9.1826 
24.4888 9.24524 
24.6229 9.30752 
24.7585 9.36945 
24.8956 9.43105 
25.034 9.49231 
25.1739 9.55325 
25.3152 9.61387 
25.458 9.67419 
25.6022 9.73419 
25.7479 9.79391 
25.8951 9.85333 
26.0437 9.91247 
26.1938 9.97134 
26.3453 10.0299 
26.4984 10.0883 
26.6529 10.1464 
26.8089 10.2042 
26.9664 10.2618 
27.1253 10.3192 
27.2858 10.3764 
27.4478 10.4333 
27.6113 10.49 
27.7764 10.5466 
27.9429 10.6029 
28.111 10.659 
28.2806 10.715 
28.4517 10.7708 
28.6244 10.8264 
28.7986 10.8819 
28.9744 10.9372 
29.1518 10.9923 
29.3307 11.0473 
29.5112 11.1022 
29.6933 11.1569 
29.8769 11.2116 
30.0622 11.2661 
30.249 11.3205 
30.4375 11.3748 
30.6275 11.4289 
30.8192 11.483 
31.0125 11.5371 
31.2075 11.591 
31.4041 11.6448 
31.6023 11.6986 
31.8022 11.7524 
32.0038 11.806 
32.207 11.8596 
32.4119 11.9132 
32.6185 11.9667 
32.8268 12.0202 
33.0368 12.0737 
33.2485 12.1271 
33.4619 12.1805 
33.6771 12.2339 
33.8939 12.2873 
34.1126 12.3407 
34.333 12.3941 
34.5552 12.4475 
34.7791 12.5009 
35.0048 12.5543 
35.2323 12.6077 
35.4617 12.6612 
35.6928 12.7146 
35.9258 12.7682 
36.1606 12.8217 
36.3972 12.8753 
36.6357 12.9289 
36.8761 12.9826 
37.1183 13.0363 
