-0.1 0.1 
-0.101191 0.100386 
-0.102385 0.100766 
-0.10358 0.101137 
-0.104778 0.101502 
-0.105979 0.10186 
-0.107182 0.10221 
-0.108387 0.102552 
-0.109594 0.102888 
-0.110804 0.103216 
-0.112016 0.103537 
-0.113231 0.10385 
-0.114447 0.104157 
-0.115667 0.104455 
-0.116888 0.104747 
-0.118112 0.105031 
-0.119339 0.105307 
-0.120567 0.105577 
-0.121799 0.105838 
-0.123032 0.106093 
-0.124268 0.106339 
-0.125507 0.106579 
-0.126748 0.106811 
-0.127991 0.107035 
-0.129237 0.107252 
-0.130485 0.107461 
-0.131735 0.107663 
-0.132989 0.107857 
-0.134244 0.108044 
-0.135502 0.108223 
-0.136763 0.108394 
-0.138026 0.108558 
-0.139291 0.108714 
-0.140559 0.108863 
-0.14183 0.109004 
-0.143103 0.109137 
-0.144378 0.109263 
-0.145656 0.109381 
-0.146937 0.109491 
-0.14822 0.109594 
-0.149506 0.109688 
-0.150794 0.109775 
-0.152085 0.109855 
-0.153378 0.109926 
-0.154674 0.10999 
-0.155973 0.110046 
-0.157274 0.110094 
-0.158578 0.110135 
-0.159884 0.110167 
-0.161193 0.110192 
-0.162505 0.110208 
-0.163819 0.110217 
-0.165136 0.110218 
-0.166455 0.110211 
-0.167777 0.110196 
-0.169102 0.110174 
-0.170429 0.110143 
-0.171759 0.110104 
-0.173092 0.110058 
-0.174427 0.110003 
-0.175766 0.10994 
-0.177106 0.10987 
-0.17845 0.109791 
-0.179796 0.109704 
-0.181145 0.109609 
-0.182497 0.109506 
-0.183851 0.109395 
-0.185208 0.109276 
-0.186568 0.109149 
-0.187931 0.109014 
-0.189296 0.10887 
-0.190664 0.108718 
-0.192035 0.108558 
-0.193409 0.10839 
-0.194785 0.108214 
-0.196164 0.108029 
-0.197546 0.107837 
-0.198931 0.107636 
-0.200319 0.107426 
-0.201709 0.107209 
-0.203103 0.106983 
-0.204499 0.106749 
-0.205898 0.106506 
-0.2073 0.106255 
-0.208705 0.105996 
-0.210112 0.105728 
-0.211523 0.105452 
-0.212936 0.105168 
-0.214352 0.104875 
-0.215771 0.104573 
-0.217194 0.104264 
-0.218619 0.103945 
-0.220046 0.103619 
-0.221477 0.103283 
-0.222911 0.10294 
-0.224348 0.102587 
-0.225787 0.102226 
-0.22723 0.101857 
-0.228675 0.101479 
-0.230124 0.101092 
-0.231576 0.100697 
-0.23303 0.100293 
-0.234488 0.0998804 
-0.235948 0.0994591 
-0.237412 0.0990292 
-0.238878 0.0985906 
-0.240348 0.0981432 
-0.24182 0.0976871 
-0.243296 0.0972223 
-0.244775 0.0967487 
-0.246256 0.0962662 
-0.247741 0.095775 
-0.249229 0.095275 
-0.25072 0.0947661 
-0.252214 0.0942484 
-0.253711 0.0937218 
-0.255211 0.0931863 
-0.256714 0.0926419 
-0.258221 0.0920886 
-0.25973 0.0915263 
-0.261243 0.090955 
-0.262759 0.0903748 
-0.264278 0.0897856 
-0.2658 0.0891873 
-0.267325 0.0885801 
-0.268853 0.0879637 
-0.270385 0.0873384 
-0.27192 0.0867039 
-0.273457 0.0860603 
-0.274999 0.0854076 
-0.276543 0.0847457 
-0.27809 0.0840747 
-0.279641 0.0833945 
-0.281195 0.0827051 
-0.282752 0.0820064 
-0.284313 0.0812986 
-0.285876 0.0805815 
-0.287443 0.0798551 
-0.289013 0.0791194 
-0.290587 0.0783744 
-0.292163 0.0776201 
-0.293743 0.0768564 
-0.295327 0.0760833 
-0.296913 0.0753009 
-0.298503 0.074509 
-0.300096 0.0737077 
-0.301692 0.072897 
-0.303292 0.0720768 
-0.304895 0.0712471 
-0.306501 0.0704079 
-0.308111 0.0695592 
-0.309724 0.0687009 
-0.311341 0.067833 
-0.31296 0.0669556 
-0.314584 0.0660685 
-0.31621 0.0651718 
-0.31784 0.0642655 
-0.319473 0.0633495 
-0.32111 0.0624238 
-0.32275 0.0614884 
-0.324393 0.0605432 
-0.32604 0.0595883 
-0.32769 0.0586236 
-0.329344 0.0576491 
-0.331001 0.0566648 
-0.332662 0.0556707 
-0.334325 0.0546667 
-0.335993 0.0536528 
-0.337664 0.052629 
-0.339338 0.0515953 
-0.341016 0.0505516 
-0.342697 0.049498 
-0.344382 0.0484344 
-0.34607 0.0473607 
-0.347761 0.046277 
-0.349457 0.0451833 
-0.351155 0.0440795 
-0.352857 0.0429655 
-0.354563 0.0418415 
-0.356272 0.0407073 
-0.357985 0.0395629 
-0.359701 0.0384083 
-0.36142 0.0372435 
-0.363144 0.0360685 
-0.36487 0.0348832 
-0.366601 0.0336876 
-0.368335 0.0324817 
-0.370072 0.0312655 
-0.371813 0.0300389 
-0.373557 0.0288019 
-0.375306 0.0275545 
-0.377057 0.0262967 
-0.378812 0.0250284 
-0.380571 0.0237497 
-0.382334 0.0224605 
-0.384099 0.0211607 
-0.385869 0.0198504 
-0.387642 0.0185295 
-0.389419 0.017198 
-0.391199 0.0158558 
-0.392983 0.0145031 
-0.394771 0.0131396 
-0.396562 0.0117655 
-0.398357 0.0103806 
-0.400155 0.00898495 
-0.401957 0.00757855 
-0.403763 0.00616134 
-0.405572 0.00473331 
-0.407385 0.00329442 
-0.409202 0.00184465 
-0.411022 0.000383985 
-0.412846 -0.00108762 
-0.414673 -0.00257018 
-0.416504 -0.00406372 
-0.418339 -0.00556827 
-0.420178 -0.00708386 
-0.42202 -0.00861051 
-0.423866 -0.0101483 
-0.425715 -0.0116971 
-0.427568 -0.0132571 
-0.429425 -0.0148283 
-0.431286 -0.0164107 
-0.43315 -0.0180043 
-0.435017 -0.0196091 
-0.436889 -0.0212253 
-0.438764 -0.0228527 
-0.440643 -0.0244915 
-0.442526 -0.0261416 
-0.444412 -0.0278032 
-0.446302 -0.0294761 
-0.448195 -0.0311605 
-0.450092 -0.0328564 
-0.451993 -0.0345638 
-0.453898 -0.0362827 
-0.455806 -0.0380132 
-0.457718 -0.0397553 
-0.459634 -0.041509 
-0.461553 -0.0432744 
-0.463477 -0.0450514 
-0.465403 -0.0468402 
-0.467334 -0.0486407 
-0.469268 -0.0504529 
-0.471206 -0.052277 
-0.473147 -0.0541129 
-0.475092 -0.0559606 
-0.477041 -0.0578202 
-0.478994 -0.0596918 
-0.48095 -0.0615753 
-0.48291 -0.0634708 
-0.484874 -0.0653783 
-0.486841 -0.0672978 
-0.488812 -0.0692295 
-0.490787 -0.0711732 
-0.492765 -0.073129 
-0.494747 -0.0750971 
-0.496733 -0.0770773 
-0.498722 -0.0790698 
-0.500715 -0.0810745 
-0.502712 -0.0830915 
-0.504712 -0.0851208 
-0.506716 -0.0871625 
-0.508724 -0.0892166 
-0.510735 -0.0912832 
-0.51275 -0.0933621 
-0.514769 -0.0954536 
-0.516791 -0.0975576 
-0.518817 -0.0996741 
-0.520846 -0.101803 
-0.52288 -0.103945 
-0.524916 -0.106099 
-0.526957 -0.108267 
-0.529001 -0.110446 
-0.531048 -0.112639 
-0.5331 -0.114844 
-0.535154 -0.117063 
-0.537213 -0.119294 
-0.539275 -0.121538 
-0.54134 -0.123794 
-0.543409 -0.126064 
-0.545482 -0.128347 
-0.547558 -0.130643 
-0.549638 -0.132952 
-0.551722 -0.135274 
-0.553809 -0.137609 
-0.555899 -0.139958 
-0.557993 -0.142319 
-0.56009 -0.144694 
-0.562191 -0.147082 
-0.564296 -0.149484 
-0.566404 -0.151899 
-0.568515 -0.154327 
-0.57063 -0.156768 
-0.572749 -0.159223 
-0.574871 -0.161692 
-0.576996 -0.164174 
-0.579125 -0.16667 
-0.581257 -0.169179 
-0.583393 -0.171702 
-0.585532 -0.174239 
-0.587674 -0.176789 
-0.58982 -0.179354 
-0.591969 -0.181932 
-0.594121 -0.184523 
-0.596277 -0.187129 
-0.598436 -0.189749 
-0.600599 -0.192382 
-0.602765 -0.19503 
-0.604934 -0.197692 
-0.607106 -0.200367 
-0.609282 -0.203057 
-0.611461 -0.205761 
-0.613643 -0.208479 
-0.615829 -0.211212 
-0.618017 -0.213959 
-0.620209 -0.21672 
-0.622404 -0.219495 
-0.624602 -0.222285 
-0.626804 -0.225089 
-0.629008 -0.227908 
-0.631216 -0.230741 
-0.633427 -0.233589 
-0.635641 -0.236451 
-0.637857 -0.239328 
-0.640077 -0.24222 
-0.6423 -0.245127 
-0.644526 -0.248048 
-0.646755 -0.250984 
-0.648987 -0.253935 
-0.651222 -0.256901 
-0.65346 -0.259882 
-0.655701 -0.262878 
-0.657945 -0.265888 
-0.660192 -0.268914 
-0.662441 -0.271955 
-0.664693 -0.275012 
-0.666949 -0.278083 
-0.669207 -0.28117 
-0.671467 -0.284272 
-0.673731 -0.287389 
-0.675997 -0.290522 
-0.678266 -0.29367 
-0.680538 -0.296833 
-0.682812 -0.300012 
-0.685089 -0.303207 
-0.687368 -0.306417 
-0.68965 -0.309643 
-0.691935 -0.312885 
-0.694222 -0.316142 
-0.696512 -0.319415 
-0.698804 -0.322704 
-0.701099 -0.326009 
-0.703396 -0.32933 
-0.705696 -0.332667 
-0.707998 -0.33602 
-0.710302 -0.339389 
-0.712608 -0.342774 
-0.714917 -0.346175 
-0.717228 -0.349593 
-0.719542 -0.353026 
-0.721857 -0.356476 
-0.724175 -0.359943 
-0.726495 -0.363426 
-0.728817 -0.366925 
-0.731141 -0.370441 
-0.733467 -0.373973 
-0.735795 -0.377522 
-0.738125 -0.381088 
-0.740457 -0.38467 
-0.742791 -0.388269 
-0.745127 -0.391885 
-0.747464 -0.395518 
-0.749804 -0.399168 
-0.752145 -0.402834 
-0.754488 -0.406518 
-0.756832 -0.410219 
-0.759179 -0.413936 
-0.761526 -0.417671 
-0.763876 -0.421424 
-0.766227 -0.425193 
-0.768579 -0.42898 
-0.770933 -0.432784 
-0.773288 -0.436606 
-0.775645 -0.440445 
-0.778003 -0.444302 
-0.780362 -0.448176 
-0.782722 -0.452068 
-0.785084 -0.455977 
-0.787447 -0.459904 
-0.789811 -0.46385 
-0.792176 -0.467813 
-0.794542 -0.471793 
-0.796909 -0.475792 
-0.799277 -0.479809 
-0.801645 -0.483844 
-0.804015 -0.487897 
-0.806385 -0.491968 
-0.808757 -0.496058 
-0.811128 -0.500166 
-0.813501 -0.504292 
-0.815874 -0.508436 
-0.818247 -0.512599 
-0.820621 -0.516781 
-0.822995 -0.520981 
-0.82537 -0.525199 
-0.827745 -0.529437 
-0.830121 -0.533693 
-0.832496 -0.537968 
-0.834872 -0.542262 
-0.837247 -0.546575 
-0.839623 -0.550906 
-0.841999 -0.555257 
-0.844375 -0.559627 
-0.84675 -0.564016 
-0.849125 -0.568424 
-0.8515 -0.572852 
-0.853875 -0.577299 
-0.856249 -0.581765 
-0.858623 -0.58625 
-0.860996 -0.590756 
-0.863369 -0.59528 
-0.865741 -0.599825 
-0.868112 -0.604389 
-0.870483 -0.608973 
-0.872853 -0.613576 
-0.875221 -0.6182 
-0.877589 -0.622843 
-0.879956 -0.627507 
-0.882321 -0.63219 
-0.884686 -0.636894 
-0.887049 -0.641618 
-0.889411 -0.646362 
-0.891771 -0.651126 
-0.89413 -0.655911 
-0.896487 -0.660716 
-0.898843 -0.665542 
-0.901196 -0.670389 
-0.903548 -0.675255 
-0.905899 -0.680143 
-0.908247 -0.685051 
-0.910593 -0.689981 
-0.912937 -0.694931 
-0.915279 -0.699902 
-0.917618 -0.704894 
-0.919956 -0.709907 
-0.92229 -0.714941 
-0.924622 -0.719997 
-0.926952 -0.725074 
-0.929279 -0.730172 
-0.931603 -0.735291 
-0.933924 -0.740432 
-0.936242 -0.745595 
-0.938557 -0.750779 
-0.940869 -0.755985 
-0.943177 -0.761212 
-0.945483 -0.766462 
-0.947784 -0.771733 
-0.950083 -0.777026 
-0.952377 -0.782342 
-0.954668 -0.787679 
-0.956955 -0.793039 
-0.959238 -0.79842 
-0.961517 -0.803824 
-0.963792 -0.809251 
-0.966062 -0.8147 
-0.968328 -0.820171 
-0.97059 -0.825665 
-0.972847 -0.831182 
-0.9751 -0.836721 
-0.977347 -0.842283 
-0.97959 -0.847868 
-0.981828 -0.853476 
-0.984061 -0.859107 
-0.986288 -0.864761 
-0.98851 -0.870438 
-0.990727 -0.876138 
-0.992938 -0.881862 
-0.995143 -0.887609 
-0.997343 -0.893379 
-0.999536 -0.899173 
-1.00172 -0.904991 
-1.0039 -0.910832 
-1.00608 -0.916697 
-1.00825 -0.922586 
-1.01041 -0.928498 
-1.01257 -0.934435 
-1.01471 -0.940395 
-1.01686 -0.94638 
-1.01899 -0.952389 
-1.02112 -0.958422 
-1.02324 -0.96448 
-1.02535 -0.970561 
-1.02746 -0.976668 
-1.02955 -0.982799 
-1.03164 -0.988954 
-1.03372 -0.995135 
-1.0358 -1.00134 
-1.03786 -1.00757 
-1.03992 -1.01382 
-1.04196 -1.0201 
-1.044 -1.02641 
-1.04603 -1.03274 
-1.04805 -1.03909 
-1.05007 -1.04548 
-1.05207 -1.05188 
-1.05406 -1.05831 
-1.05604 -1.06477 
-1.05802 -1.07125 
-1.05998 -1.07776 
-1.06193 -1.0843 
-1.06388 -1.09086 
-1.06581 -1.09744 
-1.06773 -1.10405 
-1.06964 -1.11069 
-1.07154 -1.11736 
-1.07343 -1.12405 
-1.07531 -1.13077 
-1.07718 -1.13751 
-1.07903 -1.14428 
-1.08087 -1.15108 
-1.0827 -1.1579 
-1.08452 -1.16475 
-1.08633 -1.17163 
-1.08812 -1.17853 
-1.0899 -1.18546 
-1.09167 -1.19242 
-1.09343 -1.19941 
-1.09517 -1.20642 
-1.0969 -1.21346 
-1.09861 -1.22053 
-1.10031 -1.22762 
-1.102 -1.23475 
-1.10367 -1.2419 
-1.10533 -1.24907 
-1.10697 -1.25628 
-1.1086 -1.26351 
-1.11021 -1.27078 
-1.11181 -1.27807 
-1.11339 -1.28539 
-1.11496 -1.29273 
-1.11651 -1.30011 
-1.11804 -1.30751 
-1.11956 -1.31494 
-1.12106 -1.3224 
-1.12255 -1.32989 
-1.12402 -1.33741 
-1.12547 -1.34496 
-1.1269 -1.35254 
-1.12832 -1.36014 
-1.12971 -1.36777 
-1.13109 -1.37544 
-1.13246 -1.38313 
-1.1338 -1.39085 
-1.13512 -1.39861 
-1.13643 -1.40639 
-1.13771 -1.4142 
-1.13898 -1.42204 
-1.14022 -1.42991 
-1.14145 -1.43781 
-1.14265 -1.44574 
-1.14384 -1.4537 
-1.145 -1.4617 
-1.14615 -1.46972 
-1.14727 -1.47777 
-1.14837 -1.48585 
-1.14944 -1.49397 
-1.1505 -1.50211 
-1.15153 -1.51028 
-1.15254 -1.51849 
-1.15353 -1.52673 
-1.1545 -1.53499 
-1.15544 -1.54329 
-1.15636 -1.55162 
-1.15725 -1.55998 
-1.15812 -1.56838 
-1.15896 -1.5768 
-1.15978 -1.58526 
-1.16057 -1.59375 
-1.16134 -1.60226 
-1.16208 -1.61082 
-1.1628 -1.6194 
-1.16349 -1.62801 
-1.16415 -1.63666 
-1.16479 -1.64534 
-1.1654 -1.65405 
-1.16598 -1.6628 
-1.16653 -1.67158 
-1.16706 -1.68038 
-1.16755 -1.68923 
-1.16802 -1.6981 
-1.16846 -1.70701 
-1.16887 -1.71595 
-1.16924 -1.72493 
-1.16959 -1.73393 
-1.16991 -1.74297 
-1.1702 -1.75205 
-1.17045 -1.76116 
-1.17067 -1.7703 
-1.17087 -1.77947 
-1.17103 -1.78868 
-1.17115 -1.79792 
-1.17124 -1.8072 
-1.1713 -1.81651 
-1.17133 -1.82585 
-1.17132 -1.83523 
-1.17128 -1.84465 
-1.1712 -1.85409 
-1.17109 -1.86358 
-1.17094 -1.87309 
-1.17076 -1.88264 
-1.17053 -1.89223 
-1.17028 -1.90185 
-1.16998 -1.91151 
-1.16965 -1.9212 
-1.16928 -1.93093 
-1.16887 -1.94069 
-1.16842 -1.95049 
-1.16793 -1.96032 
-1.16741 -1.97019 
-1.16684 -1.98009 
-1.16623 -1.99003 
-1.16558 -2.00001 
-1.16489 -2.01002 
-1.16416 -2.02006 
-1.16339 -2.03015 
-1.16257 -2.04027 
-1.16171 -2.05042 
-1.16081 -2.06062 
-1.15986 -2.07085 
-1.15887 -2.08111 
-1.15784 -2.09142 
-1.15676 -2.10175 
-1.15563 -2.11213 
-1.15446 -2.12254 
-1.15324 -2.133 
-1.15197 -2.14348 
-1.15066 -2.15401 
-1.14929 -2.16457 
-1.14788 -2.17517 
-1.14642 -2.18581 
-1.14491 -2.19648 
-1.14335 -2.2072 
-1.14174 -2.21795 
-1.14008 -2.22874 
-1.13837 -2.23956 
-1.1366 -2.25043 
-1.13479 -2.26133 
-1.13291 -2.27227 
-1.13099 -2.28325 
-1.12901 -2.29427 
-1.12698 -2.30533 
-1.12489 -2.31642 
-1.12275 -2.32756 
-1.12055 -2.33873 
-1.11829 -2.34994 
-1.11597 -2.36119 
-1.1136 -2.37249 
-1.11117 -2.38382 
-1.10868 -2.39518 
-1.10613 -2.40659 
-1.10352 -2.41804 
-1.10085 -2.42953 
-1.09812 -2.44106 
-1.09533 -2.45262 
-1.09247 -2.46423 
-1.08955 -2.47588 
-1.08657 -2.48757 
-1.08352 -2.49929 
-1.08041 -2.51106 
-1.07723 -2.52287 
-1.07399 -2.53472 
-1.07068 -2.54661 
-1.0673 -2.55854 
-1.06386 -2.57051 
-1.06034 -2.58252 
-1.05676 -2.59457 
-1.0531 -2.60666 
-1.04938 -2.6188 
-1.04559 -2.63097 
-1.04172 -2.64319 
-1.03778 -2.65545 
-1.03377 -2.66774 
-1.02968 -2.68008 
-1.02552 -2.69247 
-1.02128 -2.70489 
-1.01697 -2.71735 
-1.01258 -2.72986 
-1.00812 -2.74241 
-1.00357 -2.755 
-0.998952 -2.76763 
-0.99425 -2.78031 
-0.989468 -2.79302 
-0.984606 -2.80578 
-0.979662 -2.81858 
-0.974635 -2.83143 
-0.969526 -2.84431 
-0.964333 -2.85724 
-0.959055 -2.87021 
-0.953693 -2.88323 
-0.948244 -2.89628 
-0.942708 -2.90938 
-0.937085 -2.92252 
-0.931374 -2.93571 
-0.925574 -2.94894 
-0.919684 -2.96221 
-0.913703 -2.97552 
-0.907631 -2.98888 
-0.901466 -3.00228 
-0.895209 -3.01573 
-0.888858 -3.02921 
-0.882412 -3.04275 
-0.875871 -3.05632 
-0.869233 -3.06994 
-0.862498 -3.0836 
-0.855665 -3.0973 
-0.848734 -3.11105 
-0.841703 -3.12485 
-0.834571 -3.13868 
-0.827338 -3.15256 
-0.820003 -3.16649 
-0.812565 -3.18046 
-0.805022 -3.19447 
-0.797375 -3.20853 
-0.789622 -3.22263 
-0.781763 -3.23677 
-0.773796 -3.25096 
-0.76572 -3.2652 
-0.757535 -3.27947 
-0.74924 -3.2938 
-0.740834 -3.30816 
-0.732315 -3.32257 
-0.723683 -3.33703 
-0.714938 -3.35153 
-0.706077 -3.36608 
-0.697101 -3.38066 
-0.688008 -3.3953 
-0.678797 -3.40998 
-0.669467 -3.4247 
-0.660017 -3.43947 
-0.650447 -3.45428 
-0.640754 -3.46914 
-0.630939 -3.48404 
-0.621001 -3.49899 
-0.610937 -3.51398 
-0.600748 -3.52901 
-0.590432 -3.54409 
-0.579988 -3.55922 
-0.569416 -3.57439 
-0.558713 -3.5896 
-0.54788 -3.60486 
-0.536914 -3.62017 
-0.525816 -3.63552 
-0.514583 -3.65091 
-0.503215 -3.66635 
-0.491711 -3.68184 
-0.48007 -3.69736 
-0.46829 -3.71294 
-0.456371 -3.72856 
-0.444311 -3.74422 
-0.432109 -3.75993 
-0.419765 -3.77568 
-0.407277 -3.79147 
-0.394643 -3.80732 
-0.381864 -3.8232 
-0.368937 -3.83913 
-0.355861 -3.85511 
-0.342636 -3.87113 
-0.32926 -3.88719 
-0.315732 -3.9033 
-0.302051 -3.91945 
-0.288216 -3.93565 
-0.274225 -3.95189 
-0.260077 -3.96817 
-0.245772 -3.9845 
-0.231308 -4.00087 
-0.216683 -4.01729 
-0.201897 -4.03375 
-0.186948 -4.05026 
-0.171835 -4.0668 
-0.156557 -4.08339 
-0.141112 -4.10003 
-0.1255 -4.11671 
-0.109719 -4.13343 
-0.0937684 -4.1502 
-0.0776459 -4.167 
-0.0613507 -4.18386 
-0.0448816 -4.20075 
-0.0282372 -4.21769 
-0.0114164 -4.23467 
0.00558233 -4.25169 
0.0227601 -4.26875 
0.0401183 -4.28586 
0.0576582 -4.30301 
0.0753811 -4.3202 
0.0932884 -4.33743 
0.111381 -4.35471 
0.129661 -4.37202 
0.14813 -4.38938 
0.166788 -4.40678 
0.185637 -4.42422 
0.204678 -4.4417 
0.223913 -4.45922 
0.243343 -4.47678 
0.26297 -4.49438 
0.282795 -4.51202 
0.302818 -4.5297 
0.323043 -4.54743 
0.343469 -4.56519 
0.364099 -4.58299 
0.384934 -4.60082 
0.405974 -4.6187 
0.427223 -4.63662 
0.44868 -4.65457 
0.470348 -4.67256 
0.492228 -4.69059 
0.514321 -4.70866 
0.536628 -4.72676 
0.559152 -4.7449 
0.581894 -4.76308 
0.604854 -4.7813 
0.628035 -4.79955 
0.651438 -4.81783 
0.675064 -4.83615 
0.698916 -4.85451 
0.722993 -4.8729 
0.747298 -4.89132 
0.771833 -4.90978 
0.796598 -4.92827 
0.821595 -4.9468 
0.846826 -4.96535 
0.872293 -4.98394 
0.897995 -5.00256 
0.923936 -5.02122 
0.950117 -5.0399 
0.976539 -5.05862 
1.0032 -5.07736 
1.03011 -5.09614 
1.05727 -5.11494 
1.08467 -5.13378 
1.11232 -5.15264 
1.14022 -5.17153 
1.16837 -5.19044 
1.19677 -5.20939 
1.22543 -5.22836 
1.25434 -5.24735 
1.28352 -5.26638 
1.31295 -5.28542 
1.34264 -5.30449 
1.37259 -5.32358 
1.40281 -5.3427 
1.4333 -5.36184 
1.46404 -5.381 
1.49506 -5.40018 
1.52635 -5.41938 
1.55791 -5.4386 
1.58974 -5.45784 
1.62184 -5.4771 
1.65422 -5.49638 
1.68688 -5.51567 
1.71982 -5.53498 
1.75303 -5.55431 
1.78653 -5.57365 
1.82031 -5.593 
1.85438 -5.61237 
1.88873 -5.63174 
1.92336 -5.65113 
1.95829 -5.67053 
1.99351 -5.68994 
2.02902 -5.70936 
2.06482 -5.72879 
2.10091 -5.74822 
2.13731 -5.76766 
2.17399 -5.78711 
2.21098 -5.80655 
2.24827 -5.82601 
2.28586 -5.84546 
2.32375 -5.86491 
2.36195 -5.88437 
2.40045 -5.90382 
2.43926 -5.92327 
2.47838 -5.94272 
2.51781 -5.96216 
2.55755 -5.9816 
2.5976 -6.00103 
2.63796 -6.02045 
2.67864 -6.03987 
2.71964 -6.05927 
2.76095 -6.07866 
2.80258 -6.09804 
2.84453 -6.1174 
2.88681 -6.13675 
2.9294 -6.15608 
2.97232 -6.17539 
3.01556 -6.19468 
3.05913 -6.21395 
3.10303 -6.2332 
3.14725 -6.25242 
3.1918 -6.27162 
3.23668 -6.29078 
3.2819 -6.30992 
3.32744 -6.32903 
3.37332 -6.34811 
3.41953 -6.36715 
3.46608 -6.38615 
3.51296 -6.40512 
3.56018 -6.42405 
3.60774 -6.44293 
3.65564 -6.46178 
3.70387 -6.48058 
3.75245 -6.49933 
3.80136 -6.51803 
3.85062 -6.53668 
3.90022 -6.55528 
3.95017 -6.57382 
4.00045 -6.5923 
4.05109 -6.61073 
4.10206 -6.62909 
4.15338 -6.64739 
4.20505 -6.66563 
4.25707 -6.68379 
4.30943 -6.70189 
4.36213 -6.71991 
4.41519 -6.73786 
4.46859 -6.75572 
4.52234 -6.77351 
4.57644 -6.79122 
4.63089 -6.80883 
4.68569 -6.82636 
4.74083 -6.8438 
4.79632 -6.86115 
4.85217 -6.8784 
4.90836 -6.89555 
4.9649 -6.91259 
5.02179 -6.92953 
5.07902 -6.94637 
5.13661 -6.96309 
5.19454 -6.9797 
5.25282 -6.99619 
5.31144 -7.01256 
5.37041 -7.0288 
5.42973 -7.04492 
5.48939 -7.0609 
5.5494 -7.07676 
5.60975 -7.09247 
5.67045 -7.10804 
5.73148 -7.12347 
5.79286 -7.13875 
5.85458 -7.15388 
5.91663 -7.16885 
5.97903 -7.18366 
6.04176 -7.19831 
6.10483 -7.21279 
6.16823 -7.2271 
6.23196 -7.24124 
6.29603 -7.25519 
6.36042 -7.26896 
6.42514 -7.28254 
6.49019 -7.29593 
6.55556 -7.30912 
6.62126 -7.3221 
6.68727 -7.33488 
6.75361 -7.34746 
6.82026 -7.35981 
6.88722 -7.37194 
6.9545 -7.38385 
7.02208 -7.39553 
7.08997 -7.40697 
7.15817 -7.41818 
7.22666 -7.42913 
7.29546 -7.43984 
7.36455 -7.45029 
7.43393 -7.46048 
7.5036 -7.4704 
7.57355 -7.48004 
7.64379 -7.48941 
7.71431 -7.4985 
7.7851 -7.5073 
7.85617 -7.5158 
7.9275 -7.52399 
7.9991 -7.53188 
8.07096 -7.53946 
8.14307 -7.54672 
8.21543 -7.55365 
8.28804 -7.56025 
8.3609 -7.5665 
8.43399 -7.57242 
8.50731 -7.57798 
8.58087 -7.58318 
8.65465 -7.58801 
8.72864 -7.59248 
8.80285 -7.59656 
8.87727 -7.60025 
8.95188 -7.60356 
9.0267 -7.60646 
9.10171 -7.60895 
9.1769 -7.61103 
9.25227 -7.61268 
9.32781 -7.6139 
9.40352 -7.61469 
9.47939 -7.61503 
9.55541 -7.61491 
9.63158 -7.61433 
9.70789 -7.61328 
9.78434 -7.61176 
9.8609 -7.60975 
9.93759 -7.60724 
10.0144 -7.60423 
10.0913 -7.60071 
10.1683 -7.59668 
10.2454 -7.59211 
10.3226 -7.58701 
10.3998 -7.58136 
10.4771 -7.57516 
10.5545 -7.5684 
10.6319 -7.56107 
10.7093 -7.55315 
10.7868 -7.54465 
10.8643 -7.53555 
10.9418 -7.52585 
11.0194 -7.51553 
11.0969 -7.50458 
11.1744 -7.493 
11.2519 -7.48077 
11.3293 -7.4679 
11.4067 -7.45436 
11.4841 -7.44015 
11.5614 -7.42526 
11.6386 -7.40968 
11.7157 -7.3934 
11.7928 -7.37641 
11.8697 -7.3587 
11.9465 -7.34027 
12.0233 -7.3211 
12.0998 -7.30118 
12.1763 -7.28051 
12.2525 -7.25908 
12.3287 -7.23687 
12.4046 -7.21388 
12.4804 -7.19009 
12.5559 -7.1655 
12.6313 -7.14011 
12.7064 -7.11389 
12.7813 -7.08684 
12.856 -7.05896 
12.9304 -7.03022 
13.0045 -7.00064 
13.0784 -6.97018 
13.152 -6.93886 
13.2253 -6.90665 
13.2983 -6.87356 
13.371 -6.83956 
13.4433 -6.80466 
13.5154 -6.76885 
13.587 -6.73211 
13.6584 -6.69444 
13.7293 -6.65584 
13.7999 -6.61629 
13.87 -6.57579 
13.9398 -6.53433 
14.0092 -6.4919 
14.0782 -6.4485 
14.1467 -6.40413 
14.2148 -6.35877 
14.2824 -6.31242 
14.3496 -6.26507 
14.4163 -6.21672 
14.4825 -6.16737 
14.5483 -6.117 
14.6136 -6.06562 
14.6783 -6.01322 
14.7426 -5.9598 
14.8063 -5.90535 
14.8696 -5.84987 
14.9323 -5.79335 
14.9944 -5.73581 
15.056 -5.67722 
15.1171 -5.6176 
15.1776 -5.55693 
15.2376 -5.49522 
15.297 -5.43247 
15.3558 -5.36868 
15.414 -5.30385 
15.4717 -5.23798 
15.5288 -5.17106 
15.5853 -5.10311 
15.6412 -5.03412 
15.6965 -4.9641 
15.7513 -4.89305 
15.8054 -4.82097 
15.859 -4.74787 
15.9119 -4.67375 
15.9643 -4.59862 
16.0161 -4.52248 
16.0673 -4.44533 
16.1179 -4.36719 
16.1679 -4.28806 
16.2173 -4.20795 
16.2662 -4.12687 
16.3145 -4.04483 
16.3622 -3.96182 
16.4093 -3.87788 
16.4559 -3.79299 
16.5019 -3.70718 
16.5474 -3.62046 
16.5923 -3.53283 
16.6367 -3.44432 
16.6806 -3.35492 
16.724 -3.26466 
16.7668 -3.17356 
16.8092 -3.08161 
16.851 -2.98884 
16.8924 -2.89527 
16.9334 -2.80091 
16.9739 -2.70577 
17.0139 -2.60987 
17.0535 -2.51323 
17.0928 -2.41586 
17.1316 -2.31779 
17.17 -2.21903 
17.2081 -2.11961 
17.2459 -2.01953 
17.2833 -1.91882 
17.3204 -1.8175 
17.3572 -1.71559 
17.3937 -1.61311 
17.43 -1.51007 
17.466 -1.40651 
17.5018 -1.30245 
17.5374 -1.19789 
17.5728 -1.09288 
17.6081 -0.987416 
17.6432 -0.881536 
17.6782 -0.775259 
17.7131 -0.668607 
17.748 -0.561603 
17.7828 -0.45427 
17.8175 -0.34663 
17.8523 -0.238708 
17.887 -0.130525 
17.9219 -0.022105 
17.9567 0.0865287 
17.9917 0.195353 
18.0268 0.304345 
18.062 0.413482 
18.0974 0.52274 
18.133 0.632096 
18.1687 0.741529 
18.2047 0.851014 
18.241 0.960529 
18.2776 1.07005 
18.3144 1.17956 
18.3516 1.28904 
18.3892 1.39845 
18.4271 1.50779 
18.4654 1.61702 
18.5042 1.72614 
18.5434 1.83511 
18.5831 1.94391 
18.6233 2.05254 
18.664 2.16096 
18.7053 2.26916 
18.7472 2.37712 
18.7896 2.48482 
18.8327 2.59224 
18.8764 2.69937 
18.9208 2.80618 
18.9658 2.91266 
19.0116 3.0188 
19.0581 3.12457 
19.1054 3.22996 
19.1534 3.33496 
19.2022 3.43955 
19.2519 3.54372 
19.3023 3.64746 
19.3537 3.75074 
19.4059 3.85356 
19.459 3.95591 
19.513 4.05777 
19.568 4.15913 
19.6239 4.25998 
19.6808 4.36032 
19.7387 4.46012 
19.7976 4.55939 
19.8574 4.65812 
19.9184 4.75628 
19.9804 4.85389 
20.0434 4.95093 
20.1076 5.04738 
20.1728 5.14326 
20.2392 5.23855 
20.3067 5.33325 
20.3753 5.42734 
20.4451 5.52084 
20.516 5.61372 
20.5882 5.706 
20.6615 5.79766 
20.7361 5.88871 
20.8118 5.97914 
20.8888 6.06895 
20.967 6.15814 
21.0465 6.24671 
21.1273 6.33466 
21.2093 6.42198 
21.2926 6.50869 
21.3772 6.59477 
21.4631 6.68023 
21.5503 6.76507 
21.6388 6.8493 
21.7287 6.93291 
21.8199 7.01592 
21.9124 7.09831 
22.0063 7.18009 
22.1015 7.26128 
22.1982 7.34186 
22.2961 7.42185 
22.3955 7.50125 
22.4963 7.58006 
22.5984 7.65829 
22.702 7.73594 
22.8069 7.81303 
22.9133 7.88954 
23.0211 7.9655 
23.1303 8.0409 
23.2409 8.11575 
23.353 8.19006 
23.4665 8.26383 
23.5814 8.33708 
23.6978 8.4098 
23.8156 8.48201 
23.935 8.5537 
24.0557 8.6249 
24.178 8.69559 
24.3017 8.76581 
24.4268 8.83554 
24.5535 8.9048 
24.6816 8.97359 
24.8113 9.04193 
24.9424 9.10982 
25.075 9.17726 
25.2092 9.24428 
25.3448 9.31086 
25.4819 9.37703 
25.6206 9.44279 
25.7607 9.50815 
25.9024 9.57311 
26.0456 9.63769 
26.1904 9.70189 
26.3367 9.76573 
26.4845 9.8292 
26.6338 9.89232 
26.7847 9.95509 
26.9372 10.0175 
27.0912 10.0796 
27.2467 10.1414 
27.4039 10.2029 
27.5625 10.2641 
27.7228 10.325 
27.8846 10.3855 
28.0481 10.4459 
28.2131 10.5059 
28.3797 10.5657 
28.5479 10.6252 
28.7176 10.6845 
28.889 10.7435 
29.0621 10.8023 
29.2367 10.8609 
29.4129 10.9192 
29.5908 10.9774 
29.7703 11.0353 
29.9514 11.093 
30.1342 11.1506 
30.3186 11.208 
30.5047 11.2652 
30.6925 11.3222 
30.8819 11.3791 
31.073 11.4358 
31.2657 11.4924 
31.4602 11.5489 
31.6563 11.6052 
31.8542 11.6614 
32.0537 11.7175 
32.255 11.7735 
32.458 11.8293 
32.6627 11.8851 
32.8691 11.9408 
33.0773 11.9964 
33.2873 12.0519 
33.499 12.1073 
33.7124 12.1627 
33.9277 12.218 
34.1447 12.2733 
34.3635 12.3285 
34.5842 12.3836 
34.8066 12.4388 
35.0308 12.4939 
35.2569 12.5489 
35.4848 12.604 
35.7146 12.659 
35.9462 12.7141 
36.1797 12.7691 
36.415 12.8241 
36.6522 12.8792 
36.8914 12.9342 
37.1324 12.9893 
37.3753 13.0444 
37.6202 13.0995 
37.867 13.1546 
38.1158 13.2098 
38.3665 13.265 
38.6192 13.3203 
38.8738 13.3756 
39.1305 13.4309 
39.3891 13.4864 
39.6498 13.5419 
39.9125 13.5974 
40.1772 13.653 
40.444 13.7087 
40.7129 13.7645 
40.9838 13.8204 
41.2568 13.8763 
41.5319 13.9323 
41.8092 13.9885 
42.0885 14.0447 
42.37 14.101 
42.6537 14.1575 
42.9395 14.214 
43.2275 14.2707 
43.5177 14.3274 
43.8101 14.3843 
44.1048 14.4413 
44.4017 14.4985 
44.7008 14.5557 
45.0022 14.6131 
45.3059 14.6707 
45.6119 14.7284 
45.9202 14.7862 
46.2309 14.8441 
46.5438 14.9023 
46.8592 14.9605 
47.1769 15.0189 
47.497 15.0775 
47.8196 15.1362 
48.1445 15.1951 
48.4719 15.2542 
48.8018 15.3134 
49.1342 15.3728 
49.469 15.4324 
49.8064 15.4921 
50.1462 15.552 
50.4887 15.6121 
50.8337 15.6724 
51.1813 15.7329 
51.5315 15.7936 
51.8843 15.8544 
52.2397 15.9154 
52.5978 15.9767 
52.9586 16.0381 
53.3221 16.0997 
53.6883 16.1616 
54.0573 16.2236 
54.429 16.2858 
54.8035 16.3483 
55.1807 16.411 
55.5608 16.4738 
55.9438 16.5369 
56.3295 16.6002 
56.7182 16.6637 
57.1098 16.7275 
57.5043 16.7914 
57.9017 16.8556 
58.3021 16.92 
58.7055 16.9847 
59.1119 17.0495 
59.5213 17.1146 
59.9338 17.18 
60.3494 17.2455 
60.768 17.3114 
61.1898 17.3774 
61.6148 17.4437 
62.0429 17.5102 
62.4742 17.577 
62.9087 17.644 
63.3464 17.7113 
63.7874 17.7788 
64.2317 17.8465 
64.6794 17.9146 
65.1303 17.9828 
65.5847 18.0514 
66.0424 18.1201 
66.5035 18.1892 
66.9681 18.2585 
67.4362 18.3281 
67.9077 18.3979 
68.3828 18.468 
68.8614 18.5384 
69.3436 18.609 
69.8293 18.6799 
70.3188 18.7511 
70.8118 18.8225 
71.3086 18.8942 
71.8091 18.9662 
72.3133 19.0385 
72.8212 19.1111 
73.333 19.1839 
73.8486 19.257 
74.3681 19.3304 
74.8914 19.4041 
75.4187 19.4781 
75.9499 19.5523 
76.4851 19.6269 
77.0243 19.7017 
77.5675 19.7769 
78.1148 19.8523 
78.6662 19.928 
79.2218 20.004 
79.7814 20.0804 
80.3453 20.157 
80.9134 20.2339 
81.4858 20.3111 
82.0625 20.3886 
82.6435 20.4665 
83.2288 20.5446 
83.8186 20.6231 
84.4127 20.7018 
85.0114 20.7809 
85.6145 20.8603 
86.2221 20.94 
86.8343 21.02 
87.4512 21.1003 
88.0726 21.1809 
88.6987 21.2619 
89.3295 21.3432 
89.9651 21.4248 
90.6055 21.5067 
91.2506 21.589 
91.9006 21.6716 
92.5555 21.7545 
93.2154 21.8377 
93.8802 21.9213 
94.55 22.0052 
95.2249 22.0894 
95.9048 22.174 
96.5899 22.2589 
97.2801 22.3442 
97.9755 22.4298 
98.6762 22.5157 
99.3822 22.602 
100.093 22.6886 
100.81 22.7755 
101.532 22.8628 
102.26 22.9505 
102.993 23.0385 
103.731 23.1269 
104.475 23.2156 
105.225 23.3046 
105.98 23.3941 
106.742 23.4838 
107.508 23.574 
108.281 23.6645 
109.06 23.7553 
109.844 23.8466 
110.634 23.9382 
111.431 24.0301 
112.233 24.1224 
113.041 24.2151 
113.856 24.3082 
114.676 24.4016 
115.503 24.4954 
116.337 24.5896 
117.176 24.6842 
118.022 24.7791 
118.874 24.8744 
119.733 24.9701 
120.598 25.0662 
121.47 25.1627 
122.348 25.2595 
123.233 25.3568 
124.125 25.4544 
125.024 25.5524 
125.929 25.6508 
126.841 25.7496 
127.761 25.8488 
128.687 25.9484 
129.62 26.0484 
130.56 26.1488 
131.508 26.2496 
132.463 26.3508 
133.424 26.4525 
134.394 26.5545 
135.37 26.6569 
136.354 26.7597 
137.346 26.863 
138.345 26.9666 
139.352 27.0707 
140.366 27.1752 
141.388 27.2801 
142.418 27.3855 
143.456 27.4912 
144.501 27.5974 
145.555 27.704 
146.617 27.811 
147.686 27.9185 
