-0.999989 0.999978
-0.999969 0.999938
-0.99994 0.999879
-0.9999 0.999801
-0.999851 0.999702
-0.999792 0.999584
-0.999723 0.999446
-0.999644 0.999289
-0.999556 0.999111
-0.999457 0.998914
-0.999349 0.998698
-0.999231 0.998462
-0.999103 0.998206
-0.998965 0.99793
-0.998817 0.997635
-0.998659 0.997321
-0.998492 0.996987
-0.998315 0.996633
-0.998128 0.996259
-0.997931 0.995866
-0.997724 0.995454
-0.997508 0.995022
-0.997281 0.99457
-0.997045 0.994099
-0.996799 0.993609
-0.996543 0.993099
-0.996278 0.992569
-0.996002 0.992021
-0.995717 0.991453
-0.995422 0.990865
-0.995117 0.990258
-0.994803 0.989632
-0.994478 0.988987
-0.994144 0.988322
-0.9938 0.987638
-0.993446 0.986935
-0.993082 0.986212
-0.992709 0.985471
-0.992326 0.98471
-0.991933 0.983931
-0.99153 0.983132
-0.991117 0.982314
-0.990695 0.981477
-0.990263 0.980621
-0.989821 0.979746
-0.98937 0.978853
-0.988909 0.97794
-0.988438 0.977009
-0.987957 0.976059
-0.987466 0.97509
-0.986966 0.974102
-0.986456 0.973096
-0.985937 0.972071
-0.985407 0.971028
-0.984868 0.969965
-0.984319 0.968885
-0.983761 0.967786
-0.983193 0.966668
-0.982615 0.965532
-0.982028 0.964378
-0.98143 0.963206
-0.980824 0.962015
-0.980207 0.960806
-0.979581 0.959579
-0.978945 0.958333
-0.9783 0.95707
-0.977645 0.955789
-0.97698 0.954489
-0.976305 0.953172
-0.975621 0.951837
-0.974928 0.950484
-0.974225 0.949114
-0.973512 0.947726
-0.97279 0.94632
-0.972058 0.944896
-0.971316 0.943455
-0.970565 0.941997
-0.969804 0.940521
-0.969034 0.939027
-0.968255 0.937517
-0.967465 0.935989
-0.966666 0.934444
-0.965858 0.932882
-0.96504 0.931303
-0.964213 0.929707
-0.963376 0.928093
-0.96253 0.926464
-0.961674 0.924817
-0.960809 0.923153
-0.959934 0.921473
-0.95905 0.919776
-0.958156 0.918063
-0.957253 0.916333
-0.95634 0.914587
-0.955418 0.912825
-0.954487 0.911046
-0.953546 0.909251
-0.952596 0.90744
-0.951637 0.905612
-0.950668 0.903769
-0.94969 0.90191
-0.948702 0.900035
-0.947705 0.898145
-0.946699 0.896238
-0.945683 0.894316
-0.944658 0.892379
-0.943624 0.890426
-0.94258 0.888458
-0.941528 0.886474
-0.940465 0.884475
-0.939394 0.882461
-0.938313 0.880432
-0.937224 0.878388
-0.936125 0.876329
-0.935016 0.874255
-0.933899 0.872167
-0.932772 0.870064
-0.931636 0.867946
-0.930491 0.865814
-0.929337 0.863667
-0.928173 0.861506
-0.927001 0.859331
-0.925819 0.857141
-0.924628 0.854938
-0.923429 0.85272
-0.92222 0.850489
-0.921001 0.848244
-0.919774 0.845985
-0.918538 0.843712
-0.917293 0.841426
-0.916039 0.839127
-0.914775 0.836814
-0.913503 0.834488
-0.912222 0.832148
-0.910931 0.829796
-0.909632 0.82743
-0.908324 0.825052
-0.907007 0.822661
-0.90568 0.820257
-0.904345 0.817841
-0.903001 0.815412
-0.901649 0.81297
-0.900287 0.810516
-0.898916 0.808051
-0.897537 0.805572
-0.896149 0.803082
-0.894751 0.80058
-0.893346 0.798066
-0.891931 0.795541
-0.890507 0.793003
-0.889075 0.790454
-0.887634 0.787894
-0.886184 0.785322
-0.884726 0.78274
-0.883258 0.780145
-0.881783 0.77754
-0.880298 0.774924
-0.878805 0.772298
-0.877303 0.76966
-0.875792 0.767012
-0.874273 0.764353
-0.872745 0.761684
-0.871209 0.759005
-0.869664 0.756315
-0.86811 0.753615
-0.866548 0.750905
-0.864977 0.748186
-0.863398 0.745456
-0.861811 0.742717
-0.860214 0.739969
-0.85861 0.737211
-0.856997 0.734443
-0.855375 0.731667
-0.853745 0.728881
-0.852107 0.726086
-0.85046 0.723282
-0.848805 0.72047
-0.847141 0.717649
-0.84547 0.714819
-0.843789 0.71198
-0.842101 0.709134
-0.840404 0.706279
-0.838699 0.703416
-0.836986 0.700545
-0.835264 0.697666
-0.833534 0.69478
-0.831796 0.691885
-0.83005 0.688983
-0.828296 0.686074
-0.826533 0.683157
-0.824763 0.680233
-0.822984 0.677302
-0.821197 0.674364
-0.819402 0.67142
-0.817599 0.668468
-0.815788 0.66551
-0.813969 0.662545
-0.812142 0.659574
-0.810306 0.656596
-0.808463 0.653613
-0.806612 0.650623
-0.804753 0.647627
-0.802886 0.644626
-0.801011 0.641619
-0.799128 0.638606
-0.797238 0.635588
-0.795339 0.632565
-0.793433 0.629536
-0.791519 0.626502
-0.789597 0.623463
-0.787667 0.620419
-0.78573 0.617371
-0.783784 0.614318
-0.781831 0.61126
-0.779871 0.608199
-0.777903 0.605132
-0.775927 0.602062
-0.773943 0.598988
-0.771952 0.595909
-0.769953 0.592827
-0.767946 0.589742
-0.765932 0.586652
-0.763911 0.58356
-0.761882 0.580464
-0.759845 0.577365
-0.757801 0.574263
-0.75575 0.571157
-0.753691 0.56805
-0.751624 0.564939
-0.74955 0.561826
-0.747469 0.55871
-0.745381 0.555592
-0.743285 0.552472
-0.741182 0.54935
-0.739071 0.546226
-0.736953 0.5431
-0.734828 0.539973
-0.732696 0.536843
-0.730556 0.533713
-0.72841 0.530581
-0.726256 0.527448
-0.724095 0.524313
-0.721927 0.521178
-0.719751 0.518042
-0.717569 0.514905
-0.71538 0.511768
-0.713183 0.50863
-0.71098 0.505492
-0.708769 0.502354
-0.706552 0.499215
-0.704327 0.496077
-0.702096 0.492939
-0.699858 0.489801
-0.697612 0.486663
-0.69536 0.483526
-0.693102 0.48039
-0.690836 0.477254
-0.688563 0.474119
-0.686284 0.470986
-0.683998 0.467853
-0.681705 0.464722
-0.679405 0.461592
-0.677099 0.458463
-0.674786 0.455337
-0.672467 0.452212
-0.670141 0.449089
-0.667808 0.445967
-0.665469 0.442848
-0.663123 0.439732
-0.66077 0.436617
-0.658411 0.433505
-0.656046 0.430396
-0.653674 0.42729
-0.651296 0.424186
-0.648911 0.421085
-0.64652 0.417988
-0.644122 0.414894
-0.641718 0.411803
-0.639308 0.408715
-0.636892 0.405631
-0.634469 0.402551
-0.63204 0.399475
-0.629605 0.396402
-0.627163 0.393334
-0.624716 0.39027
-0.622262 0.38721
-0.619802 0.384155
-0.617336 0.381104
-0.614864 0.378058
-0.612386 0.375017
-0.609902 0.37198
-0.607412 0.368949
-0.604916 0.365923
-0.602414 0.362902
-0.599906 0.359887
-0.597392 0.356877
-0.594872 0.353873
-0.592346 0.350874
-0.589815 0.347881
-0.587277 0.344895
-0.584734 0.341914
-0.582185 0.33894
-0.579631 0.335972
-0.57707 0.33301
-0.574504 0.330055
-0.571933 0.327107
-0.569355 0.324166
-0.566773 0.321231
-0.564184 0.318304
-0.56159 0.315383
-0.558991 0.31247
-0.556385 0.309565
-0.553775 0.306667
-0.551159 0.303776
-0.548537 0.300893
-0.545911 0.298018
-0.543278 0.295151
-0.540641 0.292292
-0.537998 0.289442
-0.53535 0.286599
-0.532696 0.283765
-0.530038 0.28094
-0.527374 0.278123
-0.524704 0.275315
-0.52203 0.272515
-0.519351 0.269725
-0.516666 0.266944
-0.513977 0.264172
-0.511282 0.261409
-0.508582 0.258655
-0.505877 0.255913
-0.503168 0.253177
-0.500453 0.250453
-0.497733 0.247738
-0.495009 0.245033
-0.492279 0.242339
-0.489545 0.239647
-0.486806 0.236977
-0.484062 0.234316
-0.481314 0.231663
-0.47856 0.229027
-0.475802 0.226389
-0.473039 0.223763
-0.470272 0.221156
-0.4675 0.21855
-0.464723 0.215987
-0.461942 0.213392
-0.459156 0.210816
-0.456366 0.208253
-0.453571 0.205713
-0.450772 0.203186
-0.447968 0.20061
-0.44516 0.198149
-0.442347 0.19567
-0.43953 0.193052
-0.436709 0.190699
-0.433884 0.188275
-0.431054 0.18578
-0.42822 0.183539
-0.425382 0.180953
-0.422539 0.178193
-0.419693 0.176
-0.416842 0.173525
-0.413987 0.171378
-0.411128 0.168844
-0.408265 0.166011
-0.405398 0.164614
-0.402527 0.163027
-0.399652 0.158461
-0.396773 0.158503
-0.393891 0.155585
-0.391004 0.154648
-0.388113 0.150941
-0.385219 0.146303
-0.382321 0.142944
-0.379419 0.143775
-0.376513 0.142909
-0.373604 0.144359
-0.370691 0.125641
-0.367774 0.127772
-0.364854 0.142364
-0.36193 0.135652
-0.359003 0.135194
-0.356072 0.145353
-0.353137 0.113731
-0.350199 0.111337
-0.347258 0.142958
-0.344313 0.0889814
-0.341365 0.191177
-0.338413 0.0512679
-0.335458 0.169755
-0.3325 0.0513042
-0.329538 0.0876845
-0.326574 0.162187
-0.323606 0.0562251
-0.320634 0.126829
-0.31766 0.0744411
-0.314683 0.159519
-0.311702 -0.151475
-0.308718 0.487968
-0.305732 0.284805
-0.302742 -0.00449776
-0.299749 0.379451
-0.296754 0.631513
-0.293755 -1.0601
-0.290754 0.615118
-0.28775 -2.03768
-0.284742 -0.187578
-0.281733 0.348714
-0.27872 0.446691
-0.275704 -3.10975
-0.272686 1.20495
-0.269665 3.34019
-0.266642 0.91298
-0.263616 -5.214
-0.260587 -0.218093
-0.257556 -8.01086
-0.254522 1.13278
-0.251486 13.4405
-0.248447 -18.7563
-0.245405 4.31123
-0.242362 7.92092
-0.239316 -17.0496
-0.236267 22.005
-0.233216 -12.2255
-0.230163 14.4915
-0.227108 -25.4812
-0.224051 -70.3781
-0.220991 11.0669
-0.217929 8.7585
-0.214865 -182.313
-0.211799 -52.1738
-0.20873 -192.06
-0.20566 -49.0655
-0.202588 -67.1348
-0.199513 -1.99901
-0.196437 -258.999
-0.193359 -76.538
-0.190278 82.6771
-0.187196 552.089
-0.184112 -982.84
-0.181027 -451.808
-0.177939 562.184
-0.17485 1110.27
-0.171759 -1124.41
-0.168666 -795.654
-0.165572 707.582
-0.162476 -1934.39
-0.159379 -257.518
-0.156279 -4298.65
-0.153179 914.908
-0.150077 1699.36
-0.146973 -1617.35
-0.143868 -5478.66
-0.140761 -4582.53
-0.137654 -7616.15
-0.134544 3275.77
-0.131434 -9895.33
-0.128322 -13222.3
-0.125209 -27071.1
-0.122094 2226.3
-0.118979 -19816.2
-0.115862 -4298.06
-0.112744 -45780.2
-0.109625 18325.7
-0.106505 -15214.6
-0.103384 -35894.2
-0.100262 -34114.9
-0.0971387 -34367
-0.0940146 -43956.3
-0.0908896 -91074.6
-0.0877637 -82132.2
-0.0846369 -143209
-0.0815093 -128377
-0.0783809 120976
-0.0752517 -301708
-0.0721218 -59614.9
-0.0689911 -264232
-0.0658598 -197028
-0.0627279 -561127
-0.0595953 -412603
-0.0564621 -899641
-0.0533284 -418216
-0.0501942 454708
-0.0470594 -152739
-0.0439242 333341
-0.0407886 -1.11638e+06
-0.0376525 821879
-0.0345161 -281489
-0.0313794 -2.14147e+06
-0.0282423 -3.08777e+06
-0.025105 -2.76075e+06
-0.0219674 -1.09246e+06
-0.0188296 -1.53454e+06
-0.0156916 -2.76818e+06
-0.0125535 -1.80609e+06
-0.00941522 -7.52291e+06
-0.00627687 -657133
-0.00313845 -1.99005e+07
6.12323e-17 -1.08337e+06
0.00313845 -815079
0.00627687 -2.15812e+06
0.00941522 -9.19147e+06
0.0125535 1.71121e+07
0.0156916 1.71533e+06
0.0188296 -2.52277e+06
0.0219674 -1.76696e+07
0.025105 -1.84922e+07
0.0282423 -2.53281e+07
0.0313794 -5.69235e+07
0.0345161 -4.32521e+07
0.0376525 -2.1593e+07
0.0407886 2.14434e+07
0.0439242 -3.53016e+07
0.0470594 -1.07304e+08
0.0501942 -1.79012e+07
0.0533284 -5.26224e+07
0.0564621 -3.1925e+08
0.0595953 1.01391e+08
0.0627279 -3.25884e+08
0.0658598 -3.45794e+08
0.0689911 -2.77071e+08
0.0721218 2.32499e+08
0.0752517 6.26534e+07
0.0783809 1.98352e+08
0.0815093 3.81338e+08
0.0846369 -7.52031e+08
0.0877637 -8.76653e+08
0.0908896 -1.32629e+09
0.0940146 2.63251e+07
0.0971387 -4.83614e+08
0.100262 9.28725e+08
0.103384 -2.73878e+08
0.106505 -1.19159e+09
0.109625 -5.82487e+08
0.112744 -1.18818e+08
0.115862 -1.48098e+09
0.118979 -1.36832e+09
0.122094 3.40914e+09
0.125209 4.50716e+09
0.128322 5.14466e+09
0.131434 -1.32863e+09
0.134544 -5.16706e+09
0.137654 2.11739e+10
0.140761 4.14952e+09
0.143868 1.45822e+09
0.146973 1.78718e+10
0.150077 -1.05543e+10
0.153179 2.66315e+10
0.156279 7.59267e+09
0.159379 2.23532e+10
0.162476 3.48669e+10
0.165572 4.01139e+10
0.168666 -2.43644e+10
0.171759 1.427e+10
0.17485 1.75364e+10
0.177939 4.1339e+10
0.181027 3.52817e+10
0.184112 1.18051e+11
0.187196 -8.88829e+10
0.190278 4.187e+10
0.193359 4.88448e+10
0.196437 -1.39952e+11
0.199513 6.95084e+10
0.202588 -2.63984e+10
0.20566 1.45383e+11
0.20873 4.76043e+10
0.211799 8.5572e+11
0.214865 1.64236e+11
0.217929 3.66873e+11
0.220991 3.571e+11
0.224051 6.26736e+11
0.227108 -7.09101e+11
0.230163 1.32936e+12
0.233216 4.59898e+11
0.236267 -1.30461e+10
0.239316 8.43111e+11
0.242362 1.87322e+12
0.245405 1.20389e+12
0.248447 8.00814e+11
0.251486 9.62417e+11
0.254522 1.93486e+12
0.257556 1.55901e+12
0.260587 2.20299e+12
0.263616 8.1304e+12
0.266642 1.97737e+12
0.269665 2.17549e+12
0.272686 1.56161e+12
0.275704 3.75038e+12
0.27872 1.61043e+13
0.281733 4.79419e+12
0.284742 7.30961e+12
0.28775 5.79741e+12
0.290754 2.16568e+13
0.293755 -4.74295e+11
0.296754 -9.98084e+12
0.299749 2.36926e+13
0.302742 -8.16536e+12
0.305732 2.41572e+13
0.308718 1.47548e+13
0.311702 -2.99328e+13
0.314683 -2.93329e+13
0.31766 3.14829e+12
0.320634 1.51254e+13
0.323606 4.37961e+13
0.326574 -1.76546e+13
0.329538 1.01058e+14
0.3325 1.23126e+14
0.335458 1.57451e+14
0.338413 1.14141e+14
0.341365 3.80829e+14
0.344313 -2.75903e+13
0.347258 1.24426e+14
0.350199 2.32961e+14
0.353137 1.47342e+14
0.356072 2.62911e+14
0.359003 8.21397e+14
0.36193 1.75171e+14
0.364854 -9.64993e+13
0.367774 1.00518e+15
0.370691 1.10652e+15
0.373604 8.11397e+14
0.376513 3.8003e+14
0.379419 -4.63442e+13
0.382321 1.30382e+15
0.385219 2.43891e+15
0.388113 1.89343e+15
0.391004 -1.04418e+14
0.393891 3.18705e+15
0.396773 5.1157e+15
0.399652 7.10262e+14
0.402527 2.67413e+15
0.405398 -8.31939e+14
0.408265 1.62103e+15
0.411128 5.98751e+15
0.413987 2.20167e+15
0.416842 8.47637e+15
0.419693 -3.53526e+14
0.422539 1.27343e+16
0.425382 6.88596e+15
0.42822 -2.44219e+15
0.431054 -5.52312e+15
0.433884 1.92574e+16
0.436709 6.71374e+15
0.43953 1.02782e+16
0.442347 3.03854e+16
0.44516 2.06944e+16
0.447968 4.37818e+16
0.450772 3.07768e+16
0.453571 7.82039e+15
0.456366 4.79175e+16
0.459156 6.98044e+15
0.461942 -1.04337e+16
0.464723 3.08727e+16
0.4675 1.27961e+17
0.470272 1.15153e+16
0.473039 -9.20276e+15
0.475802 1.57767e+17
0.47856 7.99495e+16
0.481314 -2.75346e+16
0.484062 2.72023e+16
0.486806 1.23882e+17
0.489545 1.74342e+17
0.492279 -3.4298e+16
0.495009 2.19847e+17
0.497733 9.9601e+16
0.500453 5.2916e+17
0.503168 3.51251e+17
0.505877 3.83568e+17
0.508582 1.36811e+17
0.511282 3.84142e+17
0.513977 9.87646e+17
0.516666 6.83405e+17
0.519351 8.47179e+17
0.52203 -9.85727e+16
0.524704 6.73842e+17
0.527374 6.67881e+17
0.530038 1.82575e+18
0.532696 -3.07992e+17
0.53535 2.56308e+16
0.537998 3.17763e+18
0.540641 -5.78607e+17
0.543278 6.54311e+17
0.545911 -3.83953e+18
0.548537 2.60014e+18
0.551159 -8.87423e+17
0.553775 9.13211e+17
0.556385 -2.14162e+18
0.558991 3.13697e+18
0.56159 1.12392e+18
0.564184 -2.48599e+18
0.566773 -9.89897e+18
0.569355 -4.06991e+17
0.571933 -8.20801e+17
0.574504 -1.56654e+18
0.57707 -3.47939e+18
0.579631 -5.00248e+18
0.582185 2.89219e+19
0.584734 6.97859e+18
0.587277 1.11412e+19
0.589815 3.92041e+18
0.592346 -2.94463e+19
0.594872 -3.29457e+19
0.597392 2.76265e+19
0.599906 -2.44423e+18
0.602414 -7.54623e+18
0.604916 1.12478e+18
0.607412 -2.85662e+19
0.609902 -2.69484e+19
0.612386 -7.03471e+19
0.614864 1.22696e+18
0.617336 9.57339e+19
0.619802 -4.38159e+19
0.622262 -5.49859e+19
0.624716 5.6466e+19
0.627163 3.81274e+19
0.629605 -5.61249e+19
0.63204 4.53009e+19
0.634469 -1.98829e+19
0.636892 2.8542e+19
0.639308 1.92887e+19
0.641718 2.73051e+20
0.644122 -2.63008e+20
0.64652 5.88858e+20
0.648911 6.80424e+19
0.651296 2.26132e+20
0.653674 -5.52817e+20
0.656046 3.13507e+20
0.658411 9.20718e+20
0.66077 -2.54699e+20
0.663123 -3.90645e+20
0.665469 -8.26722e+20
0.667808 -1.90792e+20
0.670141 -4.4691e+20
0.672467 2.12794e+20
0.674786 1.44817e+21
0.677099 1.30847e+21
0.679405 -6.96566e+20
0.681705 -2.80324e+21
0.683998 2.46773e+20
0.686284 -4.35683e+20
0.688563 1.55008e+21
0.690836 4.38941e+21
0.693102 -4.00337e+21
0.69536 -2.36101e+20
0.697612 3.46286e+20
0.699858 2.03528e+21
0.702096 -5.10087e+20
0.704327 9.58211e+20
0.706552 5.59507e+19
0.708769 -3.04079e+21
0.71098 5.90564e+21
0.713183 -3.63687e+21
0.71538 -3.89014e+21
0.717569 -5.82446e+21
0.719751 -4.58172e+20
0.721927 -2.15235e+21
0.724095 -1.67424e+21
0.726256 8.98314e+21
0.72841 -1.25753e+22
0.730556 -1.89112e+20
0.732696 -2.17852e+19
0.734828 1.52374e+22
0.736953 -4.44879e+21
0.739071 1.4832e+21
0.741182 -1.71099e+22
0.743285 2.73244e+21
0.745381 6.23129e+21
0.747469 -9.14307e+21
0.74955 -2.8591e+22
0.751624 -3.78274e+21
0.753691 -1.64148e+22
0.75575 3.17924e+22
0.757801 9.72317e+21
0.759845 -4.76157e+22
0.761882 -1.7058e+22
0.763911 4.05097e+20
0.765932 -8.81466e+21
0.767946 -5.16818e+22
0.769953 -6.02001e+22
0.771952 -2.96957e+22
0.773943 1.60432e+23
0.775927 7.16118e+22
0.777903 -1.4179e+23
0.779871 -1.35746e+23
0.781831 -1.09856e+21
0.783784 -2.33322e+23
0.78573 4.89218e+22
0.787667 -1.38484e+23
0.789597 1.40422e+23
0.791519 -1.61089e+23
0.793433 -3.54878e+22
0.795339 -1.07332e+23
0.797238 7.84451e+22
0.799128 -3.16656e+23
0.801011 1.14193e+23
0.802886 -6.81349e+23
0.804753 -2.32453e+23
0.806612 7.78131e+21
0.808463 1.65247e+23
0.810306 -1.00542e+24
0.812142 4.73625e+23
0.813969 -7.45569e+22
0.815788 8.40998e+23
0.817599 -1.11341e+24
0.819402 -7.56592e+23
0.821197 -1.1699e+24
0.822984 -5.55049e+23
0.824763 -6.31389e+23
0.826533 5.22416e+23
0.828296 -1.64216e+24
0.83005 -9.90697e+23
0.831796 3.39028e+23
0.833534 8.21025e+23
0.835264 -1.02701e+24
0.836986 -1.81502e+24
0.838699 4.17657e+23
0.840404 -5.10894e+23
0.842101 -3.67041e+23
0.843789 -3.4082e+24
0.84547 -5.06663e+23
0.847141 1.5621e+24
0.848805 -1.05315e+24
0.85046 -2.77386e+24
0.852107 -3.55919e+24
0.853745 -2.02039e+24
0.855375 -9.60477e+22
0.856997 -5.43126e+24
0.85861 -2.87569e+24
0.860214 -5.83847e+24
0.861811 4.09278e+24
0.863398 -2.72036e+24
0.864977 6.17041e+24
0.866548 -3.58053e+24
0.86811 7.87227e+23
0.869664 -1.3061e+25
0.871209 -3.16798e+24
0.872745 -5.21981e+24
0.874273 -4.97419e+24
0.875792 -1.31994e+25
0.877303 -1.03331e+24
0.878805 -8.56691e+24
0.880298 7.34884e+23
0.881783 -1.49263e+24
0.883258 -4.12619e+24
0.884726 -1.05801e+25
0.886184 2.96508e+24
0.887634 2.93325e+24
0.889075 -1.15227e+25
0.890507 1.5686e+25
0.891931 8.5092e+24
0.893346 2.5204e+25
0.894751 -1.08683e+25
0.896149 -8.88127e+24
0.897537 -6.98066e+24
0.898916 -4.07283e+25
0.900287 -1.72141e+25
0.901649 -5.38203e+25
0.903001 -2.17796e+25
0.904345 1.80892e+25
0.90568 3.71802e+25
0.907007 3.29536e+25
0.908324 -1.8884e+25
0.909632 -4.74099e+25
0.910931 -1.66411e+25
0.912222 -7.48554e+25
0.913503 -5.3103e+24
0.914775 1.17224e+25
0.916039 2.57202e+25
0.917293 -6.25234e+25
0.918538 -3.74226e+25
0.919774 -9.6158e+25
0.921001 -8.46295e+25
0.92222 -2.72637e+25
0.923429 4.61763e+24
0.924628 1.57919e+25
0.925819 7.07159e+25
0.927001 -4.78596e+25
0.928173 -3.39234e+25
0.929337 1.26029e+24
0.930491 4.03655e+25
0.931636 -1.22904e+25
0.932772 -7.74877e+25
0.933899 -8.39238e+25
0.935016 -3.39579e+25
0.936125 -2.31801e+26
0.937224 9.22928e+25
0.938313 9.78753e+24
0.939394 8.62514e+25
0.940465 -2.75806e+26
0.941528 -2.44493e+26
0.94258 -1.65697e+26
0.943624 1.1403e+25
0.944658 -1.74657e+26
0.945683 -3.2664e+26
0.946699 -1.14915e+26
0.947705 -2.69183e+26
0.948702 7.00085e+25
0.94969 -1.09132e+25
0.950668 -5.74832e+25
0.951637 -2.90019e+26
0.952596 3.64433e+25
0.953546 -6.32949e+24
0.954487 -3.56441e+26
0.955418 -9.35854e+25
0.95634 -3.68887e+26
0.957253 -1.68527e+26
0.958156 4.01256e+25
0.95905 -2.549e+25
0.959934 3.82962e+26
0.960809 3.17671e+26
0.961674 2.20565e+26
0.96253 -2.80516e+24
0.963376 -6.23958e+26
0.964213 2.2111e+26
0.96504 -3.00918e+26
0.965858 -7.2967e+26
0.966666 -4.50631e+26
0.967465 -5.3946e+26
0.968255 -3.62237e+26
0.969034 -1.30232e+26
0.969804 -8.0638e+25
0.970565 -4.7149e+25
0.971316 -2.74219e+26
0.972058 4.19579e+25
0.97279 1.00815e+27
0.973512 4.90534e+26
0.974225 -8.57188e+26
0.974928 -5.43893e+25
0.975621 3.85021e+25
0.976305 -9.61377e+26
0.97698 1.53163e+26
0.977645 -1.11194e+27
0.9783 -3.12436e+25
0.978945 2.53807e+26
0.979581 -2.9676e+26
0.980207 -1.77636e+27
0.980824 -1.68372e+27
0.98143 -9.47832e+26
0.982028 -1.08051e+27
0.982615 -1.04891e+27
0.983193 -1.65221e+27
0.983761 -8.66649e+26
0.984319 -1.38209e+27
0.984868 -5.38368e+26
0.985407 1.31641e+27
0.985937 5.40518e+26
0.986456 -5.36054e+26
0.986966 3.91961e+25
0.987466 -5.74474e+26
0.987957 -8.26103e+26
0.988438 -1.60864e+27
0.988909 2.79394e+26
0.98937 -9.1082e+26
0.989821 -1.39584e+27
0.990263 -1.71819e+27
0.990695 -1.9832e+26
0.991117 -1.58451e+27
0.99153 -1.33409e+27
0.991933 -4.28534e+26
0.992326 -1.0586e+27
0.992709 -3.39298e+26
0.993082 -1.66533e+27
0.993446 -8.45959e+26
0.9938 1.22066e+26
0.994144 -1.54957e+27
0.994478 1.62505e+27
0.994803 -3.52641e+26
0.995117 1.28778e+27
0.995422 4.91673e+26
0.995717 2.91765e+26
0.996002 -1.78193e+27
0.996278 -1.75127e+27
0.996543 -1.65491e+27
0.996799 1.74598e+26
0.997045 4.20569e+26
0.997281 4.78519e+24
0.997508 -2.16512e+27
0.997724 2.61846e+26
0.997931 -1.99044e+27
0.998128 -2.48244e+26
0.998315 1.33587e+27
0.998492 -3.82339e+26
0.998659 7.94488e+26
0.998817 -1.64883e+27
0.998965 5.41323e+26
0.999103 -2.05749e+27
0.999231 -3.42484e+27
0.999349 -1.15585e+27
0.999457 4.95425e+26
0.999556 -2.21056e+26
0.999644 -1.9042e+27
0.999723 -1.25917e+27
0.999792 -6.73484e+26
0.999851 -1.73354e+27
0.9999 -3.4e+27
0.99994 -7.43752e+26
0.999969 1.74877e+25
0.999989 -8.09238e+26
0.999999 -1.49779e+27
