-0.999322 0.998644
-0.999302 0.998605
-0.999273 0.998546
-0.999233 0.998467
-0.999184 0.998369
-0.999125 0.998251
-0.999056 0.998113
-0.998977 0.997956
-0.998889 0.997779
-0.99879 0.997582
-0.998682 0.997366
-0.998564 0.99713
-0.998436 0.996874
-0.998298 0.996599
-0.99815 0.996304
-0.997993 0.99599
-0.997826 0.995656
-0.997648 0.995302
-0.997461 0.994929
-0.997265 0.994537
-0.997058 0.994125
-0.996842 0.993693
-0.996615 0.993242
-0.996379 0.992772
-0.996133 0.992282
-0.995878 0.991772
-0.995612 0.991243
-0.995337 0.990695
-0.995052 0.990128
-0.994757 0.989541
-0.994452 0.988935
-0.994137 0.988309
-0.993813 0.987664
-0.993479 0.987
-0.993135 0.986317
-0.992781 0.985615
-0.992418 0.984893
-0.992044 0.984152
-0.991661 0.983392
-0.991269 0.982613
-0.990866 0.981815
-0.990454 0.980998
-0.990032 0.980163
-0.9896 0.979308
-0.989158 0.978434
-0.988707 0.977541
-0.988246 0.976629
-0.987775 0.975699
-0.987294 0.97475
-0.986804 0.973782
-0.986304 0.972795
-0.985794 0.97179
-0.985275 0.970766
-0.984746 0.969724
-0.984207 0.968663
-0.983658 0.967583
-0.9831 0.966485
-0.982532 0.965369
-0.981954 0.964234
-0.981367 0.963081
-0.98077 0.96191
-0.980163 0.960721
-0.979547 0.959513
-0.978921 0.958287
-0.978286 0.957043
-0.97764 0.955781
-0.976986 0.954501
-0.976321 0.953203
-0.975647 0.951887
-0.974963 0.950554
-0.97427 0.949202
-0.973567 0.947833
-0.972855 0.946446
-0.972133 0.945042
-0.971401 0.94362
-0.97066 0.94218
-0.969909 0.940723
-0.969148 0.939249
-0.968379 0.937757
-0.967599 0.936248
-0.96681 0.934722
-0.966012 0.933179
-0.965204 0.931618
-0.964386 0.930041
-0.963559 0.928446
-0.962722 0.926835
-0.961876 0.925206
-0.961021 0.923561
-0.960156 0.9219
-0.959282 0.920221
-0.958398 0.918526
-0.957504 0.916815
-0.956602 0.915087
-0.955689 0.913342
-0.954768 0.911582
-0.953837 0.909805
-0.952896 0.908012
-0.951947 0.906203
-0.950988 0.904377
-0.950019 0.902536
-0.949041 0.900679
-0.948054 0.898806
-0.947057 0.896917
-0.946051 0.895013
-0.945036 0.893093
-0.944011 0.891158
-0.942978 0.889207
-0.941934 0.887241
-0.940882 0.885259
-0.93982 0.883262
-0.938749 0.88125
-0.937669 0.879224
-0.93658 0.877182
-0.935481 0.875125
-0.934373 0.873053
-0.933256 0.870967
-0.93213 0.868866
-0.930994 0.86675
-0.92985 0.86462
-0.928696 0.862476
-0.927533 0.860317
-0.926361 0.858144
-0.92518 0.855957
-0.923989 0.853756
-0.92279 0.851541
-0.921581 0.849312
-0.920364 0.847069
-0.919137 0.844813
-0.917901 0.842543
-0.916656 0.840259
-0.915403 0.837962
-0.91414 0.835652
-0.912868 0.833328
-0.911587 0.830991
-0.910297 0.828641
-0.908998 0.826278
-0.907691 0.823902
-0.906374 0.821514
-0.905048 0.819113
-0.903714 0.816699
-0.90237 0.814272
-0.901018 0.811833
-0.899657 0.809382
-0.898287 0.806919
-0.896908 0.804444
-0.89552 0.801956
-0.894123 0.799457
-0.892718 0.796945
-0.891304 0.794422
-0.889881 0.791888
-0.888449 0.789342
-0.887008 0.786784
-0.885559 0.784215
-0.884101 0.781635
-0.882635 0.779044
-0.881159 0.776442
-0.879675 0.773828
-0.878182 0.771204
-0.876681 0.76857
-0.875171 0.765924
-0.873652 0.763269
-0.872125 0.760602
-0.870589 0.757926
-0.869045 0.755239
-0.867492 0.752542
-0.86593 0.749835
-0.86436 0.747119
-0.862782 0.744392
-0.861195 0.741656
-0.859599 0.738911
-0.857995 0.736156
-0.856382 0.733391
-0.854762 0.730617
-0.853132 0.727835
-0.851494 0.725043
-0.849848 0.722242
-0.848194 0.719433
-0.846531 0.716615
-0.84486 0.713788
-0.84318 0.710953
-0.841492 0.708109
-0.839796 0.705258
-0.838092 0.702398
-0.836379 0.69953
-0.834658 0.696654
-0.832929 0.693771
-0.831192 0.69088
-0.829446 0.687981
-0.827692 0.685075
-0.82593 0.682161
-0.82416 0.679241
-0.822382 0.676313
-0.820596 0.673378
-0.818802 0.670437
-0.816999 0.667488
-0.815189 0.664533
-0.81337 0.661572
-0.811544 0.658604
-0.80971 0.65563
-0.807867 0.652649
-0.806017 0.649663
-0.804158 0.646671
-0.802292 0.643673
-0.800418 0.640669
-0.798536 0.637659
-0.796646 0.634645
-0.794748 0.631625
-0.792842 0.628599
-0.790929 0.625569
-0.789008 0.622533
-0.787079 0.619493
-0.785142 0.616448
-0.783197 0.613398
-0.781245 0.610344
-0.779285 0.607286
-0.777318 0.604223
-0.775342 0.601156
-0.77336 0.598085
-0.771369 0.59501
-0.769371 0.591932
-0.767365 0.588849
-0.765352 0.585764
-0.763331 0.582675
-0.761303 0.579582
-0.759267 0.576487
-0.757224 0.573388
-0.755173 0.570286
-0.753115 0.567182
-0.751049 0.564075
-0.748976 0.560965
-0.746896 0.557853
-0.744808 0.554739
-0.742713 0.551623
-0.74061 0.548504
-0.738501 0.545383
-0.736384 0.542261
-0.734259 0.539137
-0.732128 0.536012
-0.729989 0.532885
-0.727843 0.529756
-0.72569 0.526627
-0.72353 0.523496
-0.721363 0.520364
-0.719188 0.517232
-0.717007 0.514099
-0.714818 0.510965
-0.712622 0.507831
-0.71042 0.504696
-0.70821 0.501562
-0.705993 0.498427
-0.70377 0.495292
-0.701539 0.492157
-0.699302 0.489023
-0.697057 0.485889
-0.694806 0.482756
-0.692548 0.479623
-0.690283 0.476491
-0.688012 0.47336
-0.685733 0.47023
-0.683448 0.467101
-0.681156 0.463973
-0.678857 0.460847
-0.676552 0.457723
-0.67424 0.4546
-0.671921 0.451478
-0.669596 0.448359
-0.667264 0.445241
-0.664925 0.442126
-0.66258 0.439013
-0.660229 0.435902
-0.657871 0.432794
-0.655506 0.429689
-0.653135 0.426586
-0.650758 0.423486
-0.648374 0.420389
-0.645984 0.417295
-0.643587 0.414205
-0.641184 0.411117
-0.638775 0.408034
-0.636359 0.404953
-0.633937 0.401877
-0.631509 0.398804
-0.629075 0.395735
-0.626635 0.392671
-0.624188 0.389611
-0.621735 0.386555
-0.619276 0.383503
-0.616811 0.380456
-0.61434 0.377414
-0.611863 0.374376
-0.609379 0.371343
-0.60689 0.368316
-0.604395 0.365294
-0.601894 0.362276
-0.599387 0.359265
-0.596874 0.356258
-0.594355 0.353258
-0.59183 0.350263
-0.5893 0.347274
-0.586763 0.344291
-0.584221 0.341314
-0.581673 0.338344
-0.579119 0.33538
-0.57656 0.332422
-0.573995 0.32947
-0.571424 0.326526
-0.568848 0.323588
-0.566266 0.320657
-0.563679 0.317734
-0.561085 0.314817
-0.558487 0.311908
-0.555883 0.309006
-0.553273 0.306111
-0.550658 0.303224
-0.548038 0.300345
-0.545412 0.297474
-0.542781 0.294611
-0.540144 0.291756
-0.537502 0.288909
-0.534855 0.28607
-0.532202 0.283239
-0.529545 0.280418
-0.526882 0.277604
-0.524214 0.2748
-0.52154 0.272004
-0.518862 0.269218
-0.516178 0.26644
-0.51349 0.263672
-0.510796 0.260912
-0.508097 0.258163
-0.505393 0.255423
-0.502685 0.252692
-0.499971 0.249971
-0.497252 0.24726
-0.494529 0.244559
-0.4918 0.241868
-0.489067 0.239187
-0.486329 0.236516
-0.483586 0.233856
-0.480839 0.231206
-0.478086 0.228567
-0.475329 0.225938
-0.472568 0.22332
-0.469801 0.220713
-0.46703 0.218117
-0.464254 0.215532
-0.461474 0.212959
-0.458689 0.210396
-0.4559 0.207845
-0.453106 0.205306
-0.450308 0.202778
-0.447505 0.200261
-0.444698 0.197757
-0.441887 0.195264
-0.439071 0.192784
-0.436251 0.190315
-0.433426 0.187859
-0.430598 0.185415
-0.427765 0.182983
-0.424928 0.180563
-0.422086 0.178157
-0.419241 0.175763
-0.416391 0.173382
-0.413537 0.171013
-0.410679 0.168658
-0.407817 0.166315
-0.404951 0.163986
-0.402082 0.16167
-0.399208 0.159367
-0.39633 0.157078
-0.393448 0.154802
-0.390563 0.152539
-0.387673 0.150291
-0.38478 0.148056
-0.381883 0.145834
-0.378982 0.143627
-0.376077 0.141434
-0.373169 0.139255
-0.370257 0.137091
-0.367342 0.13494
-0.364422 0.132804
-0.3615 0.130682
-0.358573 0.128575
-0.355643 0.126482
-0.35271 0.124404
-0.349773 0.122341
-0.346833 0.120293
-0.343889 0.11826
-0.340942 0.116241
-0.337991 0.114238
-0.335037 0.11225
-0.33208 0.110277
-0.32912 0.10832
-0.326156 0.106378
-0.323189 0.104451
-0.320219 0.10254
-0.317246 0.100645
-0.31427 0.0987654
-0.31129 0.0969015
-0.308308 0.0950536
-0.305322 0.0932216
-0.302333 0.0914057
-0.299342 0.0896057
-0.296347 0.0878219
-0.29335 0.0860543
-0.29035 0.084303
-0.287346 0.082568
-0.28434 0.0808496
-0.281332 0.0791476
-0.27832 0.0774622
-0.275306 0.0757934
-0.272289 0.0741412
-0.269269 0.0725058
-0.266247 0.0708872
-0.263222 0.0692856
-0.260194 0.0677009
-0.257164 0.0661333
-0.254131 0.0645827
-0.251096 0.0630492
-0.248058 0.0615329
-0.245018 0.0600339
-0.241975 0.0585521
-0.23893 0.0570878
-0.235883 0.0556409
-0.232834 0.0542116
-0.229782 0.0527997
-0.226727 0.0514054
-0.223671 0.0500288
-0.220612 0.0486699
-0.217552 0.0473287
-0.214489 0.0460054
-0.211424 0.0447
-0.208356 0.0434125
-0.205287 0.0421429
-0.202216 0.0408914
-0.199143 0.0396579
-0.196068 0.0384425
-0.19299 0.0372453
-0.189911 0.0360664
-0.18683 0.0349057
-0.183748 0.0337633
-0.180663 0.0326393
-0.177577 0.0315336
-0.174489 0.0304464
-0.171399 0.0293776
-0.168307 0.0283274
-0.165214 0.0272958
-0.162119 0.0262828
-0.159023 0.0252884
-0.155925 0.0243127
-0.152826 0.0233557
-0.149725 0.0224175
-0.146622 0.021498
-0.143518 0.0205975
-0.140413 0.0197158
-0.137306 0.018853
-0.134198 0.0180091
-0.131088 0.0171842
-0.127978 0.0163784
-0.124866 0.0155915
-0.121753 0.0148237
-0.118638 0.014075
-0.115523 0.0133455
-0.112406 0.0126351
-0.109288 0.0119439
-0.106169 0.0112719
-0.103049 0.0106192
-0.0999281 0.00998565
-0.0968062 0.00937143
-0.0936832 0.00877657
-0.0905594 0.00820103
-0.0874346 0.00764485
-0.084309 0.00710805
-0.0811826 0.00659064
-0.0780553 0.00609266
-0.0749273 0.00561411
-0.0717985 0.00515503
-0.0686691 0.00471545
-0.0655389 0.00429537
-0.0624081 0.00389479
-0.0592767 0.00351375
-0.0561447 0.00315224
-0.0530121 0.0028103
-0.0498791 0.00248792
-0.0467455 0.00218514
-0.0436114 0.00190196
-0.040477 0.00163839
-0.0373421 0.00139444
-0.0342068 0.00117011
-0.0310713 0.000965428
-0.0279354 0.000780387
-0.0247992 0.000615
-0.0216628 0.000469273
-0.0185261 0.000343213
-0.0153893 0.000236824
-0.0122523 0.000150112
-0.00911523 8.30799e-05
-0.00597803 3.57305e-05
-0.00284078 8.06623e-06
0.000296508 8.69741e-08
0.00343379 1.17811e-05
0.00657105 4.31622e-05
0.00970824 9.42294e-05
0.0128453 0.000164981
0.0159823 0.000255414
0.0191191 0.000365526
0.0222558 0.000495312
0.0253922 0.000644758
0.0285284 0.000813848
0.0316643 0.0010026
0.0347999 0.00121099
0.0379351 0.00143904
0.04107 0.00168671
0.0442045 0.00195401
0.0473385 0.00224092
0.0504721 0.00254742
0.0536052 0.00287348
0.0567377 0.00321912
0.0598697 0.00358433
0.0630011 0.00396909
0.0661319 0.00437339
0.0692621 0.00479721
0.0723916 0.00524053
0.0755203 0.00570329
0.0786483 0.00618551
0.0817756 0.00668719
0.084902 0.00720829
0.0880276 0.0077488
0.0911524 0.00830871
0.0942762 0.00888798
0.0973992 0.0094866
0.100521 0.0101045
0.103642 0.0107416
0.106762 0.0113981
0.109881 0.0120738
0.112999 0.0127687
0.116116 0.0134828
0.119231 0.014216
0.122346 0.0149684
0.125459 0.0157399
0.128571 0.0165304
0.131681 0.0173399
0.134791 0.0181685
0.137899 0.0190161
0.141006 0.0198826
0.144111 0.020768
0.147215 0.0216722
0.150318 0.0225953
0.153419 0.0235372
0.156518 0.0244978
0.159616 0.0254772
0.162712 0.0264752
0.165807 0.027492
0.1689 0.0285273
0.171992 0.0295812
0.175082 0.0306535
0.17817 0.0317444
0.181256 0.0328537
0.184341 0.0339814
0.187423 0.0351275
0.190504 0.0362919
0.193583 0.0374745
0.196661 0.0386753
0.199736 0.0398943
0.202809 0.0411313
0.20588 0.0423865
0.208949 0.0436597
0.212017 0.0449509
0.215082 0.0462601
0.218145 0.047587
0.221205 0.0489317
0.224264 0.0502942
0.22732 0.0516744
0.230375 0.0530723
0.233427 0.0544878
0.236476 0.0559209
0.239523 0.0573715
0.242568 0.0588394
0.245611 0.0603247
0.248651 0.0618272
0.251689 0.0633471
0.254724 0.0648842
0.257757 0.0664384
0.260787 0.0680097
0.263815 0.0695981
0.26684 0.0712033
0.269862 0.0728253
0.272882 0.0744642
0.275899 0.0761199
0.278913 0.0777923
0.281925 0.0794814
0.284933 0.081187
0.287939 0.0829091
0.290943 0.0846475
0.293943 0.0864023
0.29694 0.0881734
0.299935 0.0899608
0.302926 0.0917643
0.305915 0.0935839
0.308901 0.0954195
0.311883 0.097271
0.314863 0.0991383
0.317839 0.101021
0.320812 0.10292
0.323782 0.104835
0.326749 0.106765
0.329713 0.10871
0.332673 0.110671
0.33563 0.112648
0.338584 0.114639
0.341535 0.116646
0.344482 0.118668
0.347426 0.120704
0.350366 0.122756
0.353303 0.124823
0.356236 0.126904
0.359166 0.129
0.362093 0.131111
0.365015 0.133236
0.367935 0.135376
0.37085 0.13753
0.373762 0.139698
0.37667 0.14188
0.379575 0.144077
0.382476 0.146288
0.385373 0.148512
0.388266 0.15075
0.391156 0.153002
0.394041 0.155268
0.396923 0.157548
0.399801 0.15984
0.402675 0.162147
0.405544 0.164466
0.40841 0.166799
0.411272 0.169145
0.41413 0.171504
0.416984 0.173875
0.419834 0.17626
0.422679 0.178658
0.425521 0.181068
0.428358 0.18349
0.431191 0.185925
0.434019 0.188373
0.436844 0.190832
0.439664 0.193304
0.44248 0.195788
0.445291 0.198284
0.448098 0.200792
0.450901 0.203312
0.453699 0.205843
0.456493 0.208386
0.459282 0.21094
0.462067 0.213506
0.464847 0.216083
0.467623 0.218671
0.470394 0.221271
0.473161 0.223881
0.475922 0.226502
0.478679 0.229134
0.481432 0.231776
0.484179 0.234429
0.486922 0.237093
0.48966 0.239767
0.492393 0.242451
0.495122 0.245145
0.497845 0.24785
0.500564 0.250564
0.503278 0.253288
0.505986 0.256022
0.50869 0.258766
0.511389 0.261519
0.514083 0.264281
0.516771 0.267052
0.519455 0.269833
0.522133 0.272623
0.524807 0.275422
0.527475 0.278229
0.530138 0.281046
0.532795 0.283871
0.535448 0.286704
0.538095 0.289546
0.540737 0.292396
0.543374 0.295255
0.546005 0.298121
0.548631 0.300995
0.551251 0.303878
0.553866 0.306768
0.556476 0.309665
0.55908 0.31257
0.561678 0.315482
0.564272 0.318402
0.566859 0.321329
0.569441 0.324263
0.572017 0.327204
0.574588 0.330151
0.577153 0.333105
0.579712 0.336066
0.582266 0.339033
0.584814 0.342007
0.587356 0.344987
0.589893 0.347973
0.592423 0.350965
0.594948 0.353963
0.597467 0.356966
0.59998 0.359975
0.602487 0.36299
0.604988 0.36601
0.607483 0.369036
0.609972 0.372066
0.612456 0.375102
0.614933 0.378142
0.617404 0.381187
0.619869 0.384237
0.622328 0.387292
0.624781 0.390351
0.627228 0.393414
0.629668 0.396482
0.632102 0.399553
0.63453 0.402629
0.636952 0.405708
0.639368 0.408791
0.641777 0.411878
0.64418 0.414968
0.646577 0.418061
0.648967 0.421158
0.651351 0.424258
0.653728 0.42736
0.656099 0.430466
0.658464 0.433574
0.660822 0.436685
0.663173 0.439799
0.665518 0.442915
0.667857 0.446033
0.670189 0.449153
0.672514 0.452275
0.674833 0.455399
0.677145 0.458525
0.67945 0.461652
0.681749 0.464781
0.684041 0.467912
0.686326 0.471043
0.688605 0.474176
0.690876 0.47731
0.693141 0.480444
0.695399 0.48358
0.69765 0.486716
0.699895 0.489853
0.702132 0.49299
0.704363 0.496127
0.706586 0.499264
0.708803 0.502401
0.711013 0.505539
0.713215 0.508676
0.715411 0.511813
0.7176 0.514949
0.719781 0.518085
0.721956 0.52122
0.724123 0.524354
0.726283 0.527487
0.728436 0.530619
0.730582 0.53375
0.732721 0.53688
0.734852 0.540008
0.736977 0.543135
0.739094 0.546259
0.741203 0.549382
0.743306 0.552503
0.745401 0.555622
0.747489 0.558739
0.749569 0.561854
0.751642 0.564966
0.753708 0.568075
0.755766 0.571182
0.757817 0.574286
0.75986 0.577387
0.761896 0.580485
0.763924 0.58358
0.765945 0.586672
0.767958 0.58976
0.769964 0.592844
0.771962 0.595925
0.773953 0.599002
0.775935 0.602076
0.777911 0.605145
0.779878 0.60821
0.781838 0.611271
0.78379 0.614327
0.785735 0.617379
0.787672 0.620426
0.789601 0.623469
0.791522 0.626507
0.793435 0.629539
0.795341 0.632567
0.797239 0.63559
0.799129 0.638607
0.801011 0.641618
0.802885 0.644624
0.804751 0.647624
0.80661 0.650619
0.80846 0.653607
0.810303 0.65659
0.812137 0.659566
0.813963 0.662537
0.815782 0.6655
0.817592 0.668457
0.819395 0.671408
0.821189 0.674351
0.822975 0.677288
0.824753 0.680218
0.826523 0.683141
0.828285 0.686057
0.830039 0.688965
0.831785 0.691865
0.833522 0.694759
0.835251 0.697644
0.836972 0.700522
0.838685 0.703392
0.840389 0.706254
0.842085 0.709108
0.843773 0.711953
0.845453 0.71479
0.847124 0.717619
0.848787 0.720439
0.850441 0.72325
0.852087 0.726053
0.853725 0.728847
0.855355 0.731631
0.856975 0.734407
0.858588 0.737173
0.860192 0.73993
0.861788 0.742678
0.863375 0.745416
0.864953 0.748144
0.866523 0.750863
0.868085 0.753571
0.869638 0.75627
0.871182 0.758958
0.872718 0.761637
0.874245 0.764305
0.875764 0.766962
0.877274 0.76961
0.878775 0.772246
0.880268 0.774872
0.881752 0.777487
0.883228 0.780091
0.884694 0.782684
0.886152 0.785266
0.887601 0.787836
0.889042 0.790396
0.890474 0.792943
0.891897 0.79548
0.893311 0.798004
0.894716 0.800517
0.896113 0.803018
0.897501 0.805507
0.89888 0.807984
0.90025 0.81045
0.901611 0.812902
0.902963 0.815343
0.904307 0.81777
0.905641 0.820186
0.906967 0.822589
0.908284 0.824979
0.909591 0.827356
0.91089 0.829721
0.91218 0.832072
0.913461 0.83441
0.914733 0.836736
0.915996 0.839048
0.917249 0.841346
0.918494 0.843631
0.91973 0.845903
0.920957 0.848161
0.922174 0.850405
0.923383 0.852636
0.924582 0.854852
0.925773 0.857055
0.926954 0.859243
0.928126 0.861418
0.929289 0.863578
0.930443 0.865723
0.931587 0.867855
0.932723 0.869972
0.933849 0.872074
0.934966 0.874162
0.936074 0.876235
0.937173 0.878293
0.938262 0.880336
0.939342 0.882364
0.940413 0.884377
0.941475 0.886375
0.942528 0.888358
0.943571 0.890325
0.944605 0.892278
0.945629 0.894214
0.946644 0.896135
0.94765 0.898041
0.948647 0.899931
0.949634 0.901805
0.950612 0.903663
0.951581 0.905505
0.95254 0.907332
0.953489 0.909142
0.95443 0.910936
0.955361 0.912714
0.956282 0.914476
0.957195 0.916221
0.958097 0.91795
0.958991 0.919663
0.959875 0.921359
0.960749 0.923039
0.961614 0.924701
0.962469 0.926347
0.963316 0.927977
0.964152 0.929589
0.964979 0.931184
0.965797 0.932763
0.966605 0.934324
0.967403 0.935869
0.968192 0.937396
0.968972 0.938906
0.969741 0.940398
0.970502 0.941874
0.971253 0.943332
0.971994 0.944772
0.972726 0.946195
0.973448 0.9476
0.97416 0.948988
0.974863 0.950358
0.975556 0.95171
0.97624 0.953045
0.976914 0.954361
0.977579 0.95566
0.978234 0.956941
0.978879 0.958204
0.979514 0.959448
0.98014 0.960675
0.980757 0.961883
0.981363 0.963073
0.98196 0.964246
0.982547 0.965399
0.983125 0.966535
0.983693 0.967652
0.984251 0.96875
0.9848 0.96983
0.985339 0.970892
0.985868 0.971935
0.986387 0.97296
0.986897 0.973965
0.987397 0.974953
0.987887 0.975921
0.988368 0.976871
0.988839 0.977802
0.9893 0.978714
0.989751 0.979607
0.990193 0.980481
0.990625 0.981337
0.991047 0.982173
0.991459 0.982991
0.991862 0.983789
0.992254 0.984569
0.992637 0.985329
0.993011 0.98607
0.993374 0.986792
0.993728 0.987495
0.994072 0.988179
0.994406 0.988843
0.99473 0.989488
0.995045 0.990114
0.99535 0.990721
0.995645 0.991308
0.99593 0.991876
0.996205 0.992425
0.996471 0.992954
0.996726 0.993463
0.996972 0.993954
0.997208 0.994424
0.997435 0.994876
0.997651 0.995308
0.997858 0.99572
0.998054 0.996113
0.998241 0.996486
0.998419 0.99684
0.998586 0.997174
0.998743 0.997488
0.998891 0.997783
0.999029 0.998058
0.999157 0.998314
0.999275 0.99855
0.999383 0.998767
0.999482 0.998963
0.99957 0.999141
0.999649 0.999298
0.999718 0.999436
0.999777 0.999554
0.999826 0.999652
0.999866 0.999731
0.999895 0.99979
0.999915 0.99983
0.999925 0.999849
