-1 -1
-0.997998 -0.997998
-0.995996 -0.995996
-0.993994 -0.993994
-0.991992 -0.991992
-0.98999 -0.98999
-0.987988 -0.987988
-0.985986 -0.985986
-0.983984 -0.983984
-0.981982 -0.981982
-0.97998 -0.97998
-0.977978 -0.977978
-0.975976 -0.975976
-0.973974 -0.973974
-0.971972 -0.971972
-0.96997 -0.96997
-0.967968 -0.967968
-0.965966 -0.965966
-0.963964 -0.963964
-0.961962 -0.961962
-0.95996 -0.95996
-0.957958 -0.957958
-0.955956 -0.955956
-0.953954 -0.953954
-0.951952 -0.951952
-0.94995 -0.94995
-0.947948 -0.947948
-0.945946 -0.945946
-0.943944 -0.943944
-0.941942 -0.941942
-0.93994 -0.93994
-0.937938 -0.937938
-0.935936 -0.935936
-0.933934 -0.933934
-0.931932 -0.931932
-0.92993 -0.92993
-0.927928 -0.927928
-0.925926 -0.925926
-0.923924 -0.923924
-0.921922 -0.921922
-0.91992 -0.91992
-0.917918 -0.917918
-0.915916 -0.915916
-0.913914 -0.913914
-0.911912 -0.911912
-0.90991 -0.90991
-0.907908 -0.907908
-0.905906 -0.905906
-0.903904 -0.903904
-0.901902 -0.901902
-0.8999 -0.8999
-0.897898 -0.897898
-0.895896 -0.895896
-0.893894 -0.893894
-0.891892 -0.891892
-0.88989 -0.88989
-0.887888 -0.887888
-0.885886 -0.885886
-0.883884 -0.883884
-0.881882 -0.881882
-0.87988 -0.87988
-0.877878 -0.877878
-0.875876 -0.875876
-0.873874 -0.873874
-0.871872 -0.871872
-0.86987 -0.86987
-0.867868 -0.867868
-0.865866 -0.865866
-0.863864 -0.863864
-0.861862 -0.861862
-0.85986 -0.85986
-0.857858 -0.857858
-0.855856 -0.855856
-0.853854 -0.853854
-0.851852 -0.851852
-0.84985 -0.84985
-0.847848 -0.847848
-0.845846 -0.845846
-0.843844 -0.843844
-0.841842 -0.841842
-0.83984 -0.83984
-0.837838 -0.837838
-0.835836 -0.835836
-0.833834 -0.833834
-0.831832 -0.831832
-0.82983 -0.82983
-0.827828 -0.827828
-0.825826 -0.825826
-0.823824 -0.823824
-0.821822 -0.821822
-0.81982 -0.81982
-0.817818 -0.817818
-0.815816 -0.815816
-0.813814 -0.813814
-0.811812 -0.811812
-0.80981 -0.80981
-0.807808 -0.807808
-0.805806 -0.805806
-0.803804 -0.803804
-0.801802 -0.801802
-0.7998 -0.7998
-0.797798 -0.797798
-0.795796 -0.795796
-0.793794 -0.793794
-0.791792 -0.791792
-0.78979 -0.78979
-0.787788 -0.787788
-0.785786 -0.785786
-0.783784 -0.783784
-0.781782 -0.781782
-0.77978 -0.77978
-0.777778 -0.777778
-0.775776 -0.775776
-0.773774 -0.773774
-0.771772 -0.771772
-0.76977 -0.76977
-0.767768 -0.767768
-0.765766 -0.765766
-0.763764 -0.763764
-0.761762 -0.761762
-0.75976 -0.75976
-0.757758 -0.757758
-0.755756 -0.755756
-0.753754 -0.753754
-0.751752 -0.751752
-0.74975 -0.74975
-0.747748 -0.747748
-0.745746 -0.745746
-0.743744 -0.743744
-0.741742 -0.741742
-0.73974 -0.73974
-0.737738 -0.737738
-0.735736 -0.735736
-0.733734 -0.733734
-0.731732 -0.731732
-0.72973 -0.72973
-0.727728 -0.727728
-0.725726 -0.725726
-0.723724 -0.723724
-0.721722 -0.721722
-0.71972 -0.71972
-0.717718 -0.717718
-0.715716 -0.715716
-0.713714 -0.713714
-0.711712 -0.711712
-0.70971 -0.70971
-0.707708 -0.707708
-0.705706 -0.705706
-0.703704 -0.703704
-0.701702 -0.701702
-0.6997 -0.6997
-0.697698 -0.697698
-0.695696 -0.695696
-0.693694 -0.693694
-0.691692 -0.691692
-0.68969 -0.68969
-0.687688 -0.687688
-0.685686 -0.685686
-0.683684 -0.683684
-0.681682 -0.681682
-0.67968 -0.67968
-0.677678 -0.677678
-0.675676 -0.675676
-0.673674 -0.673674
-0.671672 -0.671672
-0.66967 -0.66967
-0.667668 -0.667668
-0.665666 -0.665666
-0.663664 -0.663664
-0.661662 -0.661662
-0.65966 -0.65966
-0.657658 -0.657658
-0.655656 -0.655656
-0.653654 -0.653654
-0.651652 -0.651652
-0.64965 -0.64965
-0.647648 -0.647648
-0.645646 -0.645646
-0.643644 -0.643644
-0.641642 -0.641642
-0.63964 -0.63964
-0.637638 -0.637638
-0.635636 -0.635636
-0.633634 -0.633634
-0.631632 -0.631632
-0.62963 -0.62963
-0.627628 -0.627628
-0.625626 -0.625626
-0.623624 -0.623624
-0.621622 -0.621622
-0.61962 -0.61962
-0.617618 -0.617618
-0.615616 -0.615616
-0.613614 -0.613614
-0.611612 -0.611612
-0.60961 -0.60961
-0.607608 -0.607608
-0.605606 -0.605606
-0.603604 -0.603604
-0.601602 -0.601602
-0.5996 -0.5996
-0.597598 -0.597598
-0.595596 -0.595596
-0.593594 -0.593594
-0.591592 -0.591592
-0.58959 -0.58959
-0.587588 -0.587588
-0.585586 -0.585586
-0.583584 -0.583584
-0.581582 -0.581582
-0.57958 -0.57958
-0.577578 -0.577578
-0.575576 -0.575576
-0.573574 -0.573574
-0.571572 -0.571572
-0.56957 -0.56957
-0.567568 -0.567568
-0.565566 -0.565566
-0.563564 -0.563564
-0.561562 -0.561562
-0.55956 -0.55956
-0.557558 -0.557558
-0.555556 -0.555556
-0.553554 -0.553554
-0.551552 -0.551552
-0.54955 -0.54955
-0.547548 -0.547548
-0.545546 -0.545546
-0.543544 -0.543544
-0.541542 -0.541542
-0.53954 -0.53954
-0.537538 -0.537538
-0.535536 -0.535536
-0.533534 -0.533534
-0.531532 -0.531532
-0.52953 -0.52953
-0.527528 -0.527528
-0.525526 -0.525526
-0.523524 -0.523524
-0.521522 -0.521522
-0.51952 -0.51952
-0.517518 -0.517518
-0.515516 -0.515516
-0.513514 -0.513514
-0.511512 -0.511512
-0.50951 -0.50951
-0.507508 -0.507508
-0.505506 -0.505506
-0.503504 -0.503504
-0.501502 -0.501502
-0.499499 -0.499499
-0.497497 -0.497497
-0.495495 -0.495495
-0.493493 -0.493493
-0.491491 -0.491491
-0.489489 -0.489489
-0.487487 -0.487487
-0.485485 -0.485485
-0.483483 -0.483483
-0.481481 -0.481481
-0.479479 -0.479479
-0.477477 -0.477477
-0.475475 -0.475475
-0.473473 -0.473473
-0.471471 -0.471471
-0.469469 -0.469469
-0.467467 -0.467467
-0.465465 -0.465465
-0.463463 -0.463463
-0.461461 -0.461461
-0.459459 -0.459459
-0.457457 -0.457457
-0.455455 -0.455455
-0.453453 -0.453453
-0.451451 -0.451451
-0.449449 -0.449449
-0.447447 -0.447447
-0.445445 -0.445445
-0.443443 -0.443443
-0.441441 -0.441441
-0.439439 -0.439439
-0.437437 -0.437437
-0.435435 -0.435435
-0.433433 -0.433433
-0.431431 -0.431431
-0.429429 -0.429429
-0.427427 -0.427427
-0.425425 -0.425425
-0.423423 -0.423423
-0.421421 -0.421421
-0.419419 -0.419419
-0.417417 -0.417417
-0.415415 -0.415415
-0.413413 -0.413413
-0.411411 -0.411411
-0.409409 -0.409409
-0.407407 -0.407407
-0.405405 -0.405405
-0.403403 -0.403403
-0.401401 -0.401401
-0.399399 -0.399399
-0.397397 -0.397397
-0.395395 -0.395395
-0.393393 -0.393393
-0.391391 -0.391391
-0.389389 -0.389389
-0.387387 -0.387387
-0.385385 -0.385385
-0.383383 -0.383383
-0.381381 -0.381381
-0.379379 -0.379379
-0.377377 -0.377377
-0.375375 -0.375375
-0.373373 -0.373373
-0.371371 -0.371371
-0.369369 -0.369369
-0.367367 -0.367367
-0.365365 -0.365365
-0.363363 -0.363363
-0.361361 -0.361361
-0.359359 -0.359359
-0.357357 -0.357357
-0.355355 -0.355355
-0.353353 -0.353353
-0.351351 -0.351351
-0.349349 -0.349349
-0.347347 -0.347347
-0.345345 -0.345345
-0.343343 -0.343343
-0.341341 -0.341341
-0.339339 -0.339339
-0.337337 -0.337337
-0.335335 -0.335335
-0.333333 -0.333333
-0.331331 -0.331331
-0.329329 -0.329329
-0.327327 -0.327327
-0.325325 -0.325325
-0.323323 -0.323323
-0.321321 -0.321321
-0.319319 -0.319319
-0.317317 -0.317317
-0.315315 -0.315315
-0.313313 -0.313313
-0.311311 -0.311311
-0.309309 -0.309309
-0.307307 -0.307307
-0.305305 -0.305305
-0.303303 -0.303303
-0.301301 -0.301301
-0.299299 -0.299299
-0.297297 -0.297297
-0.295295 -0.295295
-0.293293 -0.293293
-0.291291 -0.291291
-0.289289 -0.289289
-0.287287 -0.287287
-0.285285 -0.285285
-0.283283 -0.283283
-0.281281 -0.281281
-0.279279 -0.279279
-0.277277 -0.277277
-0.275275 -0.275275
-0.273273 -0.273273
-0.271271 -0.271271
-0.269269 -0.269269
-0.267267 -0.267267
-0.265265 -0.265265
-0.263263 -0.263263
-0.261261 -0.261261
-0.259259 -0.259259
-0.257257 -0.257257
-0.255255 -0.255255
-0.253253 -0.253253
-0.251251 -0.251251
-0.249249 -0.249249
-0.247247 -0.247247
-0.245245 -0.245245
-0.243243 -0.243243
-0.241241 -0.241241
-0.239239 -0.239239
-0.237237 -0.237237
-0.235235 -0.235235
-0.233233 -0.233233
-0.231231 -0.231231
-0.229229 -0.229229
-0.227227 -0.227227
-0.225225 -0.225225
-0.223223 -0.223223
-0.221221 -0.221221
-0.219219 -0.219219
-0.217217 -0.217217
-0.215215 -0.215215
-0.213213 -0.213213
-0.211211 -0.211211
-0.209209 -0.209209
-0.207207 -0.207207
-0.205205 -0.205205
-0.203203 -0.203203
-0.201201 -0.201201
-0.199199 -0.199199
-0.197197 -0.197197
-0.195195 -0.195195
-0.193193 -0.193193
-0.191191 -0.191191
-0.189189 -0.189189
-0.187187 -0.187187
-0.185185 -0.185185
-0.183183 -0.183183
-0.181181 -0.181181
-0.179179 -0.179179
-0.177177 -0.177177
-0.175175 -0.175175
-0.173173 -0.173173
-0.171171 -0.171171
-0.169169 -0.169169
-0.167167 -0.167167
-0.165165 -0.165165
-0.163163 -0.163163
-0.161161 -0.161161
-0.159159 -0.159159
-0.157157 -0.157157
-0.155155 -0.155155
-0.153153 -0.153153
-0.151151 -0.151151
-0.149149 -0.149149
-0.147147 -0.147147
-0.145145 -0.145145
-0.143143 -0.143143
-0.141141 -0.141141
-0.139139 -0.139139
-0.137137 -0.137137
-0.135135 -0.135135
-0.133133 -0.133133
-0.131131 -0.131131
-0.129129 -0.129129
-0.127127 -0.127127
-0.125125 -0.125125
-0.123123 -0.123123
-0.121121 -0.121121
-0.119119 -0.119119
-0.117117 -0.117117
-0.115115 -0.115115
-0.113113 -0.113113
-0.111111 -0.111111
-0.109109 -0.109109
-0.107107 -0.107107
-0.105105 -0.105105
-0.103103 -0.103103
-0.101101 -0.101101
-0.0990991 -0.0990991
-0.0970971 -0.0970971
-0.0950951 -0.0950951
-0.0930931 -0.0930931
-0.0910911 -0.0910911
-0.0890891 -0.0890891
-0.0870871 -0.0870871
-0.0850851 -0.0850851
-0.0830831 -0.0830831
-0.0810811 -0.0810811
-0.0790791 -0.0790791
-0.0770771 -0.0770771
-0.0750751 -0.0750751
-0.0730731 -0.0730731
-0.0710711 -0.0710711
-0.0690691 -0.0690691
-0.0670671 -0.0670671
-0.0650651 -0.0650651
-0.0630631 -0.0630631
-0.0610611 -0.0610611
-0.0590591 -0.0590591
-0.0570571 -0.0570571
-0.0550551 -0.0550551
-0.0530531 -0.0530531
-0.0510511 -0.0510511
-0.049049 -0.049049
-0.047047 -0.047047
-0.045045 -0.045045
-0.043043 -0.043043
-0.041041 -0.041041
-0.039039 -0.039039
-0.037037 -0.037037
-0.035035 -0.035035
-0.033033 -0.033033
-0.031031 -0.031031
-0.029029 -0.029029
-0.027027 -0.027027
-0.025025 -0.025025
-0.023023 -0.023023
-0.021021 -0.021021
-0.019019 -0.019019
-0.017017 -0.017017
-0.015015 -0.015015
-0.013013 -0.013013
-0.011011 -0.011011
-0.00900901 -0.00900901
-0.00700701 -0.00700701
-0.00500501 -0.00500501
-0.003003 -0.003003
-0.001001 -0.001001
0.001001 0.001001
0.003003 0.003003
0.00500501 0.00500501
0.00700701 0.00700701
0.00900901 0.00900901
0.011011 0.011011
0.013013 0.013013
0.015015 0.015015
0.017017 0.017017
0.019019 0.019019
0.021021 0.021021
0.023023 0.023023
0.025025 0.025025
0.027027 0.027027
0.029029 0.029029
0.031031 0.031031
0.033033 0.033033
0.035035 0.035035
0.037037 0.037037
0.039039 0.039039
0.041041 0.041041
0.043043 0.043043
0.045045 0.045045
0.047047 0.047047
0.049049 0.049049
0.0510511 0.0510511
0.0530531 0.0530531
0.0550551 0.0550551
0.0570571 0.0570571
0.0590591 0.0590591
0.0610611 0.0610611
0.0630631 0.0630631
0.0650651 0.0650651
0.0670671 0.0670671
0.0690691 0.0690691
0.0710711 0.0710711
0.0730731 0.0730731
0.0750751 0.0750751
0.0770771 0.0770771
0.0790791 0.0790791
0.0810811 0.0810811
0.0830831 0.0830831
0.0850851 0.0850851
0.0870871 0.0870871
0.0890891 0.0890891
0.0910911 0.0910911
0.0930931 0.0930931
0.0950951 0.0950951
0.0970971 0.0970971
0.0990991 0.0990991
0.101101 0.101101
0.103103 0.103103
0.105105 0.105105
0.107107 0.107107
0.109109 0.109109
0.111111 0.111111
0.113113 0.113113
0.115115 0.115115
0.117117 0.117117
0.119119 0.119119
0.121121 0.121121
0.123123 0.123123
0.125125 0.125125
0.127127 0.127127
0.129129 0.129129
0.131131 0.131131
0.133133 0.133133
0.135135 0.135135
0.137137 0.137137
0.139139 0.139139
0.141141 0.141141
0.143143 0.143143
0.145145 0.145145
0.147147 0.147147
0.149149 0.149149
0.151151 0.151151
0.153153 0.153153
0.155155 0.155155
0.157157 0.157157
0.159159 0.159159
0.161161 0.161161
0.163163 0.163163
0.165165 0.165165
0.167167 0.167167
0.169169 0.169169
0.171171 0.171171
0.173173 0.173173
0.175175 0.175175
0.177177 0.177177
0.179179 0.179179
0.181181 0.181181
0.183183 0.183183
0.185185 0.185185
0.187187 0.187187
0.189189 0.189189
0.191191 0.191191
0.193193 0.193193
0.195195 0.195195
0.197197 0.197197
0.199199 0.199199
0.201201 0.201201
0.203203 0.203203
0.205205 0.205205
0.207207 0.207207
0.209209 0.209209
0.211211 0.211211
0.213213 0.213213
0.215215 0.215215
0.217217 0.217217
0.219219 0.219219
0.221221 0.221221
0.223223 0.223223
0.225225 0.225225
0.227227 0.227227
0.229229 0.229229
0.231231 0.231231
0.233233 0.233233
0.235235 0.235235
0.237237 0.237237
0.239239 0.239239
0.241241 0.241241
0.243243 0.243243
0.245245 0.245245
0.247247 0.247247
0.249249 0.249249
0.251251 0.251251
0.253253 0.253253
0.255255 0.255255
0.257257 0.257257
0.259259 0.259259
0.261261 0.261261
0.263263 0.263263
0.265265 0.265265
0.267267 0.267267
0.269269 0.269269
0.271271 0.271271
0.273273 0.273273
0.275275 0.275275
0.277277 0.277277
0.279279 0.279279
0.281281 0.281281
0.283283 0.283283
0.285285 0.285285
0.287287 0.287287
0.289289 0.289289
0.291291 0.291291
0.293293 0.293293
0.295295 0.295295
0.297297 0.297297
0.299299 0.299299
0.301301 0.301301
0.303303 0.303303
0.305305 0.305305
0.307307 0.307307
0.309309 0.309309
0.311311 0.311311
0.313313 0.313313
0.315315 0.315315
0.317317 0.317317
0.319319 0.319319
0.321321 0.321321
0.323323 0.323323
0.325325 0.325325
0.327327 0.327327
0.329329 0.329329
0.331331 0.331331
0.333333 0.333333
0.335335 0.335335
0.337337 0.337337
0.339339 0.339339
0.341341 0.341341
0.343343 0.343343
0.345345 0.345345
0.347347 0.347347
0.349349 0.349349
0.351351 0.351351
0.353353 0.353353
0.355355 0.355355
0.357357 0.357357
0.359359 0.359359
0.361361 0.361361
0.363363 0.363363
0.365365 0.365365
0.367367 0.367367
0.369369 0.369369
0.371371 0.371371
0.373373 0.373373
0.375375 0.375375
0.377377 0.377377
0.379379 0.379379
0.381381 0.381381
0.383383 0.383383
0.385385 0.385385
0.387387 0.387387
0.389389 0.389389
0.391391 0.391391
0.393393 0.393393
0.395395 0.395395
0.397397 0.397397
0.399399 0.399399
0.401401 0.401401
0.403403 0.403403
0.405405 0.405405
0.407407 0.407407
0.409409 0.409409
0.411411 0.411411
0.413413 0.413413
0.415415 0.415415
0.417417 0.417417
0.419419 0.419419
0.421421 0.421421
0.423423 0.423423
0.425425 0.425425
0.427427 0.427427
0.429429 0.429429
0.431431 0.431431
0.433433 0.433433
0.435435 0.435435
0.437437 0.437437
0.439439 0.439439
0.441441 0.441441
0.443443 0.443443
0.445445 0.445445
0.447447 0.447447
0.449449 0.449449
0.451451 0.451451
0.453453 0.453453
0.455455 0.455455
0.457457 0.457457
0.459459 0.459459
0.461461 0.461461
0.463463 0.463463
0.465465 0.465465
0.467467 0.467467
0.469469 0.469469
0.471471 0.471471
0.473473 0.473473
0.475475 0.475475
0.477477 0.477477
0.479479 0.479479
0.481481 0.481481
0.483483 0.483483
0.485485 0.485485
0.487487 0.487487
0.489489 0.489489
0.491491 0.491491
0.493493 0.493493
0.495495 0.495495
0.497497 0.497497
0.499499 0.499499
0.501502 0.501502
0.503504 0.503504
0.505506 0.505506
0.507508 0.507508
0.50951 0.50951
0.511512 0.511512
0.513514 0.513514
0.515516 0.515516
0.517518 0.517518
0.51952 0.51952
0.521522 0.521522
0.523524 0.523524
0.525526 0.525526
0.527528 0.527528
0.52953 0.52953
0.531532 0.531532
0.533534 0.533534
0.535536 0.535536
0.537538 0.537538
0.53954 0.53954
0.541542 0.541542
0.543544 0.543544
0.545546 0.545546
0.547548 0.547548
0.54955 0.54955
0.551552 0.551552
0.553554 0.553554
0.555556 0.555556
0.557558 0.557558
0.55956 0.55956
0.561562 0.561562
0.563564 0.563564
0.565566 0.565566
0.567568 0.567568
0.56957 0.56957
0.571572 0.571572
0.573574 0.573574
0.575576 0.575576
0.577578 0.577578
0.57958 0.57958
0.581582 0.581582
0.583584 0.583584
0.585586 0.585586
0.587588 0.587588
0.58959 0.58959
0.591592 0.591592
0.593594 0.593594
0.595596 0.595596
0.597598 0.597598
0.5996 0.5996
0.601602 0.601602
0.603604 0.603604
0.605606 0.605606
0.607608 0.607608
0.60961 0.60961
0.611612 0.611612
0.613614 0.613614
0.615616 0.615616
0.617618 0.617618
0.61962 0.61962
0.621622 0.621622
0.623624 0.623624
0.625626 0.625626
0.627628 0.627628
0.62963 0.62963
0.631632 0.631632
0.633634 0.633634
0.635636 0.635636
0.637638 0.637638
0.63964 0.63964
0.641642 0.641642
0.643644 0.643644
0.645646 0.645646
0.647648 0.647648
0.64965 0.64965
0.651652 0.651652
0.653654 0.653654
0.655656 0.655656
0.657658 0.657658
0.65966 0.65966
0.661662 0.661662
0.663664 0.663664
0.665666 0.665666
0.667668 0.667668
0.66967 0.66967
0.671672 0.671672
0.673674 0.673674
0.675676 0.675676
0.677678 0.677678
0.67968 0.67968
0.681682 0.681682
0.683684 0.683684
0.685686 0.685686
0.687688 0.687688
0.68969 0.68969
0.691692 0.691692
0.693694 0.693694
0.695696 0.695696
0.697698 0.697698
0.6997 0.6997
0.701702 0.701702
0.703704 0.703704
0.705706 0.705706
0.707708 0.707708
0.70971 0.70971
0.711712 0.711712
0.713714 0.713714
0.715716 0.715716
0.717718 0.717718
0.71972 0.71972
0.721722 0.721722
0.723724 0.723724
0.725726 0.725726
0.727728 0.727728
0.72973 0.72973
0.731732 0.731732
0.733734 0.733734
0.735736 0.735736
0.737738 0.737738
0.73974 0.73974
0.741742 0.741742
0.743744 0.743744
0.745746 0.745746
0.747748 0.747748
0.74975 0.74975
0.751752 0.751752
0.753754 0.753754
0.755756 0.755756
0.757758 0.757758
0.75976 0.75976
0.761762 0.761762
0.763764 0.763764
0.765766 0.765766
0.767768 0.767768
0.76977 0.76977
0.771772 0.771772
0.773774 0.773774
0.775776 0.775776
0.777778 0.777778
0.77978 0.77978
0.781782 0.781782
0.783784 0.783784
0.785786 0.785786
0.787788 0.787788
0.78979 0.78979
0.791792 0.791792
0.793794 0.793794
0.795796 0.795796
0.797798 0.797798
0.7998 0.7998
0.801802 0.801802
0.803804 0.803804
0.805806 0.805806
0.807808 0.807808
0.80981 0.80981
0.811812 0.811812
0.813814 0.813814
0.815816 0.815816
0.817818 0.817818
0.81982 0.81982
0.821822 0.821822
0.823824 0.823824
0.825826 0.825826
0.827828 0.827828
0.82983 0.82983
0.831832 0.831832
0.833834 0.833834
0.835836 0.835836
0.837838 0.837838
0.83984 0.83984
0.841842 0.841842
0.843844 0.843844
0.845846 0.845846
0.847848 0.847848
0.84985 0.84985
0.851852 0.851852
0.853854 0.853854
0.855856 0.855856
0.857858 0.857858
0.85986 0.85986
0.861862 0.861862
0.863864 0.863864
0.865866 0.865866
0.867868 0.867868
0.86987 0.86987
0.871872 0.871872
0.873874 0.873874
0.875876 0.875876
0.877878 0.877878
0.87988 0.87988
0.881882 0.881882
0.883884 0.883884
0.885886 0.885886
0.887888 0.887888
0.88989 0.88989
0.891892 0.891892
0.893894 0.893894
0.895896 0.895896
0.897898 0.897898
0.8999 0.8999
0.901902 0.901902
0.903904 0.903904
0.905906 0.905906
0.907908 0.907908
0.90991 0.90991
0.911912 0.911912
0.913914 0.913914
0.915916 0.915916
0.917918 0.917918
0.91992 0.91992
0.921922 0.921922
0.923924 0.923924
0.925926 0.925926
0.927928 0.927928
0.92993 0.92993
0.931932 0.931932
0.933934 0.933934
0.935936 0.935936
0.937938 0.937938
0.93994 0.93994
0.941942 0.941942
0.943944 0.943944
0.945946 0.945946
0.947948 0.947948
0.94995 0.94995
0.951952 0.951952
0.953954 0.953954
0.955956 0.955956
0.957958 0.957958
0.95996 0.95996
0.961962 0.961962
0.963964 0.963964
0.965966 0.965966
0.967968 0.967968
0.96997 0.96997
0.971972 0.971972
0.973974 0.973974
0.975976 0.975976
0.977978 0.977978
0.97998 0.97998
0.981982 0.981982
0.983984 0.983984
0.985986 0.985986
0.987988 0.987988
0.98999 0.98999
0.991992 0.991992
0.993994 0.993994
0.995996 0.995996
0.997998 0.997998
1 1
