-0.961815 0.925088
-0.961796 0.925052
-0.961767 0.924997
-0.961728 0.924925
-0.96168 0.924834
-0.961622 0.924725
-0.961555 0.924598
-0.961477 0.924453
-0.961391 0.924289
-0.961294 0.924108
-0.961188 0.923908
-0.961073 0.92369
-0.960947 0.923454
-0.960812 0.9232
-0.960668 0.922928
-0.960514 0.922638
-0.96035 0.922329
-0.960176 0.922003
-0.959993 0.921658
-0.959801 0.921295
-0.959598 0.920914
-0.959386 0.920515
-0.959165 0.920098
-0.958934 0.919663
-0.958693 0.919209
-0.958442 0.918738
-0.958182 0.918248
-0.957913 0.917741
-0.957634 0.917215
-0.957345 0.916671
-0.957046 0.916109
-0.956738 0.915529
-0.956421 0.914932
-0.956094 0.914316
-0.955757 0.913682
-0.955411 0.91303
-0.955055 0.91236
-0.954689 0.911672
-0.954314 0.910966
-0.95393 0.910242
-0.953535 0.9095
-0.953132 0.90874
-0.952718 0.907963
-0.952295 0.907167
-0.951863 0.906353
-0.951421 0.905522
-0.95097 0.904673
-0.950509 0.903806
-0.950038 0.902921
-0.949558 0.902018
-0.949068 0.901097
-0.948569 0.900159
-0.948061 0.899203
-0.947543 0.898229
-0.947015 0.897237
-0.946478 0.896228
-0.945931 0.895201
-0.945375 0.894156
-0.94481 0.893094
-0.944235 0.892014
-0.94365 0.890917
-0.943056 0.889802
-0.942453 0.888669
-0.94184 0.887519
-0.941217 0.886352
-0.940586 0.885167
-0.939945 0.883965
-0.939294 0.882745
-0.938634 0.881508
-0.937964 0.880254
-0.937286 0.878983
-0.936597 0.877694
-0.9359 0.876389
-0.935193 0.875066
-0.934476 0.873726
-0.93375 0.872369
-0.933015 0.870995
-0.932271 0.869604
-0.931517 0.868197
-0.930754 0.866772
-0.929981 0.865331
-0.929199 0.863873
-0.928408 0.862398
-0.927608 0.860907
-0.926798 0.859399
-0.925979 0.857875
-0.925151 0.856334
-0.924313 0.854777
-0.923466 0.853204
-0.92261 0.851614
-0.921744 0.850009
-0.92087 0.848387
-0.919986 0.846749
-0.919093 0.845095
-0.91819 0.843426
-0.917279 0.84174
-0.916358 0.840039
-0.915428 0.838323
-0.914489 0.83659
-0.91354 0.834843
-0.912583 0.83308
-0.911616 0.831302
-0.91064 0.829508
-0.909655 0.8277
-0.908661 0.825877
-0.907658 0.824039
-0.906646 0.822186
-0.905624 0.820318
-0.904594 0.818436
-0.903554 0.81654
-0.902506 0.814629
-0.901448 0.812704
-0.900381 0.810765
-0.899306 0.808813
-0.898221 0.806846
-0.897127 0.804866
-0.896024 0.802872
-0.894912 0.800866
-0.893792 0.798852
-0.892662 0.796825
-0.891523 0.794785
-0.890376 0.792731
-0.889219 0.790665
-0.888053 0.788586
-0.886879 0.786495
-0.885696 0.78439
-0.884503 0.782273
-0.883302 0.780144
-0.882092 0.778002
-0.880874 0.775848
-0.879646 0.773682
-0.878409 0.771504
-0.877164 0.769314
-0.87591 0.767111
-0.874647 0.764897
-0.873375 0.762671
-0.872095 0.760433
-0.870806 0.758184
-0.869508 0.755923
-0.868201 0.753651
-0.866885 0.751368
-0.865561 0.749073
-0.864228 0.746767
-0.862887 0.744449
-0.861537 0.742121
-0.860178 0.739782
-0.85881 0.737432
-0.857434 0.735072
-0.85605 0.7327
-0.854656 0.730318
-0.853254 0.727926
-0.851844 0.725523
-0.850425 0.72311
-0.848997 0.720687
-0.847561 0.718253
-0.846117 0.715809
-0.844664 0.713356
-0.843202 0.710892
-0.841732 0.708419
-0.840253 0.705936
-0.838766 0.703443
-0.837271 0.700941
-0.835767 0.698429
-0.834255 0.695908
-0.832734 0.693377
-0.831206 0.690838
-0.829668 0.688289
-0.828123 0.685731
-0.826569 0.683164
-0.825006 0.680588
-0.823436 0.678003
-0.821857 0.67541
-0.82027 0.672808
-0.818674 0.670197
-0.817071 0.667578
-0.815459 0.664951
-0.813839 0.662315
-0.812211 0.659671
-0.810574 0.657018
-0.80893 0.654358
-0.807277 0.651689
-0.805616 0.649013
-0.803948 0.646328
-0.802271 0.643636
-0.800586 0.640937
-0.798892 0.638229
-0.797191 0.63552
-0.795482 0.632811
-0.793765 0.630094
-0.79204 0.62737
-0.790307 0.624639
-0.788566 0.6219
-0.786817 0.619155
-0.78506 0.616404
-0.783295 0.613645
-0.781522 0.61088
-0.779742 0.608109
-0.777954 0.605331
-0.776157 0.602547
-0.774353 0.599757
-0.772541 0.596961
-0.770722 0.594159
-0.768894 0.591351
-0.767059 0.588538
-0.765217 0.585719
-0.763366 0.582895
-0.761508 0.580066
-0.759642 0.577231
-0.757768 0.574391
-0.755887 0.571547
-0.753998 0.568697
-0.752102 0.565843
-0.750198 0.562984
-0.748287 0.560121
-0.746368 0.557253
-0.744441 0.554381
-0.742507 0.551505
-0.740565 0.548625
-0.738617 0.545742
-0.73666 0.542854
-0.734696 0.539963
-0.732725 0.537068
-0.730746 0.53417
-0.72876 0.531269
-0.726767 0.528364
-0.724766 0.525457
-0.722758 0.522546
-0.720743 0.519633
-0.71872 0.516717
-0.716691 0.513799
-0.714654 0.510878
-0.712609 0.507955
-0.710558 0.50503
-0.708499 0.502102
-0.706434 0.499173
-0.704361 0.496242
-0.702281 0.49331
-0.700194 0.490376
-0.6981 0.48744
-0.695999 0.484504
-0.69389 0.481566
-0.691775 0.478627
-0.689653 0.475687
-0.687524 0.472747
-0.685388 0.469806
-0.683245 0.466864
-0.681095 0.463922
-0.678938 0.46098
-0.676775 0.458037
-0.674604 0.455095
-0.672427 0.45216
-0.670243 0.449231
-0.668052 0.446303
-0.665855 0.443374
-0.663651 0.440447
-0.66144 0.43752
-0.659222 0.434595
-0.656998 0.43167
-0.654767 0.428746
-0.652529 0.425824
-0.650285 0.422903
-0.648034 0.419983
-0.645777 0.417065
-0.643513 0.414149
-0.641243 0.411234
-0.638966 0.408322
-0.636683 0.405411
-0.634393 0.402503
-0.632097 0.399597
-0.629794 0.396693
-0.627485 0.393792
-0.62517 0.390894
-0.622849 0.387998
-0.620521 0.385105
-0.618187 0.382215
-0.615846 0.379328
-0.6135 0.376444
-0.611147 0.373564
-0.608788 0.370687
-0.606423 0.367813
-0.604051 0.364943
-0.601674 0.362077
-0.59929 0.359215
-0.596901 0.356356
-0.594505 0.353502
-0.592103 0.350652
-0.589696 0.347807
-0.587282 0.344965
-0.584863 0.342129
-0.582437 0.339297
-0.580006 0.336469
-0.577568 0.333647
-0.575125 0.330829
-0.572676 0.328017
-0.570221 0.32521
-0.567761 0.322408
-0.565294 0.319612
-0.562822 0.316821
-0.560344 0.314035
-0.557861 0.311256
-0.555372 0.308482
-0.552877 0.305715
-0.550377 0.302953
-0.547871 0.300198
-0.545359 0.297449
-0.542842 0.294706
-0.540319 0.29197
-0.537791 0.28924
-0.535258 0.286517
-0.532719 0.283801
-0.530174 0.281092
-0.527625 0.27839
-0.525069 0.275701
-0.522509 0.273024
-0.519943 0.270354
-0.517372 0.267691
-0.514796 0.265037
-0.512214 0.26239
-0.509627 0.259751
-0.507035 0.257119
-0.504438 0.254496
-0.501836 0.251881
-0.499228 0.249274
-0.496616 0.246676
-0.493998 0.244086
-0.491376 0.241504
-0.488748 0.238931
-0.486116 0.236367
-0.483478 0.233812
-0.480836 0.231266
-0.478188 0.228729
-0.475536 0.226201
-0.472879 0.223683
-0.470217 0.221174
-0.46755 0.218674
-0.464879 0.216184
-0.462203 0.213704
-0.459522 0.211233
-0.456836 0.208773
-0.454146 0.206322
-0.451451 0.203882
-0.448751 0.201452
-0.446047 0.199032
-0.443338 0.196622
-0.440625 0.194223
-0.437907 0.191835
-0.435185 0.189457
-0.432459 0.187091
-0.429727 0.184735
-0.426992 0.18239
-0.424252 0.180056
-0.421508 0.177734
-0.418759 0.175422
-0.416006 0.173123
-0.413249 0.170834
-0.410488 0.168557
-0.407722 0.166292
-0.404953 0.164039
-0.402179 0.161798
-0.399401 0.159568
-0.396619 0.157351
-0.393832 0.155146
-0.391042 0.152953
-0.388248 0.150772
-0.38545 0.148604
-0.382648 0.146448
-0.379841 0.144305
-0.377031 0.142174
-0.374217 0.140057
-0.3714 0.137952
-0.368578 0.13586
-0.365753 0.133781
-0.362923 0.131716
-0.36009 0.129666
-0.357254 0.127633
-0.354413 0.125613
-0.35157 0.123607
-0.348722 0.121614
-0.345871 0.119635
-0.343016 0.11767
-0.340158 0.115718
-0.337296 0.11378
-0.33443 0.111857
-0.331562 0.109947
-0.328689 0.108052
-0.325814 0.10617
-0.322935 0.104304
-0.320052 0.102451
-0.317167 0.100613
-0.314278 0.0987892
-0.311385 0.0969802
-0.30849 0.0951858
-0.305591 0.0934062
-0.302689 0.0916414
-0.299784 0.0898915
-0.296876 0.0881566
-0.293965 0.0864367
-0.291051 0.084732
-0.288134 0.0830424
-0.285213 0.0813681
-0.28229 0.0797091
-0.279364 0.0780655
-0.276435 0.0764373
-0.273502 0.0748247
-0.270568 0.0732277
-0.26763 0.0716463
-0.264689 0.0700807
-0.261746 0.0685309
-0.2588 0.0669969
-0.255851 0.0654789
-0.2529 0.0639769
-0.249946 0.0624909
-0.246989 0.0610211
-0.244029 0.0595674
-0.241068 0.0581299
-0.238103 0.0567088
-0.235136 0.055304
-0.232167 0.0539157
-0.229195 0.0525438
-0.22622 0.0511885
-0.223244 0.0498498
-0.220265 0.0485277
-0.217283 0.0472224
-0.214299 0.0459338
-0.211313 0.044662
-0.208325 0.0434071
-0.205335 0.0421692
-0.202342 0.0409482
-0.199347 0.0397443
-0.19635 0.0385574
-0.193351 0.0373877
-0.19035 0.0362352
-0.187347 0.0351
-0.184342 0.033982
-0.181334 0.0328813
-0.178325 0.0317981
-0.175314 0.0307323
-0.172301 0.0296839
-0.169286 0.0286531
-0.16627 0.0276399
-0.163251 0.0266443
-0.160231 0.0256663
-0.157209 0.024706
-0.154185 0.0237635
-0.15116 0.0228388
-0.148133 0.0219319
-0.145104 0.0210429
-0.142074 0.0201718
-0.139042 0.0193186
-0.136009 0.0184834
-0.132974 0.0176663
-0.129938 0.0168672
-0.1269 0.0160862
-0.123861 0.0153234
-0.12082 0.0145787
-0.117778 0.0138522
-0.114735 0.013144
-0.11169 0.012454
-0.108645 0.0117824
-0.105597 0.011129
-0.102549 0.0104941
-0.0994997 0.00987751
-0.0964491 0.00927937
-0.0933974 0.00869968
-0.0903446 0.00813847
-0.0872907 0.00759577
-0.0842358 0.0070716
-0.08118 0.00656599
-0.0781231 0.00607897
-0.0750653 0.00561055
-0.0720066 0.00516077
-0.068947 0.00472964
-0.0658866 0.00431719
-0.0628254 0.00392343
-0.0597634 0.0035484
-0.0567006 0.0031921
-0.0536371 0.00285456
-0.0505729 0.0025358
-0.047508 0.00223583
-0.0444425 0.00195467
-0.0413764 0.00169233
-0.0383097 0.00144884
-0.0352425 0.00122421
-0.0321748 0.00101844
-0.0291066 0.000831558
-0.0260379 0.000663571
-0.0229688 0.000514491
-0.0198993 0.00038433
-0.0168294 0.000273097
-0.0137592 0.000180802
-0.0106888 0.000107453
-0.007618 5.30594e-05
-0.004547 1.7627e-05
-0.00147578 1.16264e-06
0.00159562 3.0576e-07
0.00466717 1.53137e-05
0.00773883 4.93043e-05
0.0108106 0.000102281
0.0138824 0.000174246
0.0169543 0.000265202
0.0200261 0.000375149
0.0230979 0.000504089
0.0261697 0.000652021
0.0292414 0.000818943
0.0323129 0.00100485
0.0353843 0.00120975
0.0384555 0.00143363
0.0415265 0.00167649
0.0445973 0.00193833
0.0476678 0.00221913
0.050738 0.0025189
0.0538078 0.00283762
0.0568773 0.00317529
0.0599464 0.00353189
0.0630151 0.00390743
0.0660833 0.00430189
0.069151 0.00471525
0.0722183 0.00514752
0.0752849 0.00559867
0.078351 0.00606869
0.0814165 0.00655757
0.0844814 0.00706529
0.0875456 0.00759184
0.0906091 0.0081372
0.0936719 0.00870136
0.0967339 0.0092843
0.0997952 0.00988599
0.102856 0.0105064
0.105915 0.0111456
0.108974 0.0118035
0.112032 0.01248
0.115088 0.0131752
0.118144 0.013889
0.121199 0.0146215
0.124253 0.0153725
0.127306 0.0161421
0.130358 0.0169302
0.133408 0.0177369
0.136458 0.018562
0.139506 0.0194056
0.142553 0.0202676
0.145599 0.021148
0.148643 0.0220467
0.151687 0.0229638
0.154729 0.0238993
0.157769 0.0248529
0.160808 0.0258249
0.163846 0.026815
0.166883 0.0278233
0.169917 0.0288497
0.172951 0.0298943
0.175983 0.0309569
0.179013 0.0320375
0.182042 0.0331361
0.185069 0.0342472
0.188094 0.0353691
0.191118 0.0365088
0.19414 0.0376664
0.19716 0.0388418
0.200178 0.0400349
0.203195 0.0412457
0.20621 0.0424742
0.209223 0.0437204
0.212234 0.0449841
0.215243 0.0462653
0.21825 0.0475641
0.221255 0.0488802
0.224258 0.0502138
0.22726 0.0515647
0.230259 0.0529329
0.233256 0.0543184
0.23625 0.055721
0.239243 0.0571409
0.242234 0.0585778
0.245222 0.0600317
0.248208 0.0615026
0.251192 0.0629905
0.254173 0.0644952
0.257152 0.0660168
0.260129 0.0675552
0.263103 0.0691102
0.266075 0.0706819
0.269045 0.0722702
0.272012 0.0738751
0.274976 0.0754964
0.277938 0.0771342
0.280897 0.0787883
0.283854 0.0804587
0.286808 0.0821454
0.28976 0.0838482
0.292708 0.0855672
0.295654 0.0873022
0.298598 0.0890531
0.301538 0.0908201
0.304476 0.0926028
0.307411 0.0944014
0.310343 0.0962156
0.313272 0.0980456
0.316198 0.0998911
0.319122 0.101752
0.322042 0.103629
0.324959 0.10552
0.327874 0.107428
0.330785 0.10935
0.333693 0.111288
0.336598 0.11324
0.3395 0.115208
0.342398 0.117191
0.345294 0.119188
0.348186 0.1212
0.351075 0.123227
0.353961 0.125269
0.356843 0.127325
0.359722 0.129396
0.362598 0.131473
0.36547 0.133555
0.368339 0.135651
0.371204 0.137761
0.374066 0.139886
0.376924 0.142024
0.379779 0.144176
0.38263 0.146343
0.385478 0.148523
0.388322 0.150717
0.391162 0.152924
0.393999 0.155145
0.396832 0.15738
0.399661 0.159628
0.402486 0.161889
0.405308 0.164163
0.408126 0.166451
0.41094 0.168751
0.41375 0.171065
0.416556 0.173391
0.419358 0.17573
0.422157 0.178082
0.424951 0.180446
0.427741 0.182823
0.430527 0.185212
0.433309 0.187614
0.436087 0.190028
0.438861 0.192454
0.441631 0.194892
0.444397 0.197342
0.447158 0.199804
0.449915 0.202277
0.452668 0.204763
0.455416 0.207259
0.458161 0.209768
0.4609 0.212287
0.463636 0.214818
0.466367 0.217361
0.469094 0.219914
0.471816 0.222478
0.474534 0.225053
0.477247 0.227639
0.479956 0.230236
0.48266 0.232843
0.485359 0.235461
0.488054 0.238089
0.490745 0.240728
0.49343 0.243377
0.496111 0.246035
0.498787 0.248704
0.501459 0.251383
0.504126 0.254071
0.506788 0.25677
0.509445 0.259477
0.512097 0.262195
0.514744 0.264921
0.517387 0.267657
0.520024 0.270402
0.522657 0.273156
0.525284 0.275919
0.527907 0.27868
0.530524 0.28144
0.533137 0.284208
0.535744 0.286985
0.538347 0.289771
0.540944 0.292565
0.543536 0.295367
0.546123 0.298178
0.548704 0.300996
0.551281 0.303823
0.553852 0.306657
0.556418 0.309499
0.558978 0.312348
0.561533 0.315205
0.564083 0.31807
0.566627 0.320941
0.569166 0.32382
0.5717 0.326706
0.574228 0.329599
0.576751 0.332498
0.579268 0.335404
0.581779 0.338317
0.584285 0.341237
0.586786 0.344162
0.58928 0.347094
0.59177 0.350032
0.594253 0.352977
0.596731 0.355927
0.599203 0.358882
0.601669 0.361844
0.60413 0.364811
0.606585 0.367784
0.609034 0.370762
0.611477 0.373745
0.613914 0.376733
0.616346 0.379726
0.618771 0.382724
0.621191 0.385727
0.623604 0.388735
0.626012 0.391747
0.628414 0.394763
0.630809 0.397784
0.633199 0.400809
0.635582 0.403838
0.63796 0.406871
0.640331 0.409907
0.642696 0.412948
0.645055 0.415992
0.647408 0.419039
0.649755 0.42209
0.652095 0.425144
0.654429 0.428201
0.656757 0.431262
0.659079 0.434325
0.661394 0.43739
0.663703 0.440459
0.666005 0.44353
0.668302 0.446603
0.670591 0.449679
0.672874 0.452756
0.675151 0.455822
0.677422 0.458882
0.679685 0.461944
0.681943 0.465008
0.684193 0.468073
0.686438 0.47114
0.688675 0.474208
0.690906 0.477278
0.69313 0.480348
0.695348 0.48342
0.697559 0.486493
0.699763 0.489566
0.701961 0.49264
0.704152 0.495714
0.706336 0.498789
0.708513 0.501864
0.710683 0.50494
0.712847 0.508015
0.715004 0.511091
0.717154 0.514166
0.719297 0.517241
0.721433 0.520315
0.723562 0.523389
0.725684 0.526462
0.727799 0.529535
0.729907 0.532606
0.732008 0.535677
0.734102 0.538746
0.736189 0.541814
0.738269 0.544881
0.740342 0.547946
0.742408 0.55101
0.744467 0.554072
0.746518 0.557132
0.748562 0.56019
0.750599 0.563246
0.752629 0.566299
0.754651 0.569351
0.756667 0.572399
0.758675 0.575446
0.760675 0.578489
0.762669 0.58153
0.764655 0.584568
0.766633 0.587602
0.768605 0.590634
0.770569 0.593662
0.772525 0.596687
0.774474 0.599708
0.776416 0.602726
0.77835 0.605739
0.780276 0.608749
0.782195 0.611755
0.784107 0.614757
0.786011 0.617754
0.787907 0.620747
0.789796 0.623736
0.791677 0.62672
0.79355 0.629699
0.795416 0.632673
0.797275 0.635643
0.799125 0.638595
0.800968 0.641534
0.802803 0.644468
0.80463 0.647396
0.80645 0.650319
0.808262 0.653237
0.810066 0.656148
0.811862 0.659054
0.81365 0.661954
0.815431 0.664848
0.817204 0.667736
0.818968 0.670618
0.820725 0.673493
0.822474 0.676361
0.824215 0.679223
0.825948 0.682079
0.827674 0.684927
0.829391 0.687769
0.8311 0.690603
0.832801 0.693431
0.834494 0.696251
0.836179 0.699063
0.837856 0.701868
0.839525 0.704666
0.841186 0.707456
0.842838 0.710238
0.844483 0.713011
0.846119 0.715777
0.847747 0.718535
0.849367 0.721285
0.850979 0.724026
0.852583 0.726758
0.854178 0.729482
0.855765 0.732197
0.857344 0.734904
0.858915 0.737601
0.860477 0.74029
0.862031 0.742969
0.863577 0.745639
0.865114 0.748299
0.866643 0.750951
0.868164 0.753592
0.869676 0.756224
0.87118 0.758846
0.872675 0.761458
0.874162 0.764061
0.875641 0.766653
0.877111 0.769235
0.878572 0.771806
0.880025 0.774367
0.88147 0.776918
0.882906 0.779458
0.884334 0.781988
0.885753 0.784506
0.887163 0.787014
0.888565 0.78951
0.889958 0.791996
0.891343 0.79447
0.892719 0.796933
0.894086 0.799384
0.895445 0.801821
0.896795 0.804232
0.898137 0.806632
0.89947 0.80902
0.900794 0.811396
0.902109 0.813761
0.903416 0.816113
0.904714 0.818454
0.906003 0.820782
0.907284 0.823098
0.908555 0.825401
0.909818 0.827693
0.911073 0.829971
0.912318 0.832237
0.913554 0.834491
0.914782 0.836731
0.916001 0.838959
0.917211 0.841174
0.918412 0.843375
0.919604 0.845564
0.920788 0.847739
0.921962 0.849901
0.923127 0.85205
0.924284 0.854185
0.925432 0.856306
0.92657 0.858414
0.9277 0.860508
0.928821 0.862588
0.929933 0.864655
0.931036 0.866707
0.932129 0.868745
0.933214 0.870769
0.93429 0.872779
0.935357 0.874775
0.936414 0.876756
0.937463 0.878722
0.938503 0.880674
0.939533 0.882611
0.940554 0.884534
0.941567 0.886442
0.94257 0.888335
0.943564 0.890213
0.944549 0.892075
0.945525 0.893923
0.946491 0.895756
0.947449 0.897573
0.948397 0.899375
0.949336 0.901161
0.950266 0.902932
0.951187 0.904688
0.952099 0.906427
0.953001 0.908151
0.953894 0.90986
0.954778 0.911552
0.955653 0.913228
0.956518 0.914889
0.957374 0.916533
0.958221 0.918161
0.959059 0.919773
0.959887 0.921369
0.960706 0.922948
0.961516 0.924511
0.962317 0.926058
0.963108 0.927587
0.96389 0.929101
0.964662 0.930597
0.965426 0.932077
0.966179 0.933539
0.966924 0.934985
0.967659 0.936413
0.968385 0.937825
0.969101 0.939219
0.969808 0.940596
0.970506 0.941955
0.971194 0.943297
0.971873 0.944621
0.972542 0.945928
0.973202 0.947216
0.973853 0.948488
0.974494 0.949741
0.975126 0.950977
0.975748 0.952194
0.976361 0.953394
0.976965 0.954576
0.977559 0.955739
0.978143 0.956885
0.978718 0.958012
0.979284 0.959121
0.97984 0.960212
0.980386 0.961284
0.980924 0.962339
0.981451 0.963375
0.981969 0.964392
0.982478 0.965391
0.982977 0.966372
0.983467 0.967334
0.983947 0.968278
0.984417 0.969203
0.984878 0.970109
0.98533 0.970997
0.985772 0.971866
0.986204 0.972717
0.986627 0.973549
0.98704 0.974362
0.987444 0.975157
0.987838 0.975933
0.988223 0.97669
0.988598 0.977428
0.988963 0.978148
0.989319 0.978849
0.989665 0.979531
0.990002 0.980194
0.990329 0.980838
0.990647 0.981464
0.990955 0.98207
0.991253 0.982658
0.991542 0.983227
0.991821 0.983777
0.992091 0.984308
0.992351 0.98482
0.992601 0.985314
0.992842 0.985788
0.993073 0.986243
0.993295 0.98668
0.993507 0.987098
0.993709 0.987496
0.993902 0.987876
0.994085 0.988237
0.994258 0.988578
0.994422 0.988901
0.994576 0.989205
0.994721 0.98949
0.994856 0.989756
0.994981 0.990003
0.995097 0.99023
0.995203 0.990439
0.995299 0.990629
0.995386 0.9908
0.995463 0.990952
0.995531 0.991085
0.995588 0.991199
0.995637 0.991294
0.995675 0.99137
0.995704 0.991427
0.995723 0.991465
0.995733 0.991484
