-1 1
-0.997998 0.996146
-0.995996 0.992292
-0.993994 0.988439
-0.991992 0.984585
-0.98999 0.980733
-0.987988 0.976881
-0.985986 0.973031
-0.983984 0.969181
-0.981982 0.965333
-0.97998 0.961486
-0.977978 0.95764
-0.975976 0.953797
-0.973974 0.949955
-0.971972 0.946115
-0.96997 0.942278
-0.967968 0.938443
-0.965966 0.93461
-0.963964 0.930781
-0.961962 0.926954
-0.95996 0.92313
-0.957958 0.919309
-0.955956 0.915491
-0.953954 0.911677
-0.951952 0.907867
-0.94995 0.90406
-0.947948 0.900258
-0.945946 0.896459
-0.943944 0.892665
-0.941942 0.888875
-0.93994 0.88509
-0.937938 0.88131
-0.935936 0.877534
-0.933934 0.873764
-0.931932 0.869998
-0.92993 0.866238
-0.927928 0.862484
-0.925926 0.858736
-0.923924 0.854993
-0.921922 0.851256
-0.91992 0.847525
-0.917918 0.843801
-0.915916 0.840083
-0.913914 0.836372
-0.911912 0.832668
-0.90991 0.828971
-0.907908 0.82528
-0.905906 0.821597
-0.903904 0.817922
-0.901902 0.814254
-0.8999 0.810594
-0.897898 0.806941
-0.895896 0.803297
-0.893894 0.799661
-0.891892 0.796034
-0.88989 0.792415
-0.887888 0.788804
-0.885886 0.785203
-0.883884 0.781611
-0.881882 0.778027
-0.87988 0.774453
-0.877878 0.770889
-0.875876 0.767334
-0.873874 0.763789
-0.871872 0.760254
-0.86987 0.756729
-0.867868 0.753215
-0.865866 0.749704
-0.863864 0.746195
-0.861862 0.742697
-0.85986 0.739208
-0.857858 0.73573
-0.855856 0.732263
-0.853854 0.728805
-0.851852 0.725358
-0.84985 0.721921
-0.847848 0.718495
-0.845846 0.715078
-0.843844 0.711671
-0.841842 0.708275
-0.83984 0.704888
-0.837838 0.701511
-0.835836 0.698144
-0.833834 0.694787
-0.831832 0.69144
-0.82983 0.688102
-0.827828 0.684774
-0.825826 0.681455
-0.823824 0.678147
-0.821822 0.674847
-0.81982 0.671557
-0.817818 0.668277
-0.815816 0.665006
-0.813814 0.661744
-0.811812 0.658491
-0.80981 0.655248
-0.807808 0.652014
-0.805806 0.648789
-0.803804 0.645573
-0.801802 0.642366
-0.7998 0.639168
-0.797798 0.635979
-0.795796 0.632799
-0.793794 0.629628
-0.791792 0.626466
-0.78979 0.623312
-0.787788 0.620167
-0.785786 0.61703
-0.783784 0.613903
-0.781782 0.610783
-0.77978 0.607673
-0.777778 0.604571
-0.775776 0.601477
-0.773774 0.598391
-0.771772 0.595314
-0.76977 0.592245
-0.767768 0.589184
-0.765766 0.586132
-0.763764 0.583087
-0.761762 0.580051
-0.75976 0.577023
-0.757758 0.574002
-0.755756 0.57099
-0.753754 0.567985
-0.751752 0.564989
-0.74975 0.562
-0.747748 0.559019
-0.745746 0.556045
-0.743744 0.553079
-0.741742 0.550121
-0.73974 0.54717
-0.737738 0.544227
-0.735736 0.541291
-0.733734 0.538363
-0.731732 0.535442
-0.72973 0.532528
-0.727728 0.529621
-0.725726 0.526722
-0.723724 0.523831
-0.721722 0.520947
-0.71972 0.51807
-0.717718 0.515201
-0.715716 0.512339
-0.713714 0.509484
-0.711712 0.506637
-0.70971 0.503798
-0.707708 0.500966
-0.705706 0.498141
-0.703704 0.495324
-0.701702 0.492515
-0.6997 0.489713
-0.697698 0.486919
-0.695696 0.484132
-0.693694 0.481353
-0.691692 0.478581
-0.68969 0.475817
-0.687688 0.47306
-0.685686 0.470312
-0.683684 0.467571
-0.681682 0.464837
-0.67968 0.462111
-0.677678 0.459393
-0.675676 0.456683
-0.673674 0.45398
-0.671672 0.451285
-0.66967 0.448598
-0.667668 0.445919
-0.665666 0.443247
-0.663664 0.440583
-0.661662 0.437927
-0.65966 0.435278
-0.657658 0.432638
-0.655656 0.430005
-0.653654 0.42738
-0.651652 0.424763
-0.64965 0.422154
-0.647648 0.419553
-0.645646 0.416959
-0.643644 0.414374
-0.641642 0.411796
-0.63964 0.409227
-0.637638 0.406665
-0.635636 0.404111
-0.633634 0.401566
-0.631632 0.399028
-0.62963 0.396498
-0.627628 0.393976
-0.625626 0.391462
-0.623624 0.388957
-0.621622 0.386459
-0.61962 0.383969
-0.617618 0.381488
-0.615616 0.379014
-0.613614 0.376549
-0.611612 0.374092
-0.60961 0.371642
-0.607608 0.369201
-0.605606 0.366769
-0.603604 0.364344
-0.601602 0.361927
-0.5996 0.359519
-0.597598 0.357119
-0.595596 0.354727
-0.593594 0.352343
-0.591592 0.349968
-0.58959 0.3476
-0.587588 0.345241
-0.585586 0.34289
-0.583584 0.340547
-0.581582 0.338212
-0.57958 0.335886
-0.577578 0.333567
-0.575576 0.331257
-0.573574 0.328955
-0.571572 0.326661
-0.56957 0.324375
-0.567568 0.322098
-0.565566 0.319828
-0.563564 0.317567
-0.561562 0.315314
-0.55956 0.313069
-0.557558 0.310832
-0.555556 0.308603
-0.553554 0.306382
-0.551552 0.30417
-0.54955 0.301965
-0.547548 0.299769
-0.545546 0.297581
-0.543544 0.2954
-0.541542 0.293228
-0.53954 0.291064
-0.537538 0.288909
-0.535536 0.286761
-0.533534 0.284621
-0.531532 0.28249
-0.52953 0.280366
-0.527528 0.278251
-0.525526 0.276143
-0.523524 0.274044
-0.521522 0.271953
-0.51952 0.26987
-0.517518 0.267794
-0.515516 0.265727
-0.513514 0.263668
-0.511512 0.261617
-0.50951 0.259574
-0.507508 0.25754
-0.505506 0.255513
-0.503504 0.253494
-0.501502 0.251483
-0.499499 0.24948
-0.497497 0.247486
-0.495495 0.245499
-0.493493 0.24352
-0.491491 0.24155
-0.489489 0.239587
-0.487487 0.237632
-0.485485 0.235686
-0.483483 0.233747
-0.481481 0.231816
-0.479479 0.229894
-0.477477 0.227979
-0.475475 0.226072
-0.473473 0.224174
-0.471471 0.222283
-0.469469 0.2204
-0.467467 0.218525
-0.465465 0.216659
-0.463463 0.2148
-0.461461 0.212949
-0.459459 0.211106
-0.457457 0.209271
-0.455455 0.207444
-0.453453 0.205625
-0.451451 0.203814
-0.449449 0.202011
-0.447447 0.200216
-0.445445 0.198429
-0.443443 0.19665
-0.441441 0.194879
-0.439439 0.193116
-0.437437 0.19136
-0.435435 0.189613
-0.433433 0.187874
-0.431431 0.186143
-0.429429 0.18442
-0.427427 0.182704
-0.425425 0.180997
-0.423423 0.179298
-0.421421 0.177606
-0.419419 0.175923
-0.417417 0.174248
-0.415415 0.172581
-0.413413 0.170921
-0.411411 0.16927
-0.409409 0.167627
-0.407407 0.165991
-0.405405 0.164364
-0.403403 0.162744
-0.401401 0.161133
-0.399399 0.15953
-0.397397 0.157934
-0.395395 0.156347
-0.393393 0.154768
-0.391391 0.153196
-0.389389 0.151633
-0.387387 0.150077
-0.385385 0.14853
-0.383383 0.146991
-0.381381 0.145459
-0.379379 0.143936
-0.377377 0.142421
-0.375375 0.140913
-0.373373 0.139414
-0.371371 0.137923
-0.369369 0.136439
-0.367367 0.134964
-0.365365 0.133497
-0.363363 0.132038
-0.361361 0.130586
-0.359359 0.129143
-0.357357 0.127708
-0.355355 0.126281
-0.353353 0.124862
-0.351351 0.12345
-0.349349 0.122047
-0.347347 0.120652
-0.345345 0.119265
-0.343343 0.117886
-0.341341 0.116515
-0.339339 0.115152
-0.337337 0.113797
-0.335335 0.11245
-0.333333 0.111111
-0.331331 0.10978
-0.329329 0.108457
-0.327327 0.107142
-0.325325 0.105836
-0.323323 0.104537
-0.321321 0.103246
-0.319319 0.101963
-0.317317 0.100689
-0.315315 0.099422
-0.313313 0.0981633
-0.311311 0.0969127
-0.309309 0.0956701
-0.307307 0.0944355
-0.305305 0.093209
-0.303303 0.0919905
-0.301301 0.09078
-0.299299 0.0895775
-0.297297 0.088383
-0.295295 0.0871966
-0.293293 0.0860182
-0.291291 0.0848478
-0.289289 0.0836855
-0.287287 0.0825312
-0.285285 0.0813849
-0.283283 0.0802466
-0.281281 0.0791163
-0.279279 0.0779941
-0.277277 0.0768799
-0.275275 0.0757737
-0.273273 0.0746755
-0.271271 0.0735854
-0.269269 0.0725032
-0.267267 0.0714291
-0.265265 0.070363
-0.263263 0.069305
-0.261261 0.0682549
-0.259259 0.0672129
-0.257257 0.0661789
-0.255255 0.0651529
-0.253253 0.064135
-0.251251 0.063125
-0.249249 0.0621231
-0.247247 0.0611292
-0.245245 0.0601433
-0.243243 0.0591654
-0.241241 0.0581956
-0.239239 0.0572337
-0.237237 0.0562799
-0.235235 0.0553341
-0.233233 0.0543963
-0.231231 0.0534666
-0.229229 0.0525448
-0.227227 0.0516311
-0.225225 0.0507254
-0.223223 0.0498277
-0.221221 0.048938
-0.219219 0.0480563
-0.217217 0.0471826
-0.215215 0.046317
-0.213213 0.0454594
-0.211211 0.0446097
-0.209209 0.0437681
-0.207207 0.0429346
-0.205205 0.042109
-0.203203 0.0412914
-0.201201 0.0404819
-0.199199 0.0396803
-0.197197 0.0388868
-0.195195 0.0381013
-0.193193 0.0373238
-0.191191 0.0365543
-0.189189 0.0357929
-0.187187 0.0350394
-0.185185 0.034294
-0.183183 0.0335565
-0.181181 0.0328271
-0.179179 0.0321057
-0.177177 0.0313923
-0.175175 0.0306869
-0.173173 0.0299896
-0.171171 0.0293002
-0.169169 0.0286189
-0.167167 0.0279456
-0.165165 0.0272803
-0.163163 0.026623
-0.161161 0.0259737
-0.159159 0.0253324
-0.157157 0.0246991
-0.155155 0.0240739
-0.153153 0.0234567
-0.151151 0.0228475
-0.149149 0.0222463
-0.147147 0.0216531
-0.145145 0.0210679
-0.143143 0.0204907
-0.141141 0.0199216
-0.139139 0.0193605
-0.137137 0.0188074
-0.135135 0.0182623
-0.133133 0.0177252
-0.131131 0.0171961
-0.129129 0.0166751
-0.127127 0.016162
-0.125125 0.015657
-0.123123 0.01516
-0.121121 0.014671
-0.119119 0.01419
-0.117117 0.013717
-0.115115 0.0132521
-0.113113 0.0127952
-0.111111 0.0123462
-0.109109 0.0119053
-0.107107 0.0114724
-0.105105 0.0110476
-0.103103 0.0106307
-0.101101 0.0102219
-0.0990991 0.00982104
-0.0970971 0.00942823
-0.0950951 0.00904343
-0.0930931 0.00866665
-0.0910911 0.00829789
-0.0890891 0.00793714
-0.0870871 0.00758441
-0.0850851 0.0072397
-0.0830831 0.006903
-0.0810811 0.00657432
-0.0790791 0.00625365
-0.0770771 0.005941
-0.0750751 0.00563637
-0.0730731 0.00533975
-0.0710711 0.00505115
-0.0690691 0.00477056
-0.0670671 0.004498
-0.0650651 0.00423345
-0.0630631 0.00397691
-0.0610611 0.00372839
-0.0590591 0.00348789
-0.0570571 0.00325541
-0.0550551 0.00303094
-0.0530531 0.00281449
-0.0510511 0.00260606
-0.049049 0.00240564
-0.047047 0.00221324
-0.045045 0.00202886
-0.043043 0.00185249
-0.041041 0.00168414
-0.039039 0.00152381
-0.037037 0.00137149
-0.035035 0.00122719
-0.033033 0.00109091
-0.031031 0.000962644
-0.029029 0.000842394
-0.027027 0.000730161
-0.025025 0.000625945
-0.023023 0.000529746
-0.021021 0.000441563
-0.019019 0.000361396
-0.017017 0.000289247
-0.015015 0.000225114
-0.013013 0.000168998
-0.011011 0.000120898
-0.00900901 8.08156e-05
-0.00700701 4.87494e-05
-0.00500501 2.46999e-05
-0.003003 8.66708e-06
-0.001001 6.50908e-07
0.001001 6.51398e-07
0.003003 8.66854e-06
0.00500501 2.47023e-05
0.00700701 4.87528e-05
0.00900901 8.08199e-05
0.011011 0.000120904
0.013013 0.000169004
0.015015 0.000225121
0.017017 0.000289255
0.019019 0.000361405
0.021021 0.000441572
0.023023 0.000529755
0.025025 0.000625956
0.027027 0.000730172
0.029029 0.000842406
0.031031 0.000962656
0.033033 0.00109092
0.035035 0.00122721
0.037037 0.00137151
0.039039 0.00152382
0.041041 0.00168416
0.043043 0.00185251
0.045045 0.00202887
0.047047 0.00221325
0.049049 0.00240565
0.0510511 0.00260607
0.0530531 0.0028145
0.0550551 0.00303095
0.0570571 0.00325542
0.0590591 0.0034879
0.0610611 0.0037284
0.0630631 0.00397691
0.0650651 0.00423345
0.0670671 0.004498
0.0690691 0.00477056
0.0710711 0.00505114
0.0730731 0.00533974
0.0750751 0.00563636
0.0770771 0.00594099
0.0790791 0.00625363
0.0810811 0.0065743
0.0830831 0.00690298
0.0850851 0.00723967
0.0870871 0.00758438
0.0890891 0.00793711
0.0910911 0.00829786
0.0930931 0.00866662
0.0950951 0.00904339
0.0970971 0.00942818
0.0990991 0.00982099
0.101101 0.0102218
0.103103 0.0106307
0.105105 0.0110475
0.107107 0.0114724
0.109109 0.0119053
0.111111 0.0123462
0.113113 0.0127951
0.115115 0.013252
0.117117 0.013717
0.119119 0.0141899
0.121121 0.0146709
0.123123 0.0151599
0.125125 0.0156569
0.127127 0.0161619
0.129129 0.016675
0.131131 0.017196
0.133133 0.0177251
0.135135 0.0182622
0.137137 0.0188073
0.139139 0.0193604
0.141141 0.0199215
0.143143 0.0204906
0.145145 0.0210678
0.147147 0.021653
0.149149 0.0222462
0.151151 0.0228474
0.153153 0.0234566
0.155155 0.0240738
0.157157 0.024699
0.159159 0.0253323
0.161161 0.0259736
0.163163 0.0266229
0.165165 0.0272802
0.167167 0.0279455
0.169169 0.0286188
0.171171 0.0293001
0.173173 0.0299895
0.175175 0.0306869
0.177177 0.0313922
0.179179 0.0321056
0.181181 0.032827
0.183183 0.0335565
0.185185 0.0342939
0.187187 0.0350394
0.189189 0.0357928
0.191191 0.0365543
0.193193 0.0373238
0.195195 0.0381013
0.197197 0.0388868
0.199199 0.0396803
0.201201 0.0404819
0.203203 0.0412914
0.205205 0.042109
0.207207 0.0429346
0.209209 0.0437682
0.211211 0.0446098
0.213213 0.0454594
0.215215 0.0463171
0.217217 0.0471827
0.219219 0.0480564
0.221221 0.0489381
0.223223 0.0498278
0.225225 0.0507255
0.227227 0.0516312
0.229229 0.052545
0.231231 0.0534668
0.233233 0.0543965
0.235235 0.0553343
0.237237 0.0562801
0.239239 0.057234
0.241241 0.0581958
0.243243 0.0591657
0.245245 0.0601436
0.247247 0.0611295
0.249249 0.0621234
0.251251 0.0631253
0.253253 0.0641353
0.255255 0.0651533
0.257257 0.0661793
0.259259 0.0672133
0.261261 0.0682553
0.263263 0.0693054
0.265265 0.0703634
0.267267 0.0714295
0.269269 0.0725036
0.271271 0.0735858
0.273273 0.0746759
0.275275 0.0757741
0.277277 0.0768803
0.279279 0.0779945
0.281281 0.0791167
0.283283 0.080247
0.285285 0.0813853
0.287287 0.0825316
0.289289 0.0836859
0.291291 0.0848483
0.293293 0.0860186
0.295295 0.087197
0.297297 0.0883834
0.299299 0.0895779
0.301301 0.0907803
0.303303 0.0919908
0.305305 0.0932093
0.307307 0.0944359
0.309309 0.0956704
0.311311 0.096913
0.313313 0.0981636
0.315315 0.0994223
0.317317 0.100689
0.319319 0.101964
0.321321 0.103246
0.323323 0.104537
0.325325 0.105836
0.327327 0.107143
0.329329 0.108457
0.331331 0.10978
0.333333 0.111111
0.335335 0.11245
0.337337 0.113797
0.339339 0.115152
0.341341 0.116515
0.343343 0.117886
0.345345 0.119265
0.347347 0.120652
0.349349 0.122047
0.351351 0.12345
0.353353 0.124861
0.355355 0.12628
0.357357 0.127707
0.359359 0.129143
0.361361 0.130586
0.363363 0.132037
0.365365 0.133496
0.367367 0.134963
0.369369 0.136439
0.371371 0.137922
0.373373 0.139413
0.375375 0.140912
0.377377 0.14242
0.379379 0.143935
0.381381 0.145458
0.383383 0.14699
0.385385 0.148529
0.387387 0.150076
0.389389 0.151632
0.391391 0.153195
0.393393 0.154766
0.395395 0.156346
0.397397 0.157933
0.399399 0.159528
0.401401 0.161132
0.403403 0.162743
0.405405 0.164362
0.407407 0.16599
0.409409 0.167625
0.411411 0.169268
0.413413 0.17092
0.415415 0.172579
0.417417 0.174246
0.419419 0.175922
0.421421 0.177605
0.423423 0.179296
0.425425 0.180996
0.427427 0.182703
0.429429 0.184418
0.431431 0.186141
0.433433 0.187873
0.435435 0.189612
0.437437 0.191359
0.439439 0.193114
0.441441 0.194878
0.443443 0.196649
0.445445 0.198428
0.447447 0.200215
0.449449 0.20201
0.451451 0.203813
0.453453 0.205624
0.455455 0.207443
0.457457 0.209271
0.459459 0.211106
0.461461 0.212949
0.463463 0.2148
0.465465 0.216659
0.467467 0.218526
0.469469 0.2204
0.471471 0.222283
0.473473 0.224174
0.475475 0.226073
0.477477 0.22798
0.479479 0.229895
0.481481 0.231818
0.483483 0.233748
0.485485 0.235687
0.487487 0.237634
0.489489 0.239589
0.491491 0.241552
0.493493 0.243523
0.495495 0.245502
0.497497 0.247488
0.499499 0.249483
0.501502 0.251486
0.503504 0.253497
0.505506 0.255516
0.507508 0.257543
0.50951 0.259578
0.511512 0.261621
0.513514 0.263672
0.515516 0.265732
0.517518 0.267799
0.51952 0.269874
0.521522 0.271957
0.523524 0.274049
0.525526 0.276148
0.527528 0.278256
0.52953 0.280371
0.531532 0.282495
0.533534 0.284627
0.535536 0.286766
0.537538 0.288914
0.53954 0.29107
0.541542 0.293234
0.543544 0.295406
0.545546 0.297586
0.547548 0.299775
0.54955 0.301971
0.551552 0.304176
0.553554 0.306388
0.555556 0.308609
0.557558 0.310838
0.55956 0.313074
0.561562 0.315319
0.563564 0.317573
0.565566 0.319834
0.567568 0.322103
0.56957 0.324381
0.571572 0.326666
0.573574 0.32896
0.575576 0.331262
0.577578 0.333572
0.57958 0.33589
0.581582 0.338216
0.583584 0.34055
0.585586 0.342893
0.587588 0.345244
0.58959 0.347602
0.591592 0.349969
0.593594 0.352345
0.595596 0.354728
0.597598 0.357119
0.5996 0.359519
0.601602 0.361927
0.603604 0.364343
0.605606 0.366767
0.607608 0.369199
0.60961 0.37164
0.611612 0.374088
0.613614 0.376545
0.615616 0.37901
0.617618 0.381482
0.61962 0.383963
0.621622 0.386452
0.623624 0.388949
0.625626 0.391454
0.627628 0.393967
0.62963 0.396488
0.631632 0.399017
0.633634 0.401554
0.635636 0.4041
0.637638 0.406653
0.63964 0.409214
0.641642 0.411783
0.643644 0.414359
0.645646 0.416944
0.647648 0.419537
0.64965 0.422138
0.651652 0.424746
0.653654 0.427363
0.655656 0.429987
0.657658 0.432619
0.65966 0.435259
0.661662 0.437907
0.663664 0.440563
0.665666 0.443227
0.667668 0.445898
0.66967 0.448577
0.671672 0.451264
0.673674 0.453959
0.675676 0.456661
0.677678 0.459371
0.67968 0.462089
0.681682 0.464815
0.683684 0.467549
0.685686 0.47029
0.687688 0.473039
0.68969 0.475795
0.691692 0.478559
0.693694 0.481331
0.695696 0.484111
0.697698 0.486898
0.6997 0.489693
0.701702 0.492495
0.703704 0.495306
0.705706 0.498123
0.707708 0.500949
0.70971 0.503781
0.711712 0.506622
0.713714 0.50947
0.715716 0.512325
0.717718 0.515188
0.71972 0.518059
0.721722 0.520937
0.723724 0.523823
0.725726 0.526716
0.727728 0.529616
0.72973 0.532524
0.731732 0.53544
0.733734 0.538363
0.735736 0.541293
0.737738 0.544231
0.73974 0.547177
0.741742 0.55013
0.743744 0.55309
0.745746 0.556059
0.747748 0.559035
0.74975 0.562018
0.751752 0.56501
0.753754 0.568009
0.755756 0.571016
0.757758 0.574031
0.75976 0.577054
0.761762 0.580085
0.763764 0.583124
0.765766 0.586171
0.767768 0.589227
0.76977 0.59229
0.771772 0.595361
0.773774 0.598441
0.775776 0.601529
0.777778 0.604625
0.77978 0.60773
0.781782 0.610843
0.783784 0.613965
0.785786 0.617094
0.787788 0.620233
0.78979 0.62338
0.791792 0.626535
0.793794 0.6297
0.795796 0.632873
0.797798 0.636054
0.7998 0.639245
0.801802 0.642444
0.803804 0.645652
0.805806 0.648869
0.807808 0.652094
0.80981 0.655329
0.811812 0.658573
0.813814 0.661826
0.815816 0.665088
0.817818 0.668359
0.81982 0.671639
0.821822 0.674928
0.823824 0.678227
0.825826 0.681535
0.827828 0.684852
0.82983 0.688179
0.831832 0.691515
0.833834 0.69486
0.835836 0.698215
0.837838 0.70158
0.83984 0.704954
0.841842 0.708338
0.843844 0.711731
0.845846 0.715134
0.847848 0.718547
0.84985 0.72197
0.851852 0.725402
0.853854 0.728844
0.855856 0.732296
0.857858 0.735759
0.85986 0.739231
0.861862 0.742713
0.863864 0.746205
0.865866 0.749707
0.867868 0.75322
0.86987 0.756742
0.871872 0.760275
0.873874 0.763817
0.875876 0.767369
0.877878 0.77093
0.87988 0.774501
0.881882 0.77808
0.883884 0.781669
0.885886 0.785267
0.887888 0.788873
0.88989 0.792488
0.891892 0.796111
0.893894 0.799743
0.895896 0.803382
0.897898 0.80703
0.8999 0.810685
0.901902 0.814348
0.903904 0.818018
0.905906 0.821696
0.907908 0.825381
0.90991 0.829073
0.911912 0.832772
0.913914 0.836477
0.915916 0.840189
0.917918 0.843908
0.91992 0.847632
0.921922 0.851363
0.923924 0.8551
0.925926 0.858842
0.927928 0.862591
0.92993 0.866344
0.931932 0.870103
0.933934 0.873868
0.935936 0.877637
0.937938 0.881411
0.93994 0.88519
0.941942 0.888974
0.943944 0.892761
0.945946 0.896554
0.947948 0.90035
0.94995 0.90415
0.951952 0.907954
0.953954 0.911762
0.955956 0.915573
0.957958 0.919388
0.95996 0.923206
0.961962 0.927027
0.963964 0.93085
0.965966 0.934677
0.967968 0.938506
0.96997 0.942337
0.971972 0.946171
0.973974 0.950007
0.975976 0.953845
0.977978 0.957685
0.97998 0.961527
0.981982 0.96537
0.983984 0.969214
0.985986 0.973059
0.987988 0.976906
0.98999 0.980754
0.991992 0.984602
0.993994 0.988451
0.995996 0.9923
0.997998 0.99615
1 1
