-0.98981 0.979725
-0.989791 0.979686
-0.989761 0.979628
-0.989722 0.979551
-0.989673 0.979455
-0.989615 0.979339
-0.989546 0.979204
-0.989468 0.97905
-0.98938 0.978877
-0.989282 0.978684
-0.989174 0.978472
-0.989056 0.97824
-0.988929 0.97799
-0.988792 0.97772
-0.988645 0.977431
-0.988489 0.977123
-0.988322 0.976795
-0.988146 0.976448
-0.98796 0.976082
-0.987764 0.975697
-0.987559 0.975292
-0.987343 0.974869
-0.987118 0.974426
-0.986883 0.973963
-0.986639 0.973482
-0.986384 0.972982
-0.98612 0.972462
-0.985846 0.971923
-0.985563 0.971365
-0.985269 0.970788
-0.984966 0.970191
-0.984653 0.969576
-0.984331 0.968941
-0.983998 0.968288
-0.983656 0.967615
-0.983304 0.966923
-0.982943 0.966213
-0.982572 0.965483
-0.982191 0.964734
-0.9818 0.963967
-0.981399 0.96318
-0.980989 0.962375
-0.980569 0.96155
-0.98014 0.960707
-0.9797 0.959845
-0.979251 0.958964
-0.978793 0.958065
-0.978324 0.957147
-0.977846 0.95621
-0.977359 0.955255
-0.976861 0.954281
-0.976354 0.953288
-0.975838 0.952277
-0.975311 0.951248
-0.974775 0.9502
-0.97423 0.949134
-0.973674 0.94805
-0.973109 0.946948
-0.972535 0.945827
-0.971951 0.944689
-0.971357 0.943533
-0.970753 0.94236
-0.97014 0.94117
-0.969518 0.939961
-0.968886 0.938735
-0.968244 0.937491
-0.967592 0.93623
-0.966931 0.934951
-0.966261 0.933654
-0.965581 0.93234
-0.964891 0.931008
-0.964192 0.929659
-0.963483 0.928293
-0.962765 0.92691
-0.962037 0.925509
-0.9613 0.924091
-0.960553 0.922656
-0.959797 0.921204
-0.959031 0.919735
-0.958255 0.918249
-0.957471 0.916746
-0.956676 0.915226
-0.955873 0.913689
-0.955059 0.912135
-0.954237 0.910565
-0.953405 0.908978
-0.952563 0.907375
-0.951712 0.905755
-0.950852 0.904118
-0.949982 0.902465
-0.949103 0.900796
-0.948214 0.89911
-0.947316 0.897408
-0.946409 0.89569
-0.945492 0.893955
-0.944566 0.892206
-0.943631 0.890442
-0.942686 0.888662
-0.941732 0.886865
-0.940768 0.885053
-0.939796 0.883226
-0.938814 0.881382
-0.937822 0.879523
-0.936822 0.877648
-0.935812 0.875758
-0.934793 0.873853
-0.933764 0.871932
-0.932727 0.869996
-0.93168 0.868044
-0.930624 0.866078
-0.929558 0.864096
-0.928484 0.8621
-0.9274 0.860088
-0.926307 0.858062
-0.925205 0.856021
-0.924094 0.853966
-0.922974 0.851896
-0.921844 0.849811
-0.920706 0.847713
-0.919558 0.845599
-0.918401 0.843472
-0.917235 0.841331
-0.91606 0.839175
-0.914876 0.837006
-0.913683 0.834823
-0.912481 0.832626
-0.91127 0.830415
-0.910049 0.828191
-0.90882 0.825955
-0.907582 0.823707
-0.906335 0.821446
-0.905079 0.819171
-0.903814 0.816884
-0.902539 0.814583
-0.901256 0.81227
-0.899965 0.809944
-0.898664 0.807605
-0.897354 0.805253
-0.896035 0.802889
-0.894708 0.800512
-0.893371 0.798123
-0.892026 0.795722
-0.890672 0.793308
-0.889309 0.790883
-0.887938 0.788445
-0.886557 0.785995
-0.885168 0.783534
-0.88377 0.781061
-0.882363 0.778576
-0.880948 0.77608
-0.879524 0.773572
-0.878091 0.771053
-0.876649 0.768523
-0.875199 0.765981
-0.87374 0.763429
-0.872273 0.760865
-0.870796 0.758291
-0.869312 0.755706
-0.867818 0.75311
-0.866316 0.750504
-0.864805 0.74789
-0.863286 0.745266
-0.861759 0.742633
-0.860222 0.739989
-0.858677 0.737335
-0.857124 0.734671
-0.855562 0.731998
-0.853992 0.729314
-0.852414 0.726621
-0.850826 0.723919
-0.849231 0.721207
-0.847627 0.718486
-0.846014 0.715756
-0.844394 0.713016
-0.842765 0.710268
-0.841127 0.707511
-0.839481 0.704745
-0.837827 0.70197
-0.836165 0.699187
-0.834494 0.696395
-0.832815 0.693596
-0.831128 0.690787
-0.829433 0.687971
-0.827729 0.685147
-0.826017 0.682315
-0.824297 0.679475
-0.822569 0.676628
-0.820833 0.673773
-0.819088 0.670911
-0.817336 0.668041
-0.815575 0.665164
-0.813806 0.662282
-0.81203 0.659395
-0.810245 0.656501
-0.808452 0.653601
-0.806651 0.650693
-0.804842 0.64778
-0.803025 0.64486
-0.801201 0.641934
-0.799368 0.639001
-0.797527 0.636063
-0.795679 0.633118
-0.793822 0.630168
-0.791958 0.627212
-0.790086 0.624251
-0.788206 0.621284
-0.786318 0.618312
-0.784423 0.615335
-0.782519 0.612352
-0.780608 0.609364
-0.778689 0.606372
-0.776763 0.603375
-0.774829 0.600373
-0.772887 0.597367
-0.770937 0.594356
-0.76898 0.591341
-0.767015 0.588322
-0.765043 0.585299
-0.763063 0.582272
-0.761075 0.579241
-0.75908 0.576206
-0.757078 0.573168
-0.755067 0.570128
-0.75305 0.567087
-0.751025 0.564043
-0.748992 0.560996
-0.746952 0.557946
-0.744905 0.554893
-0.74285 0.551837
-0.740788 0.548779
-0.738719 0.545718
-0.736642 0.542655
-0.734558 0.53959
-0.732467 0.536523
-0.730368 0.533453
-0.728262 0.530382
-0.726149 0.527309
-0.724029 0.524234
-0.721902 0.521158
-0.719767 0.518081
-0.717626 0.515002
-0.715477 0.511922
-0.713321 0.508841
-0.711158 0.505759
-0.708988 0.502677
-0.706811 0.499594
-0.704627 0.49651
-0.702436 0.493426
-0.700238 0.490341
-0.698033 0.487257
-0.695821 0.484172
-0.693602 0.481087
-0.691377 0.478003
-0.689144 0.47492
-0.686905 0.471841
-0.684659 0.468762
-0.682406 0.465684
-0.680146 0.462606
-0.67788 0.45953
-0.675606 0.456454
-0.673327 0.45338
-0.67104 0.450307
-0.668747 0.447236
-0.666447 0.444166
-0.664141 0.441097
-0.661828 0.438031
-0.659508 0.434966
-0.657182 0.431904
-0.654849 0.428843
-0.65251 0.425785
-0.650165 0.422729
-0.647813 0.419676
-0.645454 0.416626
-0.643089 0.413578
-0.640718 0.410533
-0.63834 0.407491
-0.635956 0.404452
-0.633566 0.401416
-0.63117 0.398384
-0.628767 0.395355
-0.626358 0.39233
-0.623943 0.389309
-0.621521 0.386291
-0.619094 0.383278
-0.61666 0.38027
-0.61422 0.377269
-0.611774 0.374272
-0.609322 0.371279
-0.606864 0.368291
-0.6044 0.365308
-0.60193 0.362329
-0.599454 0.359356
-0.596972 0.356387
-0.594484 0.353423
-0.59199 0.350465
-0.58949 0.347512
-0.586985 0.344565
-0.584473 0.341623
-0.581956 0.338687
-0.579433 0.335757
-0.576904 0.332833
-0.57437 0.329915
-0.57183 0.327003
-0.569284 0.324097
-0.566732 0.321198
-0.564175 0.318306
-0.561612 0.31542
-0.559044 0.312541
-0.55647 0.309669
-0.553891 0.306803
-0.551306 0.303945
-0.548716 0.301094
-0.54612 0.298251
-0.543519 0.295415
-0.540912 0.292586
-0.5383 0.289769
-0.535683 0.286959
-0.53306 0.284158
-0.530432 0.281364
-0.527799 0.278579
-0.525161 0.275802
-0.522517 0.273033
-0.519868 0.270273
-0.517214 0.267521
-0.514555 0.264778
-0.511891 0.262044
-0.509221 0.259318
-0.506547 0.256602
-0.503867 0.253895
-0.501183 0.251197
-0.498493 0.248508
-0.495799 0.245829
-0.4931 0.24316
-0.490395 0.2405
-0.487686 0.23785
-0.484972 0.235209
-0.482254 0.232579
-0.47953 0.229959
-0.476802 0.227349
-0.474069 0.224749
-0.471331 0.222159
-0.468588 0.21958
-0.465841 0.217012
-0.463089 0.214454
-0.460333 0.211908
-0.457572 0.209372
-0.454806 0.206851
-0.452036 0.20434
-0.449262 0.20184
-0.446483 0.199352
-0.443699 0.196875
-0.440912 0.19441
-0.438119 0.191956
-0.435323 0.189514
-0.432522 0.187084
-0.429716 0.184666
-0.426907 0.18226
-0.424093 0.179865
-0.421275 0.177483
-0.418453 0.175114
-0.415627 0.172756
-0.412796 0.170411
-0.409961 0.168079
-0.407123 0.165759
-0.40428 0.163452
-0.401433 0.161158
-0.398582 0.158877
-0.395728 0.156609
-0.392869 0.154354
-0.390006 0.152112
-0.38714 0.149883
-0.38427 0.147668
-0.381395 0.145467
-0.378517 0.143278
-0.375636 0.141104
-0.37275 0.138943
-0.369861 0.136798
-0.366968 0.134667
-0.364072 0.132551
-0.361171 0.130448
-0.358268 0.12836
-0.35536 0.126286
-0.352449 0.124226
-0.349535 0.122181
-0.346617 0.12015
-0.343696 0.118134
-0.340771 0.116132
-0.337843 0.114145
-0.334911 0.112173
-0.331976 0.110216
-0.329038 0.108274
-0.326096 0.106347
-0.323152 0.104435
-0.320204 0.102538
-0.317252 0.100657
-0.314298 0.0987906
-0.311341 0.0969399
-0.30838 0.0951047
-0.305416 0.0932851
-0.30245 0.0914812
-0.29948 0.089693
-0.296507 0.0879206
-0.293531 0.0861641
-0.290553 0.0844235
-0.287571 0.0826989
-0.284587 0.0809904
-0.281599 0.0792982
-0.278609 0.0776238
-0.275616 0.0759657
-0.272621 0.0743239
-0.269622 0.0726986
-0.266621 0.0710897
-0.263617 0.0694974
-0.260611 0.0679218
-0.257602 0.0663628
-0.25459 0.0648205
-0.251576 0.0632951
-0.248559 0.0617865
-0.24554 0.0602949
-0.242519 0.0588202
-0.239495 0.0573626
-0.236468 0.0559221
-0.233439 0.0544988
-0.230408 0.0530927
-0.227375 0.0517039
-0.224339 0.0503324
-0.221301 0.0489784
-0.21826 0.0476417
-0.215218 0.0463226
-0.212173 0.045021
-0.209127 0.0437371
-0.206078 0.0424708
-0.203027 0.0412222
-0.199974 0.0399914
-0.196919 0.0387784
-0.193862 0.0375833
-0.190803 0.036406
-0.187742 0.0352472
-0.184679 0.0341069
-0.181615 0.0329845
-0.178548 0.0318803
-0.17548 0.0307943
-0.17241 0.0297264
-0.169338 0.0286768
-0.166265 0.0276454
-0.16319 0.0266324
-0.160113 0.0256377
-0.157034 0.0246615
-0.153954 0.0237036
-0.150873 0.0227643
-0.14779 0.0218435
-0.144705 0.0209412
-0.141619 0.0200576
-0.138531 0.0191926
-0.135442 0.0183462
-0.132352 0.0175186
-0.12926 0.0167097
-0.126167 0.0159195
-0.123073 0.0151482
-0.119978 0.0143957
-0.116881 0.0136621
-0.113783 0.0129474
-0.110684 0.0122516
-0.107584 0.0115748
-0.104482 0.010917
-0.10138 0.0102782
-0.0982763 0.00965838
-0.0951718 0.00905768
-0.0920663 0.00847607
-0.0889599 0.00791358
-0.0858526 0.00737023
-0.0827444 0.00684605
-0.0796353 0.00634105
-0.0765254 0.00585527
-0.0734146 0.00538872
-0.0703032 0.00494143
-0.0671909 0.0045134
-0.064078 0.00410466
-0.0609644 0.00371523
-0.0578502 0.00334513
-0.0547353 0.00299437
-0.0516199 0.00266296
-0.0485039 0.00235093
-0.0453873 0.00205828
-0.0422703 0.00178503
-0.0391529 0.00153119
-0.036035 0.00129678
-0.0329167 0.0010818
-0.029798 0.000886264
-0.026679 0.000710184
-0.0235597 0.000553568
-0.0204401 0.000416422
-0.0173202 0.000298755
-0.0142002 0.000200572
-0.0110799 0.00012188
-0.00795954 6.26839e-05
-0.00483903 2.29868e-05
-0.00171842 2.79254e-06
0.00140225 1.70023e-06
0.00452295 1.96207e-05
0.00764365 5.70495e-05
0.0107643 0.000113987
0.0138849 0.000190433
0.0170054 0.000286386
0.0201258 0.000401844
0.0232461 0.000536804
0.0263661 0.000691263
0.029486 0.000865216
0.0326056 0.00105866
0.0357249 0.00127159
0.0388439 0.00150399
0.0419625 0.00175586
0.0450809 0.0020272
0.0481988 0.00231798
0.0513162 0.00262821
0.0544332 0.00295787
0.0575498 0.00330696
0.0606658 0.00367545
0.0637812 0.00406334
0.0668961 0.00447061
0.0700103 0.00489725
0.0731239 0.00534324
0.0762368 0.00580858
0.0793491 0.00629323
0.0824605 0.00679719
0.0855712 0.00732043
0.0886812 0.00786294
0.0917903 0.0084247
0.0948985 0.00900568
0.0980058 0.00960418
0.101112 0.0102218
0.104218 0.0108585
0.107322 0.0115144
0.110426 0.0121894
0.113528 0.0128835
0.116629 0.0135967
0.11973 0.0143289
0.122829 0.0150801
0.125927 0.0158503
0.129024 0.0166394
0.132119 0.0174475
0.135213 0.0182745
0.138306 0.0191203
0.141398 0.019985
0.144488 0.0208684
0.147577 0.0217706
0.150665 0.0226916
0.153751 0.0236313
0.156835 0.0245896
0.159919 0.0255665
0.163 0.0265621
0.16608 0.0275762
0.169159 0.0286088
0.172235 0.0296598
0.175311 0.0307293
0.178384 0.0318173
0.181456 0.0329235
0.184526 0.0340481
0.187594 0.0351909
0.190661 0.0363508
0.193725 0.0375274
0.196788 0.0387222
0.199849 0.0399351
0.202908 0.041166
0.205965 0.0424149
0.20902 0.0436817
0.212073 0.0449665
0.215124 0.0462691
0.218173 0.0475895
0.221219 0.0489277
0.224264 0.0502836
0.227306 0.0516571
0.230347 0.0530483
0.233385 0.0544569
0.23642 0.0558831
0.239454 0.0573267
0.242485 0.0587877
0.245514 0.060266
0.24854 0.0617616
0.251565 0.0632744
0.254586 0.0648044
0.257605 0.0663514
0.260622 0.0679155
0.263636 0.0694966
0.266648 0.0710945
0.269657 0.0727094
0.272663 0.074341
0.275667 0.0759893
0.278668 0.0776543
0.281666 0.079336
0.284662 0.0810308
0.287655 0.082742
0.290645 0.0844697
0.293632 0.0862137
0.296617 0.0879739
0.299599 0.0897504
0.302577 0.091543
0.305553 0.0933517
0.308526 0.0951764
0.311495 0.097017
0.314462 0.0988734
0.317426 0.100746
0.320387 0.102634
0.323344 0.104537
0.326298 0.106456
0.32925 0.108391
0.332198 0.110341
0.335142 0.112307
0.338084 0.114287
0.341022 0.116283
0.343957 0.118294
0.346889 0.12032
0.349817 0.122361
0.352742 0.124417
0.355663 0.126488
0.358581 0.128573
0.361495 0.130673
0.364406 0.132787
0.367314 0.134917
0.370217 0.13706
0.373118 0.139216
0.376014 0.141384
0.378907 0.143566
0.381796 0.145762
0.384682 0.147972
0.387563 0.150196
0.390441 0.152433
0.393316 0.154685
0.396186 0.15695
0.399052 0.159229
0.401915 0.161521
0.404774 0.163826
0.407628 0.166145
0.410479 0.168477
0.413326 0.170822
0.416169 0.17318
0.419007 0.175551
0.421842 0.177934
0.424672 0.180331
0.427499 0.18274
0.430321 0.185162
0.433139 0.187596
0.435953 0.190042
0.438762 0.192501
0.441568 0.194971
0.444369 0.197454
0.447165 0.199949
0.449957 0.202456
0.452745 0.204974
0.455529 0.207504
0.458308 0.210046
0.461082 0.212594
0.463852 0.215154
0.466618 0.217726
0.469379 0.220308
0.472135 0.222902
0.474887 0.225506
0.477634 0.228121
0.480377 0.230747
0.483114 0.233384
0.485847 0.236032
0.488576 0.238689
0.491299 0.241358
0.494018 0.244036
0.496732 0.246725
0.499441 0.249423
0.502146 0.252132
0.504845 0.25485
0.507539 0.257578
0.510229 0.260316
0.512913 0.263063
0.515593 0.26582
0.518267 0.268586
0.520936 0.271361
0.523601 0.274146
0.52626 0.276939
0.528914 0.279741
0.531563 0.282552
0.534206 0.285371
0.536845 0.288199
0.539478 0.291036
0.542106 0.293878
0.544729 0.296726
0.547346 0.299582
0.549958 0.302446
0.552565 0.305318
0.555166 0.308198
0.557762 0.311085
0.560352 0.31398
0.562937 0.316882
0.565516 0.319792
0.56809 0.322709
0.570658 0.325633
0.573221 0.328564
0.575778 0.331501
0.57833 0.334446
0.580876 0.337397
0.583416 0.340355
0.58595 0.343319
0.588479 0.346289
0.591002 0.349265
0.593519 0.352248
0.59603 0.355236
0.598536 0.35823
0.601036 0.36123
0.60353 0.364236
0.606017 0.367247
0.6085 0.370263
0.610976 0.373284
0.613446 0.376311
0.61591 0.379343
0.618368 0.382379
0.62082 0.385415
0.623266 0.388455
0.625706 0.3915
0.628139 0.39455
0.630567 0.397604
0.632988 0.400662
0.635404 0.403724
0.637813 0.406789
0.640216 0.409859
0.642612 0.412932
0.645002 0.416009
0.647386 0.41909
0.649764 0.422173
0.652135 0.42526
0.6545 0.42835
0.656858 0.431443
0.659211 0.434539
0.661556 0.437637
0.663895 0.440738
0.666228 0.443842
0.668554 0.446947
0.670874 0.450055
0.673187 0.453166
0.675493 0.456278
0.677793 0.459391
0.680086 0.462507
0.682373 0.465624
0.684652 0.468743
0.686926 0.471863
0.689192 0.474985
0.691452 0.478104
0.693705 0.481222
0.695951 0.484341
0.69819 0.487461
0.700422 0.490581
0.702648 0.493702
0.704867 0.496824
0.707079 0.499945
0.709284 0.503067
0.711482 0.506189
0.713673 0.50931
0.715857 0.512432
0.718034 0.515553
0.720204 0.518674
0.722367 0.521794
0.724523 0.524913
0.726671 0.528032
0.728813 0.531149
0.730948 0.534266
0.733075 0.537381
0.735195 0.540495
0.737308 0.543607
0.739414 0.546718
0.741513 0.549827
0.743604 0.552935
0.745688 0.55604
0.747765 0.559143
0.749834 0.562245
0.751896 0.565343
0.753951 0.56844
0.755998 0.571533
0.758038 0.574619
0.760071 0.577702
0.762096 0.580783
0.764113 0.58386
0.766123 0.586934
0.768126 0.590005
0.770121 0.593073
0.772109 0.596137
0.774089 0.599197
0.776061 0.602254
0.778026 0.605306
0.779983 0.608355
0.781933 0.6114
0.783875 0.61444
0.785809 0.617476
0.787735 0.620508
0.789654 0.623535
0.791565 0.626557
0.793469 0.629574
0.795364 0.632587
0.797252 0.635594
0.799132 0.638597
0.801004 0.641593
0.802868 0.644585
0.804725 0.647571
0.806573 0.650551
0.808414 0.653526
0.810247 0.656494
0.812071 0.659457
0.813888 0.662413
0.815697 0.66536
0.817498 0.668299
0.819291 0.671231
0.821076 0.674157
0.822852 0.677077
0.824621 0.679989
0.826382 0.682894
0.828134 0.685793
0.829879 0.688684
0.831615 0.691568
0.833343 0.694444
0.835063 0.697314
0.836775 0.700175
0.838479 0.703029
0.840174 0.705875
0.841861 0.708712
0.84354 0.711542
0.845211 0.714364
0.846873 0.717177
0.848527 0.719982
0.850173 0.722779
0.851811 0.725567
0.85344 0.728346
0.85506 0.731116
0.856673 0.733877
0.858277 0.73663
0.859872 0.739373
0.861459 0.742106
0.863038 0.744831
0.864608 0.747546
0.86617 0.75025
0.867723 0.752942
0.869268 0.755623
0.870804 0.758294
0.872332 0.760956
0.873851 0.763607
0.875362 0.766248
0.876864 0.768879
0.878357 0.771499
0.879842 0.774109
0.881318 0.776708
0.882786 0.779296
0.884245 0.781874
0.885695 0.78444
0.887137 0.786996
0.88857 0.78954
0.889994 0.792073
0.891409 0.794595
0.892816 0.797105
0.894214 0.799604
0.895603 0.802091
0.896984 0.804566
0.898355 0.80703
0.899718 0.809481
0.901072 0.811921
0.902417 0.814348
0.903754 0.816763
0.905081 0.819166
0.9064 0.821556
0.90771 0.823934
0.90901 0.826299
0.910302 0.828649
0.911585 0.830985
0.912859 0.833308
0.914125 0.835618
0.915381 0.837915
0.916628 0.840198
0.917866 0.842469
0.919095 0.844726
0.920316 0.846969
0.921527 0.8492
0.922729 0.851416
0.923922 0.853619
0.925106 0.855808
0.926281 0.857983
0.927447 0.860144
0.928604 0.862291
0.929751 0.864424
0.93089 0.866543
0.93202 0.868648
0.93314 0.870738
0.934251 0.872813
0.935353 0.874874
0.936446 0.876921
0.93753 0.878953
0.938604 0.880969
0.939669 0.882972
0.940726 0.884959
0.941772 0.886931
0.94281 0.888888
0.943838 0.890829
0.944858 0.892756
0.945867 0.894664
0.946868 0.896557
0.947859 0.898434
0.948841 0.900295
0.949814 0.902141
0.950778 0.903971
0.951732 0.905785
0.952676 0.907584
0.953612 0.909366
0.954538 0.911133
0.955455 0.912884
0.956362 0.914618
0.95726 0.916336
0.958149 0.918038
0.959028 0.919724
0.959898 0.921393
0.960758 0.923045
0.961609 0.924682
0.962451 0.926301
0.963283 0.927904
0.964105 0.92949
0.964919 0.931059
0.965722 0.932612
0.966517 0.934147
0.967301 0.935666
0.968077 0.937167
0.968843 0.938651
0.969599 0.940119
0.970346 0.941568
0.971083 0.943001
0.971811 0.944416
0.972529 0.945812
0.973238 0.94719
0.973937 0.94855
0.974627 0.949893
0.975307 0.951218
0.975977 0.952526
0.976638 0.953816
0.97729 0.955088
0.977931 0.956342
0.978564 0.957579
0.979186 0.958798
0.979799 0.959998
0.980403 0.961181
0.980997 0.962346
0.981581 0.963492
0.982155 0.96462
0.98272 0.965731
0.983276 0.966822
0.983821 0.967896
0.984357 0.968951
0.984884 0.969988
0.9854 0.971007
0.985907 0.972007
0.986405 0.972988
0.986892 0.973951
0.98737 0.974896
0.987839 0.975822
0.988297 0.976729
0.988746 0.977617
0.989186 0.978487
0.989615 0.979338
0.990035 0.98017
0.990445 0.980983
0.990846 0.981777
0.991236 0.982553
0.991617 0.983309
0.991989 0.984047
0.99235 0.984765
0.992702 0.985464
0.993044 0.986144
0.993377 0.986805
0.993699 0.987446
0.994012 0.988069
0.994315 0.988672
0.994609 0.989255
0.994892 0.98982
0.995166 0.990365
0.99543 0.990891
0.995685 0.991397
0.995929 0.991884
0.996164 0.992352
0.996389 0.9928
0.996605 0.993229
0.99681 0.993638
0.997006 0.994028
0.997192 0.994398
0.997368 0.994749
0.997534 0.995081
0.997691 0.995393
0.997838 0.995685
0.997975 0.995958
0.998102 0.996212
0.99822 0.996446
0.998327 0.996661
0.998425 0.996856
0.998514 0.997031
0.998592 0.997187
0.99866 0.997324
0.998719 0.997441
0.998768 0.997538
0.998807 0.997616
0.998837 0.997675
0.998856 0.997714
0.998866 0.997734
