-0.587777 0.345484
-0.587762 0.34547
-0.587739 0.34545
-0.587709 0.345423
-0.587671 0.345389
-0.587625 0.345348
-0.587572 0.3453
-0.587511 0.345246
-0.587443 0.345185
-0.587368 0.345117
-0.587284 0.345042
-0.587193 0.344961
-0.587095 0.344873
-0.586989 0.344777
-0.586875 0.344676
-0.586754 0.344567
-0.586625 0.344452
-0.586489 0.344329
-0.586345 0.3442
-0.586193 0.344065
-0.586034 0.343922
-0.585868 0.343773
-0.585694 0.343617
-0.585512 0.343454
-0.585323 0.343284
-0.585126 0.343108
-0.584921 0.342924
-0.584709 0.342735
-0.58449 0.342538
-0.584263 0.342334
-0.584028 0.342124
-0.583786 0.341907
-0.583537 0.341683
-0.583279 0.341453
-0.583015 0.341216
-0.582742 0.340971
-0.582463 0.340721
-0.582175 0.340463
-0.58188 0.340199
-0.581578 0.339928
-0.581268 0.33965
-0.580951 0.339366
-0.580626 0.339075
-0.580294 0.338777
-0.579954 0.338472
-0.579606 0.338161
-0.579251 0.337843
-0.578889 0.337518
-0.578519 0.337187
-0.578142 0.336848
-0.577757 0.336503
-0.577364 0.336152
-0.576965 0.335794
-0.576557 0.335429
-0.576143 0.335057
-0.57572 0.334679
-0.575291 0.334294
-0.574854 0.333902
-0.574409 0.333504
-0.573957 0.333099
-0.573497 0.332687
-0.57303 0.332269
-0.572556 0.331844
-0.572074 0.331413
-0.571585 0.330974
-0.571089 0.33053
-0.570584 0.330078
-0.570073 0.32962
-0.569554 0.329156
-0.569028 0.328684
-0.568494 0.328207
-0.567953 0.327722
-0.567405 0.327231
-0.566849 0.326734
-0.566286 0.32623
-0.565715 0.325719
-0.565137 0.325202
-0.564552 0.324678
-0.56396 0.324148
-0.56336 0.323611
-0.562752 0.323067
-0.562138 0.322518
-0.561516 0.321961
-0.560886 0.321398
-0.56025 0.320829
-0.559606 0.320253
-0.558955 0.319671
-0.558296 0.319082
-0.557631 0.318487
-0.556958 0.317885
-0.556277 0.317277
-0.55559 0.316663
-0.554895 0.316042
-0.554193 0.315415
-0.553483 0.314781
-0.552767 0.314141
-0.552043 0.313495
-0.551312 0.312842
-0.550574 0.312183
-0.549828 0.311518
-0.549075 0.310846
-0.548315 0.310168
-0.547548 0.309484
-0.546774 0.308793
-0.545993 0.308096
-0.545204 0.307393
-0.544408 0.306684
-0.543605 0.305968
-0.542795 0.305246
-0.541978 0.304518
-0.541154 0.303784
-0.540322 0.303044
-0.539484 0.302297
-0.538638 0.301545
-0.537785 0.300786
-0.536926 0.300021
-0.536059 0.29925
-0.535185 0.298473
-0.534304 0.29769
-0.533416 0.296901
-0.53252 0.296106
-0.531618 0.295305
-0.530709 0.294498
-0.529793 0.293685
-0.52887 0.292865
-0.527939 0.29204
-0.527002 0.29121
-0.526058 0.290373
-0.525107 0.28953
-0.524149 0.288681
-0.523184 0.287827
-0.522212 0.286967
-0.521233 0.286101
-0.520247 0.285229
-0.519254 0.284351
-0.518254 0.283468
-0.517248 0.282579
-0.516234 0.281684
-0.515214 0.280784
-0.514187 0.279878
-0.513153 0.278966
-0.512112 0.278049
-0.511064 0.277126
-0.510009 0.276198
-0.508948 0.275264
-0.50788 0.274324
-0.506805 0.27338
-0.505723 0.272429
-0.504635 0.271473
-0.503539 0.270512
-0.502437 0.269546
-0.501328 0.268574
-0.500213 0.267597
-0.499091 0.266614
-0.497962 0.265626
-0.496826 0.264633
-0.495684 0.263635
-0.494535 0.262632
-0.493379 0.261623
-0.492217 0.260609
-0.491048 0.25959
-0.489873 0.258567
-0.488691 0.257538
-0.487502 0.256504
-0.486306 0.255465
-0.485105 0.254421
-0.483896 0.253373
-0.482681 0.252319
-0.481459 0.251261
-0.480231 0.250197
-0.478997 0.249129
-0.477755 0.248057
-0.476508 0.246979
-0.475254 0.245897
-0.473993 0.244811
-0.472726 0.243719
-0.471453 0.242624
-0.470173 0.241523
-0.468886 0.240418
-0.467594 0.239309
-0.466294 0.238196
-0.464989 0.237078
-0.463677 0.235955
-0.462359 0.234829
-0.461034 0.233698
-0.459703 0.232563
-0.458366 0.231423
-0.457022 0.23028
-0.455672 0.229133
-0.454316 0.227981
-0.452954 0.226826
-0.451585 0.225666
-0.45021 0.224503
-0.448829 0.223336
-0.447442 0.222165
-0.446049 0.22099
-0.444649 0.219811
-0.443243 0.218629
-0.441831 0.217443
-0.440413 0.216254
-0.438989 0.215061
-0.437558 0.213864
-0.436122 0.212665
-0.434679 0.211461
-0.43323 0.210255
-0.431776 0.209045
-0.430315 0.207832
-0.428848 0.206615
-0.427375 0.205396
-0.425897 0.204173
-0.424412 0.202947
-0.422921 0.201719
-0.421424 0.200487
-0.419922 0.199253
-0.418413 0.198016
-0.416899 0.196775
-0.415378 0.195533
-0.413852 0.194287
-0.41232 0.193039
-0.410782 0.191789
-0.409238 0.190536
-0.407689 0.18928
-0.406133 0.188022
-0.404572 0.186762
-0.403005 0.1855
-0.401432 0.184235
-0.399854 0.182968
-0.39827 0.1817
-0.39668 0.180429
-0.395084 0.179156
-0.393483 0.177881
-0.391876 0.176605
-0.390263 0.175327
-0.388645 0.174047
-0.387021 0.172765
-0.385392 0.171482
-0.383757 0.170197
-0.382116 0.168911
-0.38047 0.167624
-0.378818 0.166335
-0.377161 0.165045
-0.375498 0.163754
-0.37383 0.162461
-0.372156 0.161168
-0.370477 0.159874
-0.368792 0.158579
-0.367102 0.157283
-0.365407 0.155986
-0.363706 0.154688
-0.362 0.15339
-0.360289 0.152092
-0.358572 0.150793
-0.356849 0.149493
-0.355122 0.148194
-0.353389 0.146894
-0.351651 0.145594
-0.349908 0.144293
-0.348159 0.142993
-0.346406 0.141693
-0.344647 0.140393
-0.342882 0.139093
-0.341113 0.137794
-0.339339 0.136494
-0.337559 0.135196
-0.335774 0.133898
-0.333985 0.1326
-0.33219 0.131303
-0.33039 0.130007
-0.328585 0.128712
-0.326775 0.127417
-0.32496 0.126124
-0.32314 0.124832
-0.321315 0.123541
-0.319485 0.122251
-0.31765 0.120963
-0.31581 0.119676
-0.313966 0.118391
-0.312116 0.117107
-0.310262 0.115825
-0.308402 0.114545
-0.306538 0.113266
-0.304669 0.11199
-0.302796 0.110715
-0.300917 0.109443
-0.299034 0.108173
-0.297146 0.106905
-0.295253 0.10564
-0.293356 0.104377
-0.291454 0.103117
-0.289547 0.101859
-0.287636 0.100604
-0.28572 0.0993524
-0.283799 0.0981034
-0.281874 0.0968575
-0.279944 0.0956147
-0.27801 0.0943752
-0.276071 0.0931389
-0.274128 0.0919061
-0.27218 0.0906768
-0.270228 0.0894512
-0.268271 0.0882292
-0.26631 0.0870111
-0.264344 0.0857969
-0.262374 0.0845866
-0.2604 0.0833805
-0.258421 0.0821786
-0.256438 0.080981
-0.254451 0.0797878
-0.252459 0.078599
-0.250464 0.0774149
-0.248463 0.0762355
-0.246459 0.0750609
-0.24445 0.0738911
-0.242438 0.0727264
-0.240421 0.0715668
-0.238399 0.0704124
-0.236374 0.0692633
-0.234345 0.0681196
-0.232311 0.0669814
-0.230274 0.0658488
-0.228232 0.064722
-0.226186 0.063601
-0.224137 0.0624859
-0.222083 0.0613768
-0.220025 0.0602739
-0.217964 0.0591773
-0.215898 0.058087
-0.213829 0.0570031
-0.211755 0.0559259
-0.209678 0.0548552
-0.207597 0.0537914
-0.205512 0.0527345
-0.203423 0.0516845
-0.201331 0.0506417
-0.199234 0.0496061
-0.197134 0.0485778
-0.195031 0.0475569
-0.192923 0.0465436
-0.190812 0.0455379
-0.188697 0.04454
-0.186579 0.0435499
-0.184456 0.0425678
-0.182331 0.0415938
-0.180201 0.040628
-0.178069 0.0396706
-0.175932 0.0387215
-0.173792 0.037781
-0.171649 0.0368491
-0.169502 0.035926
-0.167351 0.0350117
-0.165198 0.0341064
-0.16304 0.0332103
-0.16088 0.0323233
-0.158716 0.0314456
-0.156548 0.0305774
-0.154378 0.0297188
-0.152204 0.0288697
-0.150026 0.0280305
-0.147846 0.0272011
-0.145662 0.0263818
-0.143475 0.0255725
-0.141285 0.0247735
-0.139091 0.0239849
-0.136895 0.0232067
-0.134695 0.022439
-0.132492 0.0216821
-0.130286 0.0209359
-0.128077 0.0202007
-0.125865 0.0194764
-0.12365 0.0187634
-0.121432 0.0180616
-0.119211 0.0173711
-0.116987 0.0166922
-0.11476 0.0160249
-0.11253 0.0153692
-0.110297 0.0147255
-0.108062 0.0140936
-0.105823 0.0134739
-0.103582 0.0128663
-0.101338 0.012271
-0.0990907 0.0116881
-0.096841 0.0111178
-0.0945885 0.0105601
-0.0923334 0.0100152
-0.0900755 0.0094831
-0.087815 0.00896402
-0.0855518 0.00845806
-0.0832859 0.00796531
-0.0810175 0.0074859
-0.0787465 0.00701993
-0.0764729 0.00656754
-0.0741967 0.00612883
-0.0719181 0.00570391
-0.0696369 0.0052929
-0.0673533 0.00489592
-0.0650672 0.00451308
-0.0627787 0.00414449
-0.0604878 0.00379028
-0.0581945 0.00345055
-0.0558988 0.00312541
-0.0536008 0.00281499
-0.0513005 0.00251939
-0.0489979 0.00223874
-0.046693 0.00197314
-0.0443859 0.0017227
-0.0420765 0.00148755
-0.0397649 0.00126778
-0.0374512 0.00106353
-0.0351353 0.000874892
-0.0328172 0.000701986
-0.0304971 0.000544925
-0.0281748 0.000403819
-0.0258505 0.00027878
-0.0235242 0.000169921
-0.0211958 7.73521e-05
-0.0188654 1.18482e-06
-0.0165331 -5.84701e-05
-0.0141988 -0.000101502
-0.0118626 -0.000127801
-0.00952444 -0.000137257
-0.00718443 -0.00012976
-0.00484255 -0.000105201
-0.00249884 -6.347e-05
-0.000153312 -4.45957e-06
0.002194 -0.000492376
0.00454309 -0.00100277
0.00689392 -0.00149619
0.00924647 -0.00197262
0.0116007 -0.00243205
0.0139566 -0.00287444
0.0163142 -0.00329979
0.0186734 -0.00370809
0.0210342 -0.00409931
0.0233966 -0.00447345
0.0257606 -0.00483049
0.028126 -0.00517042
0.030493 -0.00549323
0.0328615 -0.0057989
0.0352315 -0.00608742
0.0376029 -0.0063588
0.0399757 -0.00661301
0.0423499 -0.00685006
0.0447255 -0.00706993
0.0471024 -0.00727261
0.0494806 -0.00745811
0.0518602 -0.00762641
0.054241 -0.00777752
0.0566231 -0.00791143
0.0590064 -0.00802813
0.0613909 -0.00812763
0.0637767 -0.00820993
0.0661635 -0.00827502
0.0685515 -0.0083229
0.0709407 -0.00835358
0.0733309 -0.00836706
0.0757221 -0.00836333
0.0781145 -0.00834242
0.0805078 -0.0083043
0.0829021 -0.00824901
0.0852975 -0.00817653
0.0876937 -0.00808687
0.0900909 -0.00798005
0.092489 -0.00785606
0.094888 -0.00771493
0.0972878 -0.00755665
0.0996884 -0.00738124
0.10209 -0.00718871
0.104492 -0.00697906
0.106895 -0.00675232
0.109299 -0.00650849
0.111703 -0.00624759
0.114108 -0.00596963
0.116514 -0.00567463
0.118921 -0.00536261
0.121328 -0.00503357
0.123735 -0.00468754
0.126144 -0.00432453
0.128552 -0.00394457
0.130962 -0.00354766
0.133371 -0.00313384
0.135782 -0.00270312
0.138192 -0.00225553
0.140604 -0.00179108
0.143015 -0.0013098
0.145427 -0.000811713
0.147839 -0.000296841
0.150252 0.000234791
0.152665 0.000783157
0.155078 0.00134823
0.157492 0.00192999
0.159905 0.00252839
0.162319 0.00314343
0.164733 0.00377506
0.167148 0.00442326
0.169562 0.00508799
0.171977 0.00576923
0.174391 0.00646695
0.176806 0.00718111
0.179221 0.00791168
0.181636 0.00865863
0.18405 0.00942192
0.186465 0.0102015
0.18888 0.0109974
0.191295 0.0118095
0.193709 0.0126378
0.196124 0.0134823
0.198538 0.0143429
0.200952 0.0152196
0.203366 0.0161123
0.20578 0.017021
0.208193 0.0179457
0.210606 0.0188864
0.213019 0.0198429
0.215432 0.0208153
0.217844 0.0218034
0.220256 0.0228073
0.222668 0.023827
0.225079 0.0248623
0.227489 0.0259132
0.2299 0.0269797
0.23231 0.0280617
0.234719 0.0291593
0.237128 0.0302722
0.239536 0.0314006
0.241944 0.0325442
0.244351 0.0337032
0.246757 0.0348774
0.249163 0.0360668
0.251568 0.0372714
0.253972 0.038491
0.256376 0.0397257
0.258779 0.0409753
0.261181 0.0422399
0.263583 0.0435194
0.265983 0.0448137
0.268383 0.0461227
0.270782 0.0474465
0.27318 0.0487849
0.275578 0.0501379
0.277974 0.0515055
0.280369 0.0528875
0.282763 0.054284
0.285157 0.0556948
0.287549 0.05712
0.28994 0.0585594
0.292331 0.060013
0.29472 0.0614807
0.297108 0.0629625
0.299495 0.0644583
0.30188 0.0659681
0.304265 0.0674917
0.306648 0.0690292
0.30903 0.0705804
0.311411 0.0721453
0.313791 0.0737238
0.316169 0.0753159
0.318546 0.0769215
0.320921 0.0785405
0.323296 0.0801729
0.325668 0.0818186
0.32804 0.0834776
0.33041 0.0851497
0.332778 0.0868349
0.335145 0.0885331
0.337511 0.0902443
0.339875 0.0919684
0.342237 0.0937053
0.344598 0.0954549
0.346957 0.0972172
0.349315 0.0989922
0.351671 0.10078
0.354025 0.10258
0.356377 0.104392
0.358728 0.106217
0.361077 0.108054
0.363425 0.109903
0.36577 0.111764
0.368114 0.113637
0.370456 0.115522
0.372796 0.117419
0.375134 0.119328
0.37747 0.121249
0.379804 0.123181
0.382137 0.125125
0.384467 0.12708
0.386795 0.129047
0.389122 0.131025
0.391446 0.133014
0.393768 0.135015
0.396089 0.137027
0.398407 0.139049
0.400722 0.141083
0.403036 0.143127
0.405348 0.145183
0.407657 0.147249
0.409964 0.149325
0.412269 0.151413
0.414572 0.15351
0.416872 0.155618
0.41917 0.157737
0.421466 0.159865
0.423759 0.162004
0.42605 0.164153
0.428338 0.166312
0.430625 0.16848
0.432908 0.170659
0.435189 0.172847
0.437468 0.175045
0.439744 0.177253
0.442018 0.17947
0.444289 0.181696
0.446557 0.183932
0.448823 0.186176
0.451086 0.18843
0.453347 0.190693
0.455605 0.192966
0.45786 0.195246
0.460112 0.197536
0.462362 0.199835
0.464609 0.202142
0.466853 0.204457
0.469094 0.206781
0.471333 0.209114
0.473569 0.211454
0.475801 0.213803
0.478031 0.21616
0.480258 0.218525
0.482482 0.220898
0.484703 0.223279
0.486921 0.225667
0.489136 0.228063
0.491348 0.230467
0.493557 0.232878
0.495763 0.235297
0.497966 0.237723
0.500166 0.240156
0.502363 0.242596
0.504556 0.245043
0.506746 0.247498
0.508933 0.249959
0.511117 0.252427
0.513298 0.254901
0.515475 0.257382
0.517649 0.25987
0.51982 0.262364
0.521987 0.264864
0.524151 0.26737
0.526312 0.269883
0.528469 0.272402
0.530623 0.274926
0.532773 0.277457
0.53492 0.279993
0.537063 0.282535
0.539203 0.285082
0.54134 0.287635
0.543473 0.290194
0.545602 0.292758
0.547728 0.295326
0.54985 0.2979
0.551968 0.300479
0.554083 0.303063
0.556194 0.305652
0.558302 0.308246
0.560406 0.310844
0.562506 0.313447
0.564602 0.316054
0.566695 0.318666
0.568783 0.321282
0.570868 0.323902
0.572949 0.326526
0.575027 0.329155
0.5771 0.331787
0.579169 0.334423
0.581235 0.337063
0.583297 0.339706
0.585354 0.342353
0.587408 0.345004
0.589458 0.347657
0.591503 0.350314
0.593545 0.352975
0.595582 0.355638
0.597616 0.358304
0.599645 0.360973
0.601671 0.363644
0.603692 0.366318
0.605709 0.368995
0.607722 0.371673
0.60973 0.374354
0.611735 0.377037
0.613735 0.379721
0.615731 0.382408
0.617722 0.385096
0.61971 0.387786
0.621693 0.390477
0.623671 0.39317
0.625646 0.395863
0.627616 0.398558
0.629581 0.401254
0.631542 0.403951
0.633499 0.406648
0.635451 0.409346
0.637399 0.412044
0.639342 0.414743
0.641281 0.417442
0.643216 0.420142
0.645145 0.422841
0.64707 0.425541
0.648991 0.42824
0.650907 0.430939
0.652818 0.433637
0.654725 0.436335
0.656627 0.439033
0.658524 0.441729
0.660417 0.444425
0.662305 0.44712
0.664188 0.449814
0.666067 0.452507
0.66794 0.455198
0.669809 0.457889
0.671674 0.460577
0.673533 0.463264
0.675387 0.46595
0.677237 0.468634
0.679081 0.471315
0.680921 0.473995
0.682756 0.476673
0.684586 0.479348
0.686411 0.482022
0.688231 0.484693
0.690046 0.487361
0.691856 0.490027
0.693661 0.49269
0.695461 0.49535
0.697256 0.498008
0.699046 0.500662
0.70083 0.503314
0.70261 0.505962
0.704384 0.508607
0.706154 0.511249
0.707918 0.513887
0.709677 0.516521
0.711431 0.519152
0.713179 0.52178
0.714922 0.524403
0.71666 0.527023
0.718393 0.529638
0.720121 0.532249
0.721843 0.534857
0.72356 0.53746
0.725271 0.540058
0.726977 0.542652
0.728678 0.545242
0.730374 0.547827
0.732064 0.550407
0.733748 0.552982
0.735427 0.555553
0.737101 0.558118
0.738769 0.560679
0.740432 0.563234
0.742089 0.565784
0.743741 0.568329
0.745387 0.570868
0.747028 0.573402
0.748663 0.575931
0.750292 0.578453
0.751916 0.58097
0.753534 0.583482
0.755147 0.585987
0.756754 0.588486
0.758355 0.59098
0.759951 0.593467
0.761541 0.595948
0.763125 0.598423
0.764704 0.600892
0.766276 0.603354
0.767843 0.605809
0.769405 0.608258
0.77096 0.610701
0.77251 0.613137
0.774053 0.615566
0.775591 0.617988
0.777123 0.620403
0.77865 0.622811
0.78017 0.625213
0.781685 0.627607
0.783193 0.629994
0.784696 0.632373
0.786192 0.634745
0.787683 0.63711
0.789168 0.639468
0.790647 0.641818
0.79212 0.64416
0.793586 0.646495
0.795047 0.648822
0.796502 0.651141
0.79795 0.653452
0.799393 0.655756
0.800829 0.658051
0.80226 0.660339
0.803684 0.662618
0.805102 0.66489
0.806514 0.667153
0.80792 0.669407
0.80932 0.671654
0.810713 0.673892
0.812101 0.676121
0.813482 0.678343
0.814857 0.680555
0.816225 0.682759
0.817588 0.684954
0.818944 0.687141
0.820294 0.689319
0.821637 0.691488
0.822974 0.693648
0.824305 0.695799
0.82563 0.697941
0.826948 0.700074
0.82826 0.702198
0.829566 0.704313
0.830865 0.706419
0.832158 0.708515
0.833444 0.710602
0.834724 0.71268
0.835997 0.714748
0.837264 0.716807
0.838525 0.718857
0.839779 0.720897
0.841027 0.722927
0.842268 0.724948
0.843503 0.726959
0.844731 0.728961
0.845952 0.730952
0.847167 0.732934
0.848376 0.734906
0.849578 0.736868
0.850773 0.73882
0.851962 0.740763
0.853144 0.742695
0.854319 0.744617
0.855488 0.746529
0.856651 0.748431
0.857806 0.750323
0.858955 0.752204
0.860098 0.754075
0.861233 0.755936
0.862362 0.757787
0.863484 0.759627
0.8646 0.761457
0.865709 0.763277
0.866811 0.765086
0.867906 0.766884
0.868994 0.768672
0.870076 0.770449
0.871151 0.772216
0.872219 0.773972
0.873281 0.775718
0.874335 0.777452
0.875383 0.779176
0.876424 0.780889
0.877458 0.782592
0.878485 0.784283
0.879505 0.785964
0.880519 0.787633
0.881525 0.789292
0.882525 0.79094
0.883518 0.792576
0.884504 0.794202
0.885483 0.795817
0.886455 0.79742
0.88742 0.799013
0.888378 0.800594
0.889329 0.802164
0.890273 0.803723
0.891211 0.805271
0.892141 0.806807
0.893064 0.808333
0.89398 0.809846
0.894889 0.811349
0.895792 0.81284
0.896687 0.81432
0.897575 0.815788
0.898456 0.817245
0.89933 0.818691
0.900197 0.820125
0.901057 0.821548
0.901909 0.822959
0.902755 0.824358
0.903594 0.825746
0.904425 0.827122
0.905249 0.828487
0.906067 0.82984
0.906877 0.831182
0.90768 0.832511
0.908475 0.83383
0.909264 0.835136
0.910045 0.836431
0.91082 0.837714
0.911587 0.838985
0.912347 0.840244
0.913099 0.841492
0.913845 0.842727
0.914583 0.843951
0.915314 0.845163
0.916038 0.846363
0.916755 0.847552
0.917464 0.848728
0.918166 0.849892
0.918861 0.851045
0.919548 0.852185
0.920229 0.853314
0.920902 0.854431
0.921568 0.855535
0.922226 0.856628
0.922877 0.857708
0.923521 0.858777
0.924158 0.859833
0.924787 0.860877
0.925409 0.86191
0.926024 0.86293
0.926631 0.863938
0.927231 0.864934
0.927823 0.865917
0.928409 0.866889
0.928987 0.867848
0.929557 0.868795
0.93012 0.86973
0.930676 0.870653
0.931224 0.871564
0.931766 0.872462
0.932299 0.873348
0.932825 0.874222
0.933344 0.875084
0.933856 0.875933
0.93436 0.87677
0.934856 0.877595
0.935346 0.878408
0.935827 0.879208
0.936302 0.879996
0.936769 0.880771
0.937228 0.881534
0.93768 0.882285
0.938125 0.883024
0.938562 0.88375
0.938992 0.884464
0.939414 0.885165
0.939829 0.885854
0.940236 0.886531
0.940636 0.887195
0.941028 0.887847
0.941413 0.888486
0.94179 0.889113
0.94216 0.889727
0.942523 0.89033
0.942878 0.890919
0.943225 0.891496
0.943565 0.892061
0.943897 0.892613
0.944222 0.893153
0.94454 0.89368
0.944849 0.894195
0.945152 0.894698
0.945447 0.895187
0.945734 0.895665
0.946014 0.89613
0.946286 0.896582
0.946551 0.897022
0.946808 0.897449
0.947057 0.897864
0.9473 0.898266
0.947534 0.898656
0.947761 0.899033
0.947981 0.899398
0.948193 0.89975
0.948397 0.90009
0.948594 0.900417
0.948783 0.900731
0.948965 0.901033
0.949139 0.901322
0.949306 0.901599
0.949465 0.901863
0.949616 0.902115
0.94976 0.902354
0.949896 0.902581
0.950025 0.902795
0.950146 0.902996
0.95026 0.903185
0.950366 0.903361
0.950465 0.903525
0.950555 0.903676
0.950639 0.903814
0.950715 0.90394
0.950783 0.904054
0.950843 0.904154
0.950896 0.904242
0.950942 0.904318
0.95098 0.904381
0.95101 0.904431
0.951033 0.904469
0.951048 0.904494
0.951056 0.904507
