-1 1
-0.997998 0.996681
-0.995996 0.993363
-0.993994 0.990044
-0.991992 0.986726
-0.98999 0.983408
-0.987988 0.980089
-0.985986 0.976772
-0.983984 0.973454
-0.981982 0.970137
-0.97998 0.96682
-0.977978 0.963503
-0.975976 0.960187
-0.973974 0.956871
-0.971972 0.953555
-0.96997 0.95024
-0.967968 0.946926
-0.965966 0.943612
-0.963964 0.940299
-0.961962 0.936986
-0.95996 0.933674
-0.957958 0.930363
-0.955956 0.927052
-0.953954 0.923743
-0.951952 0.920434
-0.94995 0.917126
-0.947948 0.913818
-0.945946 0.910512
-0.943944 0.907207
-0.941942 0.903902
-0.93994 0.900599
-0.937938 0.897297
-0.935936 0.893996
-0.933934 0.890696
-0.931932 0.887397
-0.92993 0.884099
-0.927928 0.880802
-0.925926 0.877507
-0.923924 0.874213
-0.921922 0.870921
-0.91992 0.867629
-0.917918 0.86434
-0.915916 0.861051
-0.913914 0.857764
-0.911912 0.854479
-0.90991 0.851195
-0.907908 0.847913
-0.905906 0.844632
-0.903904 0.841353
-0.901902 0.838076
-0.8999 0.8348
-0.897898 0.831526
-0.895896 0.828254
-0.893894 0.824984
-0.891892 0.821716
-0.88989 0.818449
-0.887888 0.815185
-0.885886 0.811922
-0.883884 0.808662
-0.881882 0.805403
-0.87988 0.802147
-0.877878 0.798892
-0.875876 0.79564
-0.873874 0.79239
-0.871872 0.789142
-0.86987 0.785897
-0.867868 0.782654
-0.865866 0.779413
-0.863864 0.776174
-0.861862 0.772938
-0.85986 0.769704
-0.857858 0.766473
-0.855856 0.763244
-0.853854 0.760018
-0.851852 0.756794
-0.84985 0.753573
-0.847848 0.750354
-0.845846 0.747138
-0.843844 0.743925
-0.841842 0.740715
-0.83984 0.737507
-0.837838 0.734302
-0.835836 0.7311
-0.833834 0.727901
-0.831832 0.724705
-0.82983 0.721512
-0.827828 0.718322
-0.825826 0.715135
-0.823824 0.71195
-0.821822 0.708769
-0.81982 0.705592
-0.817818 0.702417
-0.815816 0.699245
-0.813814 0.696077
-0.811812 0.692912
-0.80981 0.68975
-0.807808 0.686592
-0.805806 0.683437
-0.803804 0.680285
-0.801802 0.677137
-0.7998 0.673992
-0.797798 0.670851
-0.795796 0.667713
-0.793794 0.664579
-0.791792 0.661449
-0.78979 0.658322
-0.787788 0.655199
-0.785786 0.652079
-0.783784 0.648964
-0.781782 0.645852
-0.77978 0.642744
-0.777778 0.63964
-0.775776 0.636539
-0.773774 0.633443
-0.771772 0.630351
-0.76977 0.627262
-0.767768 0.624178
-0.765766 0.621098
-0.763764 0.618022
-0.761762 0.61495
-0.75976 0.611882
-0.757758 0.608818
-0.755756 0.605759
-0.753754 0.602704
-0.751752 0.599653
-0.74975 0.596607
-0.747748 0.593565
-0.745746 0.590528
-0.743744 0.587494
-0.741742 0.584466
-0.73974 0.581442
-0.737738 0.578422
-0.735736 0.575408
-0.733734 0.572397
-0.731732 0.569392
-0.72973 0.566391
-0.727728 0.563395
-0.725726 0.560403
-0.723724 0.557417
-0.721722 0.554435
-0.71972 0.551458
-0.717718 0.548487
-0.715716 0.54552
-0.713714 0.542558
-0.711712 0.539601
-0.70971 0.536649
-0.707708 0.533702
-0.705706 0.530761
-0.703704 0.527824
-0.701702 0.524893
-0.6997 0.521967
-0.697698 0.519046
-0.695696 0.516131
-0.693694 0.513221
-0.691692 0.510316
-0.68969 0.507416
-0.687688 0.504523
-0.685686 0.501634
-0.683684 0.498751
-0.681682 0.495874
-0.67968 0.493002
-0.677678 0.490136
-0.675676 0.487276
-0.673674 0.484421
-0.671672 0.481572
-0.66967 0.478729
-0.667668 0.475891
-0.665666 0.473059
-0.663664 0.470234
-0.661662 0.467414
-0.65966 0.4646
-0.657658 0.461792
-0.655656 0.45899
-0.653654 0.456194
-0.651652 0.453404
-0.64965 0.45062
-0.647648 0.447843
-0.645646 0.445071
-0.643644 0.442306
-0.641642 0.439547
-0.63964 0.436795
-0.637638 0.434048
-0.635636 0.431308
-0.633634 0.428575
-0.631632 0.425848
-0.62963 0.423127
-0.627628 0.420413
-0.625626 0.417705
-0.623624 0.415004
-0.621622 0.412309
-0.61962 0.409622
-0.617618 0.40694
-0.615616 0.404266
-0.613614 0.401598
-0.611612 0.398937
-0.60961 0.396283
-0.607608 0.393636
-0.605606 0.390996
-0.603604 0.388362
-0.601602 0.385736
-0.5996 0.383116
-0.597598 0.380504
-0.595596 0.377898
-0.593594 0.3753
-0.591592 0.372709
-0.58959 0.370125
-0.587588 0.367548
-0.585586 0.364979
-0.583584 0.362416
-0.581582 0.359861
-0.57958 0.357314
-0.577578 0.354773
-0.575576 0.35224
-0.573574 0.349715
-0.571572 0.347197
-0.56957 0.344687
-0.567568 0.342184
-0.565566 0.339689
-0.563564 0.337201
-0.561562 0.334721
-0.55956 0.332249
-0.557558 0.329784
-0.555556 0.327327
-0.553554 0.324878
-0.551552 0.322437
-0.54955 0.320004
-0.547548 0.317578
-0.545546 0.315161
-0.543544 0.312752
-0.541542 0.31035
-0.53954 0.307957
-0.537538 0.305571
-0.535536 0.303194
-0.533534 0.300825
-0.531532 0.298464
-0.52953 0.296111
-0.527528 0.293767
-0.525526 0.291431
-0.523524 0.289103
-0.521522 0.286784
-0.51952 0.284473
-0.517518 0.28217
-0.515516 0.279876
-0.513514 0.27759
-0.511512 0.275313
-0.50951 0.273045
-0.507508 0.270785
-0.505506 0.268534
-0.503504 0.266291
-0.501502 0.264057
-0.499499 0.261832
-0.497497 0.259616
-0.495495 0.257408
-0.493493 0.255209
-0.491491 0.25302
-0.489489 0.250839
-0.487487 0.248667
-0.485485 0.246504
-0.483483 0.24435
-0.481481 0.242205
-0.479479 0.240069
-0.477477 0.237943
-0.475475 0.235825
-0.473473 0.233717
-0.471471 0.231618
-0.469469 0.229529
-0.467467 0.227448
-0.465465 0.225377
-0.463463 0.223315
-0.461461 0.221263
-0.459459 0.21922
-0.457457 0.217187
-0.455455 0.215163
-0.453453 0.213149
-0.451451 0.211144
-0.449449 0.209149
-0.447447 0.207164
-0.445445 0.205188
-0.443443 0.203222
-0.441441 0.201266
-0.439439 0.19932
-0.437437 0.197383
-0.435435 0.195457
-0.433433 0.19354
-0.431431 0.191633
-0.429429 0.189736
-0.427427 0.18785
-0.425425 0.185973
-0.423423 0.184106
-0.421421 0.18225
-0.419419 0.180403
-0.417417 0.178567
-0.415415 0.176741
-0.413413 0.174925
-0.411411 0.17312
-0.409409 0.171325
-0.407407 0.16954
-0.405405 0.167766
-0.403403 0.166002
-0.401401 0.164248
-0.399399 0.162505
-0.397397 0.160773
-0.395395 0.159051
-0.393393 0.15734
-0.391391 0.155639
-0.389389 0.153949
-0.387387 0.15227
-0.385385 0.150602
-0.383383 0.148944
-0.381381 0.147297
-0.379379 0.145661
-0.377377 0.144036
-0.375375 0.142422
-0.373373 0.140819
-0.371371 0.139227
-0.369369 0.137646
-0.367367 0.136075
-0.365365 0.134516
-0.363363 0.132969
-0.361361 0.131432
-0.359359 0.129906
-0.357357 0.128392
-0.355355 0.126889
-0.353353 0.125398
-0.351351 0.123917
-0.349349 0.122448
-0.347347 0.120991
-0.345345 0.119545
-0.343343 0.11811
-0.341341 0.116687
-0.339339 0.115276
-0.337337 0.113876
-0.335335 0.112488
-0.333333 0.111111
-0.331331 0.109313
-0.329329 0.107527
-0.327327 0.105753
-0.325325 0.10399
-0.323323 0.102239
-0.321321 0.1005
-0.319319 0.0987721
-0.317317 0.097056
-0.315315 0.0953515
-0.313313 0.0936587
-0.311311 0.0919775
-0.309309 0.0903079
-0.307307 0.08865
-0.305305 0.0870036
-0.303303 0.0853688
-0.301301 0.0837456
-0.299299 0.0821339
-0.297297 0.0805339
-0.295295 0.0789454
-0.293293 0.0773684
-0.291291 0.075803
-0.289289 0.0742491
-0.287287 0.0727068
-0.285285 0.0711759
-0.283283 0.0696566
-0.281281 0.0681488
-0.279279 0.0666525
-0.277277 0.0651676
-0.275275 0.0636943
-0.273273 0.0622324
-0.271271 0.060782
-0.269269 0.059343
-0.267267 0.0579155
-0.265265 0.0564994
-0.263263 0.0550948
-0.261261 0.0537016
-0.259259 0.0523198
-0.257257 0.0509494
-0.255255 0.0495905
-0.253253 0.0482429
-0.251251 0.0469067
-0.249249 0.0455819
-0.247247 0.0442684
-0.245245 0.0429663
-0.243243 0.0416756
-0.241241 0.0403962
-0.239239 0.0391282
-0.237237 0.0378715
-0.235235 0.0366261
-0.233233 0.035392
-0.231231 0.0341693
-0.229229 0.0329578
-0.227227 0.0317576
-0.225225 0.0305688
-0.223223 0.0293912
-0.221221 0.0282248
-0.219219 0.0270698
-0.217217 0.0259259
-0.215215 0.0247934
-0.213213 0.023672
-0.211211 0.0225619
-0.209209 0.0214631
-0.207207 0.0203754
-0.205205 0.0192989
-0.203203 0.0182337
-0.201201 0.0171796
-0.199199 0.0161367
-0.197197 0.015105
-0.195195 0.0140845
-0.193193 0.0130751
-0.191191 0.0120769
-0.189189 0.0110898
-0.187187 0.0101139
-0.185185 0.00914907
-0.183183 0.00819538
-0.181181 0.0072528
-0.179179 0.00632132
-0.177177 0.00540095
-0.175175 0.00449167
-0.173173 0.00359346
-0.171171 0.00270634
-0.169169 0.00183028
-0.167167 0.000965274
-0.165165 0.000111323
-0.163163 -0.000731584
-0.161161 -0.00156346
-0.159159 -0.0023843
-0.157157 -0.00319413
-0.155155 -0.00399294
-0.153153 -0.00478075
-0.151151 -0.00555756
-0.149149 -0.00632338
-0.147147 -0.00707822
-0.145145 -0.00782209
-0.143143 -0.008555
-0.141141 -0.00927695
-0.139139 -0.00998794
-0.137137 -0.010688
-0.135135 -0.0113771
-0.133133 -0.0120553
-0.131131 -0.0127226
-0.129129 -0.013379
-0.127127 -0.0140244
-0.125125 -0.014659
-0.123123 -0.0152827
-0.121121 -0.0158955
-0.119119 -0.0164974
-0.117117 -0.0170885
-0.115115 -0.0176687
-0.113113 -0.0182381
-0.111111 -0.0187966
-0.109109 -0.0193443
-0.107107 -0.0198811
-0.105105 -0.0204072
-0.103103 -0.0209224
-0.101101 -0.0214269
-0.0990991 -0.0219205
-0.0970971 -0.0224034
-0.0950951 -0.0228754
-0.0930931 -0.0233368
-0.0910911 -0.0237873
-0.0890891 -0.0242271
-0.0870871 -0.0246562
-0.0850851 -0.0250745
-0.0830831 -0.025482
-0.0810811 -0.0258789
-0.0790791 -0.026265
-0.0770771 -0.0266405
-0.0750751 -0.0270052
-0.0730731 -0.0273592
-0.0710711 -0.0277026
-0.0690691 -0.0280353
-0.0670671 -0.0283573
-0.0650651 -0.0286686
-0.0630631 -0.0289693
-0.0610611 -0.0292594
-0.0590591 -0.0295388
-0.0570571 -0.0298076
-0.0550551 -0.0300658
-0.0530531 -0.0303133
-0.0510511 -0.0305503
-0.049049 -0.0307766
-0.047047 -0.0309924
-0.045045 -0.0311975
-0.043043 -0.0313921
-0.041041 -0.0315762
-0.039039 -0.0317496
-0.037037 -0.0319126
-0.035035 -0.0320649
-0.033033 -0.0322068
-0.031031 -0.0323381
-0.029029 -0.0324589
-0.027027 -0.0325692
-0.025025 -0.032669
-0.023023 -0.0327582
-0.021021 -0.032837
-0.019019 -0.0329053
-0.017017 -0.0329632
-0.015015 -0.0330105
-0.013013 -0.0330475
-0.011011 -0.0330739
-0.00900901 -0.0330899
-0.00700701 -0.0330955
-0.00500501 -0.0330907
-0.003003 -0.0330754
-0.001001 -0.0330498
0.001001 -0.0330137
0.003003 -0.0329672
0.00500501 -0.0329104
0.00700701 -0.0328431
0.00900901 -0.0327655
0.011011 -0.0326776
0.013013 -0.0325792
0.015015 -0.0324706
0.017017 -0.0323515
0.019019 -0.0322222
0.021021 -0.0320825
0.023023 -0.0319325
0.025025 -0.0317722
0.027027 -0.0316016
0.029029 -0.0314207
0.031031 -0.0312296
0.033033 -0.0310281
0.035035 -0.0308164
0.037037 -0.0305944
0.039039 -0.0303621
0.041041 -0.0301196
0.043043 -0.0298669
0.045045 -0.0296039
0.047047 -0.0293308
0.049049 -0.0290474
0.0510511 -0.0287537
0.0530531 -0.0284499
0.0550551 -0.0281359
0.0570571 -0.0278117
0.0590591 -0.0274774
0.0610611 -0.0271328
0.0630631 -0.0267781
0.0650651 -0.0264133
0.0670671 -0.0260383
0.0690691 -0.0256532
0.0710711 -0.0252579
0.0730731 -0.0248525
0.0750751 -0.024437
0.0770771 -0.0240114
0.0790791 -0.0235757
0.0810811 -0.0231299
0.0830831 -0.0226741
0.0850851 -0.0222081
0.0870871 -0.0217321
0.0890891 -0.021246
0.0910911 -0.0207499
0.0930931 -0.0202437
0.0950951 -0.0197275
0.0970971 -0.0192013
0.0990991 -0.018665
0.101101 -0.0181187
0.103103 -0.0175625
0.105105 -0.0169962
0.107107 -0.0164199
0.109109 -0.0158337
0.111111 -0.0152375
0.113113 -0.0146313
0.115115 -0.0140151
0.117117 -0.013389
0.119119 -0.012753
0.121121 -0.012107
0.123123 -0.0114511
0.125125 -0.0107853
0.127127 -0.0101096
0.129129 -0.00942397
0.131131 -0.00872845
0.133133 -0.00802304
0.135135 -0.00730774
0.137137 -0.00658258
0.139139 -0.00584755
0.141141 -0.00510266
0.143143 -0.00434793
0.145145 -0.00358335
0.147147 -0.00280895
0.149149 -0.00202471
0.151151 -0.00123066
0.153153 -0.000426798
0.155155 0.000386865
0.157157 0.00121032
0.159159 0.00204357
0.161161 0.00288659
0.163163 0.00373938
0.165165 0.00460194
0.167167 0.00547425
0.169169 0.00635631
0.171171 0.0072481
0.173173 0.00814963
0.175175 0.00906088
0.177177 0.00998185
0.179179 0.0109125
0.181181 0.0118529
0.183183 0.012803
0.185185 0.0137627
0.187187 0.0147322
0.189189 0.0157113
0.191191 0.0167
0.193193 0.0176984
0.195195 0.0187065
0.197197 0.0197242
0.199199 0.0207515
0.201201 0.0217885
0.203203 0.0228351
0.205205 0.0238912
0.207207 0.024957
0.209209 0.0260324
0.211211 0.0271173
0.213213 0.0282118
0.215215 0.0293159
0.217217 0.0304296
0.219219 0.0315528
0.221221 0.0326855
0.223223 0.0338278
0.225225 0.0349796
0.227227 0.036141
0.229229 0.0373118
0.231231 0.0384922
0.233233 0.039682
0.235235 0.0408813
0.237237 0.0420902
0.239239 0.0433085
0.241241 0.0445362
0.243243 0.0457734
0.245245 0.0470201
0.247247 0.0482762
0.249249 0.0495418
0.251251 0.0508167
0.253253 0.0521011
0.255255 0.0533949
0.257257 0.0546981
0.259259 0.0560107
0.261261 0.0573327
0.263263 0.0586641
0.265265 0.0600049
0.267267 0.061355
0.269269 0.0627144
0.271271 0.0640832
0.273273 0.0654614
0.275275 0.0668489
0.277277 0.0682457
0.279279 0.0696518
0.281281 0.0710673
0.283283 0.072492
0.285285 0.0739261
0.287287 0.0753694
0.289289 0.076822
0.291291 0.0782839
0.293293 0.079755
0.295295 0.0812354
0.297297 0.0827251
0.299299 0.084224
0.301301 0.0857321
0.303303 0.0872494
0.305305 0.088776
0.307307 0.0903117
0.309309 0.0918567
0.311311 0.0934109
0.313313 0.0949742
0.315315 0.0965467
0.317317 0.0981284
0.319319 0.0997193
0.321321 0.101319
0.323323 0.102928
0.325325 0.104547
0.327327 0.106174
0.329329 0.107811
0.331331 0.109456
0.333333 0.111111
0.335335 0.112775
0.337337 0.114448
0.339339 0.11613
0.341341 0.117821
0.343343 0.119521
0.345345 0.12123
0.347347 0.122948
0.349349 0.124674
0.351351 0.12641
0.353353 0.128155
0.355355 0.129908
0.357357 0.13167
0.359359 0.133441
0.361361 0.135221
0.363363 0.137009
0.365365 0.138806
0.367367 0.140612
0.369369 0.142426
0.371371 0.144249
0.373373 0.146081
0.375375 0.147921
0.377377 0.14977
0.379379 0.151627
0.381381 0.153492
0.383383 0.155366
0.385385 0.157249
0.387387 0.15914
0.389389 0.161039
0.391391 0.162946
0.393393 0.164862
0.395395 0.166786
0.397397 0.168719
0.399399 0.170659
0.401401 0.172608
0.403403 0.174565
0.405405 0.17653
0.407407 0.178504
0.409409 0.180485
0.411411 0.182474
0.413413 0.184472
0.415415 0.186477
0.417417 0.188491
0.419419 0.190512
0.421421 0.192541
0.423423 0.194578
0.425425 0.196623
0.427427 0.198676
0.429429 0.200737
0.431431 0.202806
0.433433 0.204882
0.435435 0.206966
0.437437 0.209057
0.439439 0.211157
0.441441 0.213264
0.443443 0.215378
0.445445 0.217501
0.447447 0.219631
0.449449 0.221768
0.451451 0.223913
0.453453 0.226065
0.455455 0.228225
0.457457 0.230392
0.459459 0.232567
0.461461 0.234749
0.463463 0.236938
0.465465 0.239135
0.467467 0.241339
0.469469 0.24355
0.471471 0.245769
0.473473 0.247994
0.475475 0.250227
0.477477 0.252467
0.479479 0.254715
0.481481 0.256969
0.483483 0.25923
0.485485 0.261499
0.487487 0.263774
0.489489 0.266057
0.491491 0.268346
0.493493 0.270642
0.495495 0.272946
0.497497 0.275256
0.499499 0.277573
0.501502 0.279897
0.503504 0.282227
0.505506 0.284565
0.507508 0.286909
0.50951 0.28926
0.511512 0.291617
0.513514 0.293982
0.515516 0.296353
0.517518 0.29873
0.51952 0.301114
0.521522 0.303505
0.523524 0.305902
0.525526 0.308306
0.527528 0.310716
0.52953 0.313133
0.531532 0.315556
0.533534 0.317985
0.535536 0.320421
0.537538 0.322863
0.53954 0.325311
0.541542 0.327766
0.543544 0.330227
0.545546 0.332694
0.547548 0.335168
0.54955 0.337647
0.551552 0.340133
0.553554 0.342625
0.555556 0.345123
0.557558 0.347627
0.55956 0.350137
0.561562 0.352653
0.563564 0.355175
0.565566 0.357703
0.567568 0.360237
0.56957 0.362777
0.571572 0.365323
0.573574 0.367874
0.575576 0.370432
0.577578 0.372995
0.57958 0.375564
0.581582 0.378138
0.583584 0.380719
0.585586 0.383305
0.587588 0.385897
0.58959 0.388494
0.591592 0.391097
0.593594 0.393706
0.595596 0.39632
0.597598 0.398939
0.5996 0.401564
0.601602 0.404195
0.603604 0.406831
0.605606 0.409472
0.607608 0.412119
0.60961 0.414771
0.611612 0.417429
0.613614 0.420092
0.615616 0.42276
0.617618 0.425433
0.61962 0.428112
0.621622 0.430795
0.623624 0.433484
0.625626 0.436178
0.627628 0.438877
0.62963 0.441581
0.631632 0.444291
0.633634 0.447005
0.635636 0.449724
0.637638 0.452449
0.63964 0.455178
0.641642 0.457912
0.643644 0.460651
0.645646 0.463395
0.647648 0.466144
0.64965 0.468897
0.651652 0.471655
0.653654 0.474419
0.655656 0.477186
0.657658 0.479959
0.65966 0.482736
0.661662 0.485518
0.663664 0.488304
0.665666 0.491095
0.667668 0.493891
0.66967 0.496691
0.671672 0.499496
0.673674 0.502305
0.675676 0.505118
0.677678 0.507936
0.67968 0.510759
0.681682 0.513585
0.683684 0.516417
0.685686 0.519252
0.687688 0.522092
0.68969 0.524936
0.691692 0.527784
0.693694 0.530636
0.695696 0.533493
0.697698 0.536354
0.6997 0.539219
0.701702 0.542088
0.703704 0.544961
0.705706 0.547838
0.707708 0.550719
0.70971 0.553604
0.711712 0.556493
0.713714 0.559386
0.715716 0.562283
0.717718 0.565184
0.71972 0.568088
0.721722 0.570997
0.723724 0.573909
0.725726 0.576825
0.727728 0.579745
0.72973 0.582668
0.731732 0.585596
0.733734 0.588526
0.735736 0.591461
0.737738 0.594399
0.73974 0.597341
0.741742 0.600286
0.743744 0.603235
0.745746 0.606187
0.747748 0.609143
0.74975 0.612102
0.751752 0.615064
0.753754 0.61803
0.755756 0.621
0.757758 0.623972
0.75976 0.626948
0.761762 0.629927
0.763764 0.63291
0.765766 0.635896
0.767768 0.638885
0.76977 0.641877
0.771772 0.644872
0.773774 0.64787
0.775776 0.650872
0.777778 0.653876
0.77978 0.656884
0.781782 0.659894
0.783784 0.662908
0.785786 0.665924
0.787788 0.668943
0.78979 0.671966
0.791792 0.674991
0.793794 0.678019
0.795796 0.68105
0.797798 0.684083
0.7998 0.68712
0.801802 0.690159
0.803804 0.693201
0.805806 0.696245
0.807808 0.699292
0.80981 0.702342
0.811812 0.705394
0.813814 0.708449
0.815816 0.711507
0.817818 0.714566
0.81982 0.717629
0.821822 0.720694
0.823824 0.723761
0.825826 0.726831
0.827828 0.729903
0.82983 0.732977
0.831832 0.736054
0.833834 0.739133
0.835836 0.742215
0.837838 0.745298
0.83984 0.748384
0.841842 0.751472
0.843844 0.754562
0.845846 0.757655
0.847848 0.760749
0.84985 0.763845
0.851852 0.766944
0.853854 0.770044
0.855856 0.773147
0.857858 0.776251
0.85986 0.779358
0.861862 0.782466
0.863864 0.785576
0.865866 0.788689
0.867868 0.791803
0.86987 0.794918
0.871872 0.798036
0.873874 0.801155
0.875876 0.804276
0.877878 0.807399
0.87988 0.810523
0.881882 0.813649
0.883884 0.816777
0.885886 0.819906
0.887888 0.823036
0.88989 0.826169
0.891892 0.829302
0.893894 0.832438
0.895896 0.835574
0.897898 0.838712
0.8999 0.841852
0.901902 0.844993
0.903904 0.848135
0.905906 0.851279
0.907908 0.854423
0.90991 0.857569
0.911912 0.860717
0.913914 0.863865
0.915916 0.867015
0.917918 0.870166
0.91992 0.873318
0.921922 0.876471
0.923924 0.879625
0.925926 0.88278
0.927928 0.885936
0.92993 0.889093
0.931932 0.892251
0.933934 0.89541
0.935936 0.89857
0.937938 0.901731
0.93994 0.904893
0.941942 0.908055
0.943944 0.911218
0.945946 0.914382
0.947948 0.917547
0.94995 0.920713
0.951952 0.923879
0.953954 0.927045
0.955956 0.930213
0.957958 0.933381
0.95996 0.93655
0.961962 0.939719
0.963964 0.942888
0.965966 0.946059
0.967968 0.949229
0.96997 0.9524
0.971972 0.955572
0.973974 0.958744
0.975976 0.961916
0.977978 0.965088
0.97998 0.968261
0.981982 0.971434
0.983984 0.974608
0.985986 0.977781
0.987988 0.980955
0.98999 0.984129
0.991992 0.987303
0.993994 0.990477
0.995996 0.993651
0.997998 0.996826
1 1
