-1 1
-0.997998 0.996033
-0.995996 0.992066
-0.993994 0.9881
-0.991992 0.984137
-0.98999 0.980176
-0.987988 0.976218
-0.985986 0.972264
-0.983984 0.968315
-0.981982 0.964371
-0.97998 0.960432
-0.977978 0.9565
-0.975976 0.952576
-0.973974 0.948659
-0.971972 0.94475
-0.96997 0.940851
-0.967968 0.936961
-0.965966 0.93308
-0.963964 0.929209
-0.961962 0.925349
-0.95996 0.921498
-0.957958 0.917656
-0.955956 0.913824
-0.953954 0.910001
-0.951952 0.906187
-0.94995 0.902382
-0.947948 0.898585
-0.945946 0.894797
-0.943944 0.891017
-0.941942 0.887246
-0.93994 0.883482
-0.937938 0.879725
-0.935936 0.875977
-0.933934 0.872236
-0.931932 0.868502
-0.92993 0.864776
-0.927928 0.861057
-0.925926 0.857346
-0.923924 0.853643
-0.921922 0.849947
-0.91992 0.846259
-0.917918 0.842579
-0.915916 0.838907
-0.913914 0.835243
-0.911912 0.831587
-0.90991 0.827938
-0.907908 0.824298
-0.905906 0.820666
-0.903904 0.817042
-0.901902 0.813426
-0.8999 0.809818
-0.897898 0.806219
-0.895896 0.802628
-0.893894 0.799044
-0.891892 0.795469
-0.88989 0.791902
-0.887888 0.788343
-0.885886 0.784792
-0.883884 0.781249
-0.881882 0.777715
-0.87988 0.774188
-0.877878 0.770669
-0.875876 0.767158
-0.873874 0.763655
-0.871872 0.760161
-0.86987 0.756674
-0.867868 0.753195
-0.865866 0.749724
-0.863864 0.746261
-0.861862 0.742806
-0.85986 0.73936
-0.857858 0.735921
-0.855856 0.73249
-0.853854 0.729067
-0.851852 0.725652
-0.84985 0.722245
-0.847848 0.718846
-0.845846 0.715455
-0.843844 0.712073
-0.841842 0.708698
-0.83984 0.705331
-0.837838 0.701972
-0.835836 0.698621
-0.833834 0.695279
-0.831832 0.691944
-0.82983 0.688617
-0.827828 0.685299
-0.825826 0.681988
-0.823824 0.678686
-0.821822 0.675391
-0.81982 0.672104
-0.817818 0.668826
-0.815816 0.665555
-0.813814 0.662293
-0.811812 0.659038
-0.80981 0.655792
-0.807808 0.652553
-0.805806 0.649323
-0.803804 0.646101
-0.801802 0.642886
-0.7998 0.63968
-0.797798 0.636481
-0.795796 0.633291
-0.793794 0.630109
-0.791792 0.626934
-0.78979 0.623768
-0.787788 0.62061
-0.785786 0.617459
-0.783784 0.614317
-0.781782 0.611183
-0.77978 0.608057
-0.777778 0.604938
-0.775776 0.601828
-0.773774 0.598726
-0.771772 0.595632
-0.76977 0.592545
-0.767768 0.589467
-0.765766 0.586397
-0.763764 0.583335
-0.761762 0.580281
-0.75976 0.577235
-0.757758 0.574197
-0.755756 0.571167
-0.753754 0.568145
-0.751752 0.565131
-0.74975 0.562125
-0.747748 0.559127
-0.745746 0.556137
-0.743744 0.553155
-0.741742 0.550181
-0.73974 0.547215
-0.737738 0.544257
-0.735736 0.541307
-0.733734 0.538365
-0.731732 0.535431
-0.72973 0.532505
-0.727728 0.529588
-0.725726 0.526678
-0.723724 0.523776
-0.721722 0.520882
-0.71972 0.517996
-0.717718 0.515119
-0.715716 0.512249
-0.713714 0.509387
-0.711712 0.506534
-0.70971 0.503688
-0.707708 0.50085
-0.705706 0.498021
-0.703704 0.495199
-0.701702 0.492385
-0.6997 0.48958
-0.697698 0.486782
-0.695696 0.483993
-0.693694 0.481211
-0.691692 0.478437
-0.68969 0.475672
-0.687688 0.472914
-0.685686 0.470165
-0.683684 0.467423
-0.681682 0.46469
-0.67968 0.461964
-0.677678 0.459247
-0.675676 0.456538
-0.673674 0.453836
-0.671672 0.451143
-0.66967 0.448457
-0.667668 0.44578
-0.665666 0.443111
-0.663664 0.440449
-0.661662 0.437796
-0.65966 0.435151
-0.657658 0.432514
-0.655656 0.429884
-0.653654 0.427263
-0.651652 0.42465
-0.64965 0.422045
-0.647648 0.419447
-0.645646 0.416858
-0.643644 0.414277
-0.641642 0.411704
-0.63964 0.409139
-0.637638 0.406582
-0.635636 0.404033
-0.633634 0.401492
-0.631632 0.398959
-0.62963 0.396433
-0.627628 0.393916
-0.625626 0.391407
-0.623624 0.388906
-0.621622 0.386413
-0.61962 0.383928
-0.617618 0.381452
-0.615616 0.378983
-0.613614 0.376522
-0.611612 0.374069
-0.60961 0.371624
-0.607608 0.369187
-0.605606 0.366758
-0.603604 0.364337
-0.601602 0.361924
-0.5996 0.35952
-0.597598 0.357123
-0.595596 0.354734
-0.593594 0.352353
-0.591592 0.349981
-0.58959 0.347616
-0.587588 0.345259
-0.585586 0.34291
-0.583584 0.34057
-0.581582 0.338237
-0.57958 0.335912
-0.577578 0.333596
-0.575576 0.331287
-0.573574 0.328987
-0.571572 0.326694
-0.56957 0.324409
-0.567568 0.322133
-0.565566 0.319864
-0.563564 0.317604
-0.561562 0.315351
-0.55956 0.313107
-0.557558 0.31087
-0.555556 0.308642
-0.553554 0.306422
-0.551552 0.304209
-0.54955 0.302005
-0.547548 0.299808
-0.545546 0.29762
-0.543544 0.29544
-0.541542 0.293267
-0.53954 0.291103
-0.537538 0.288947
-0.535536 0.286798
-0.533534 0.284658
-0.531532 0.282526
-0.52953 0.280402
-0.527528 0.278285
-0.525526 0.276177
-0.523524 0.274077
-0.521522 0.271985
-0.51952 0.269901
-0.517518 0.267824
-0.515516 0.265756
-0.513514 0.263696
-0.511512 0.261644
-0.50951 0.2596
-0.507508 0.257564
-0.505506 0.255536
-0.503504 0.253516
-0.501502 0.251504
-0.499499 0.2495
-0.497497 0.247504
-0.495495 0.245516
-0.493493 0.243536
-0.491491 0.241564
-0.489489 0.2396
-0.487487 0.237644
-0.485485 0.235696
-0.483483 0.233756
-0.481481 0.231824
-0.479479 0.229901
-0.477477 0.227985
-0.475475 0.226077
-0.473473 0.224177
-0.471471 0.222285
-0.469469 0.220402
-0.467467 0.218526
-0.465465 0.216658
-0.463463 0.214798
-0.461461 0.212947
-0.459459 0.211103
-0.457457 0.209267
-0.455455 0.20744
-0.453453 0.20562
-0.451451 0.203808
-0.449449 0.202005
-0.447447 0.200209
-0.445445 0.198422
-0.443443 0.196642
-0.441441 0.194871
-0.439439 0.193107
-0.437437 0.191352
-0.435435 0.189604
-0.433433 0.187865
-0.431431 0.186133
-0.429429 0.18441
-0.427427 0.182694
-0.425425 0.180987
-0.423423 0.179287
-0.421421 0.177596
-0.419419 0.175913
-0.417417 0.174237
-0.415415 0.17257
-0.413413 0.170911
-0.411411 0.169259
-0.409409 0.167616
-0.407407 0.165981
-0.405405 0.164354
-0.403403 0.162734
-0.401401 0.161123
-0.399399 0.15952
-0.397397 0.157925
-0.395395 0.156338
-0.393393 0.154758
-0.391391 0.153187
-0.389389 0.151624
-0.387387 0.150069
-0.385385 0.148522
-0.383383 0.146983
-0.381381 0.145452
-0.379379 0.143929
-0.377377 0.142414
-0.375375 0.140907
-0.373373 0.139408
-0.371371 0.137917
-0.369369 0.136434
-0.367367 0.134959
-0.365365 0.133492
-0.363363 0.132033
-0.361361 0.130582
-0.359359 0.129139
-0.357357 0.127704
-0.355355 0.126277
-0.353353 0.124859
-0.351351 0.123448
-0.349349 0.122045
-0.347347 0.12065
-0.345345 0.119263
-0.343343 0.117885
-0.341341 0.116514
-0.339339 0.115151
-0.337337 0.113796
-0.335335 0.11245
-0.333333 0.111111
-0.331331 0.10978
-0.329329 0.108458
-0.327327 0.107143
-0.325325 0.105837
-0.323323 0.104538
-0.321321 0.103247
-0.319319 0.101965
-0.317317 0.10069
-0.315315 0.0994237
-0.313313 0.0981652
-0.311311 0.0969147
-0.309309 0.0956722
-0.307307 0.0944378
-0.305305 0.0932113
-0.303303 0.0919929
-0.301301 0.0907825
-0.299299 0.0895801
-0.297297 0.0883857
-0.295295 0.0871993
-0.293293 0.086021
-0.291291 0.0848506
-0.289289 0.0836883
-0.287287 0.082534
-0.285285 0.0813877
-0.283283 0.0802494
-0.281281 0.0791192
-0.279279 0.0779969
-0.277277 0.0768827
-0.275275 0.0757765
-0.273273 0.0746783
-0.271271 0.0735881
-0.269269 0.0725059
-0.267267 0.0714318
-0.265265 0.0703657
-0.263263 0.0693075
-0.261261 0.0682574
-0.259259 0.0672154
-0.257257 0.0661813
-0.255255 0.0651552
-0.253253 0.0641372
-0.251251 0.0631272
-0.249249 0.0621252
-0.247247 0.0611312
-0.245245 0.0601452
-0.243243 0.0591673
-0.241241 0.0581973
-0.239239 0.0572354
-0.237237 0.0562815
-0.235235 0.0553356
-0.233233 0.0543977
-0.231231 0.0534679
-0.229229 0.052546
-0.227227 0.0516322
-0.225225 0.0507264
-0.223223 0.0498286
-0.221221 0.0489388
-0.219219 0.0480571
-0.217217 0.0471833
-0.215215 0.0463176
-0.213213 0.0454599
-0.211211 0.0446102
-0.209209 0.0437685
-0.207207 0.0429348
-0.205205 0.0421092
-0.203203 0.0412915
-0.201201 0.0404819
-0.199199 0.0396803
-0.197197 0.0388867
-0.195195 0.0381012
-0.193193 0.0373236
-0.191191 0.0365541
-0.189189 0.0357925
-0.187187 0.035039
-0.185185 0.0342936
-0.183183 0.0335561
-0.181181 0.0328266
-0.179179 0.0321052
-0.177177 0.0313918
-0.175175 0.0306863
-0.173173 0.0299889
-0.171171 0.0292996
-0.169169 0.0286182
-0.167167 0.0279449
-0.165165 0.0272795
-0.163163 0.0266222
-0.161161 0.0259729
-0.159159 0.0253316
-0.157157 0.0246984
-0.155155 0.0240731
-0.153153 0.0234559
-0.151151 0.0228467
-0.149149 0.0222455
-0.147147 0.0216523
-0.145145 0.0210671
-0.143143 0.02049
-0.141141 0.0199208
-0.139139 0.0193597
-0.137137 0.0188066
-0.135135 0.0182615
-0.133133 0.0177244
-0.131131 0.0171954
-0.129129 0.0166743
-0.127127 0.0161613
-0.125125 0.0156563
-0.123123 0.0151593
-0.121121 0.0146703
-0.119119 0.0141894
-0.117117 0.0137164
-0.115115 0.0132515
-0.113113 0.0127946
-0.111111 0.0123457
-0.109109 0.0119048
-0.107107 0.0114719
-0.105105 0.0110471
-0.103103 0.0106302
-0.101101 0.0102214
-0.0990991 0.00982063
-0.0970971 0.00942785
-0.0950951 0.00904308
-0.0930931 0.00866632
-0.0910911 0.00829759
-0.0890891 0.00793687
-0.0870871 0.00758416
-0.0850851 0.00723947
-0.0830831 0.0069028
-0.0810811 0.00657414
-0.0790791 0.0062535
-0.0770771 0.00594088
-0.0750751 0.00563627
-0.0730731 0.00533967
-0.0710711 0.0050511
-0.0690691 0.00477054
-0.0670671 0.00449799
-0.0650651 0.00423346
-0.0630631 0.00397695
-0.0610611 0.00372845
-0.0590591 0.00348797
-0.0570571 0.00325551
-0.0550551 0.00303106
-0.0530531 0.00281463
-0.0510511 0.00260621
-0.049049 0.00240581
-0.047047 0.00221342
-0.045045 0.00202906
-0.043043 0.0018527
-0.041041 0.00168437
-0.039039 0.00152405
-0.037037 0.00137174
-0.035035 0.00122745
-0.033033 0.00109118
-0.031031 0.000962925
-0.029029 0.000842685
-0.027027 0.00073046
-0.025025 0.000626252
-0.023023 0.00053006
-0.021021 0.000441883
-0.019019 0.000361723
-0.017017 0.000289579
-0.015015 0.000225451
-0.013013 0.000169339
-0.011011 0.000121242
-0.00900901 8.11622e-05
-0.00700701 4.90981e-05
-0.00500501 2.50501e-05
-0.003003 9.01803e-06
-0.001001 1.002e-06
0.001001 1.002e-06
0.003003 9.01803e-06
0.00500501 2.50501e-05
0.00700701 4.90981e-05
0.00900901 8.11622e-05
0.011011 0.000121242
0.013013 0.000169339
0.015015 0.000225451
0.017017 0.000289579
0.019019 0.000361723
0.021021 0.000441883
0.023023 0.00053006
0.025025 0.000626252
0.027027 0.00073046
0.029029 0.000842685
0.031031 0.000962925
0.033033 0.00109118
0.035035 0.00122745
0.037037 0.00137174
0.039039 0.00152405
0.041041 0.00168437
0.043043 0.0018527
0.045045 0.00202906
0.047047 0.00221342
0.049049 0.00240581
0.0510511 0.00260621
0.0530531 0.00281463
0.0550551 0.00303106
0.0570571 0.00325551
0.0590591 0.00348797
0.0610611 0.00372845
0.0630631 0.00397695
0.0650651 0.00423346
0.0670671 0.00449799
0.0690691 0.00477054
0.0710711 0.0050511
0.0730731 0.00533967
0.0750751 0.00563627
0.0770771 0.00594088
0.0790791 0.0062535
0.0810811 0.00657414
0.0830831 0.0069028
0.0850851 0.00723947
0.0870871 0.00758416
0.0890891 0.00793687
0.0910911 0.00829759
0.0930931 0.00866632
0.0950951 0.00904308
0.0970971 0.00942785
0.0990991 0.00982063
0.101101 0.0102214
0.103103 0.0106302
0.105105 0.0110471
0.107107 0.0114719
0.109109 0.0119048
0.111111 0.0123457
0.113113 0.0127946
0.115115 0.0132515
0.117117 0.0137164
0.119119 0.0141894
0.121121 0.0146703
0.123123 0.0151593
0.125125 0.0156563
0.127127 0.0161613
0.129129 0.0166743
0.131131 0.0171954
0.133133 0.0177244
0.135135 0.0182615
0.137137 0.0188066
0.139139 0.0193597
0.141141 0.0199208
0.143143 0.02049
0.145145 0.0210671
0.147147 0.0216523
0.149149 0.0222455
0.151151 0.0228467
0.153153 0.0234559
0.155155 0.0240731
0.157157 0.0246984
0.159159 0.0253316
0.161161 0.0259729
0.163163 0.0266222
0.165165 0.0272795
0.167167 0.0279449
0.169169 0.0286182
0.171171 0.0292996
0.173173 0.0299889
0.175175 0.0306863
0.177177 0.0313918
0.179179 0.0321052
0.181181 0.0328266
0.183183 0.0335561
0.185185 0.0342936
0.187187 0.035039
0.189189 0.0357925
0.191191 0.0365541
0.193193 0.0373236
0.195195 0.0381012
0.197197 0.0388867
0.199199 0.0396803
0.201201 0.0404819
0.203203 0.0412915
0.205205 0.0421092
0.207207 0.0429348
0.209209 0.0437685
0.211211 0.0446102
0.213213 0.0454599
0.215215 0.0463176
0.217217 0.0471833
0.219219 0.0480571
0.221221 0.0489388
0.223223 0.0498286
0.225225 0.0507264
0.227227 0.0516322
0.229229 0.052546
0.231231 0.0534679
0.233233 0.0543977
0.235235 0.0553356
0.237237 0.0562815
0.239239 0.0572354
0.241241 0.0581973
0.243243 0.0591673
0.245245 0.0601452
0.247247 0.0611312
0.249249 0.0621252
0.251251 0.0631272
0.253253 0.0641372
0.255255 0.0651552
0.257257 0.0661813
0.259259 0.0672154
0.261261 0.0682574
0.263263 0.0693075
0.265265 0.0703657
0.267267 0.0714318
0.269269 0.0725059
0.271271 0.0735881
0.273273 0.0746783
0.275275 0.0757765
0.277277 0.0768827
0.279279 0.0779969
0.281281 0.0791192
0.283283 0.0802494
0.285285 0.0813877
0.287287 0.082534
0.289289 0.0836883
0.291291 0.0848506
0.293293 0.086021
0.295295 0.0871993
0.297297 0.0883857
0.299299 0.0895801
0.301301 0.0907825
0.303303 0.0919929
0.305305 0.0932113
0.307307 0.0944378
0.309309 0.0956722
0.311311 0.0969147
0.313313 0.0981652
0.315315 0.0994237
0.317317 0.10069
0.319319 0.101965
0.321321 0.103247
0.323323 0.104538
0.325325 0.105837
0.327327 0.107143
0.329329 0.108458
0.331331 0.10978
0.333333 0.111111
0.335335 0.11245
0.337337 0.113796
0.339339 0.115151
0.341341 0.116514
0.343343 0.117885
0.345345 0.119263
0.347347 0.12065
0.349349 0.122045
0.351351 0.123448
0.353353 0.124859
0.355355 0.126277
0.357357 0.127704
0.359359 0.129139
0.361361 0.130582
0.363363 0.132033
0.365365 0.133492
0.367367 0.134959
0.369369 0.136434
0.371371 0.137917
0.373373 0.139408
0.375375 0.140907
0.377377 0.142414
0.379379 0.143929
0.381381 0.145452
0.383383 0.146983
0.385385 0.148522
0.387387 0.150069
0.389389 0.151624
0.391391 0.153187
0.393393 0.154758
0.395395 0.156338
0.397397 0.157925
0.399399 0.15952
0.401401 0.161123
0.403403 0.162734
0.405405 0.164354
0.407407 0.165981
0.409409 0.167616
0.411411 0.169259
0.413413 0.170911
0.415415 0.17257
0.417417 0.174237
0.419419 0.175913
0.421421 0.177596
0.423423 0.179287
0.425425 0.180987
0.427427 0.182694
0.429429 0.18441
0.431431 0.186133
0.433433 0.187865
0.435435 0.189604
0.437437 0.191352
0.439439 0.193107
0.441441 0.194871
0.443443 0.196642
0.445445 0.198422
0.447447 0.200209
0.449449 0.202005
0.451451 0.203808
0.453453 0.20562
0.455455 0.20744
0.457457 0.209267
0.459459 0.211103
0.461461 0.212947
0.463463 0.214798
0.465465 0.216658
0.467467 0.218526
0.469469 0.220402
0.471471 0.222285
0.473473 0.224177
0.475475 0.226077
0.477477 0.227985
0.479479 0.229901
0.481481 0.231824
0.483483 0.233756
0.485485 0.235696
0.487487 0.237644
0.489489 0.2396
0.491491 0.241564
0.493493 0.243536
0.495495 0.245516
0.497497 0.247504
0.499499 0.2495
0.501502 0.251504
0.503504 0.253516
0.505506 0.255536
0.507508 0.257564
0.50951 0.2596
0.511512 0.261644
0.513514 0.263696
0.515516 0.265756
0.517518 0.267824
0.51952 0.269901
0.521522 0.271985
0.523524 0.274077
0.525526 0.276177
0.527528 0.278285
0.52953 0.280402
0.531532 0.282526
0.533534 0.284658
0.535536 0.286798
0.537538 0.288947
0.53954 0.291103
0.541542 0.293267
0.543544 0.29544
0.545546 0.29762
0.547548 0.299808
0.54955 0.302005
0.551552 0.304209
0.553554 0.306422
0.555556 0.308642
0.557558 0.31087
0.55956 0.313107
0.561562 0.315351
0.563564 0.317604
0.565566 0.319864
0.567568 0.322133
0.56957 0.324409
0.571572 0.326694
0.573574 0.328987
0.575576 0.331287
0.577578 0.333596
0.57958 0.335912
0.581582 0.338237
0.583584 0.34057
0.585586 0.34291
0.587588 0.345259
0.58959 0.347616
0.591592 0.349981
0.593594 0.352353
0.595596 0.354734
0.597598 0.357123
0.5996 0.35952
0.601602 0.361924
0.603604 0.364337
0.605606 0.366758
0.607608 0.369187
0.60961 0.371624
0.611612 0.374069
0.613614 0.376522
0.615616 0.378983
0.617618 0.381452
0.61962 0.383928
0.621622 0.386413
0.623624 0.388906
0.625626 0.391407
0.627628 0.393916
0.62963 0.396433
0.631632 0.398959
0.633634 0.401492
0.635636 0.404033
0.637638 0.406582
0.63964 0.409139
0.641642 0.411704
0.643644 0.414277
0.645646 0.416858
0.647648 0.419447
0.64965 0.422045
0.651652 0.42465
0.653654 0.427263
0.655656 0.429884
0.657658 0.432514
0.65966 0.435151
0.661662 0.437796
0.663664 0.440449
0.665666 0.443111
0.667668 0.44578
0.66967 0.448457
0.671672 0.451143
0.673674 0.453836
0.675676 0.456538
0.677678 0.459247
0.67968 0.461964
0.681682 0.46469
0.683684 0.467423
0.685686 0.470165
0.687688 0.472914
0.68969 0.475672
0.691692 0.478437
0.693694 0.481211
0.695696 0.483993
0.697698 0.486782
0.6997 0.48958
0.701702 0.492385
0.703704 0.495199
0.705706 0.498021
0.707708 0.50085
0.70971 0.503688
0.711712 0.506534
0.713714 0.509387
0.715716 0.512249
0.717718 0.515119
0.71972 0.517996
0.721722 0.520882
0.723724 0.523776
0.725726 0.526678
0.727728 0.529588
0.72973 0.532505
0.731732 0.535431
0.733734 0.538365
0.735736 0.541307
0.737738 0.544257
0.73974 0.547215
0.741742 0.550181
0.743744 0.553155
0.745746 0.556137
0.747748 0.559127
0.74975 0.562125
0.751752 0.565131
0.753754 0.568145
0.755756 0.571167
0.757758 0.574197
0.75976 0.577235
0.761762 0.580281
0.763764 0.583335
0.765766 0.586397
0.767768 0.589467
0.76977 0.592545
0.771772 0.595632
0.773774 0.598726
0.775776 0.601828
0.777778 0.604938
0.77978 0.608057
0.781782 0.611183
0.783784 0.614317
0.785786 0.617459
0.787788 0.62061
0.78979 0.623768
0.791792 0.626934
0.793794 0.630109
0.795796 0.633291
0.797798 0.636481
0.7998 0.63968
0.801802 0.642886
0.803804 0.646101
0.805806 0.649323
0.807808 0.652553
0.80981 0.655792
0.811812 0.659038
0.813814 0.662293
0.815816 0.665555
0.817818 0.668826
0.81982 0.672104
0.821822 0.675391
0.823824 0.678686
0.825826 0.681988
0.827828 0.685299
0.82983 0.688617
0.831832 0.691944
0.833834 0.695279
0.835836 0.698621
0.837838 0.701972
0.83984 0.705331
0.841842 0.708698
0.843844 0.712073
0.845846 0.715455
0.847848 0.718846
0.84985 0.722245
0.851852 0.725652
0.853854 0.729067
0.855856 0.73249
0.857858 0.735921
0.85986 0.739359
0.861862 0.742806
0.863864 0.746261
0.865866 0.749724
0.867868 0.753195
0.86987 0.756674
0.871872 0.760161
0.873874 0.763655
0.875876 0.767158
0.877878 0.770669
0.87988 0.774188
0.881882 0.777715
0.883884 0.781249
0.885886 0.784792
0.887888 0.788343
0.88989 0.791902
0.891892 0.795469
0.893894 0.799044
0.895896 0.802628
0.897898 0.806219
0.8999 0.809819
0.901902 0.813426
0.903904 0.817042
0.905906 0.820666
0.907908 0.824298
0.90991 0.827938
0.911912 0.831586
0.913914 0.835243
0.915916 0.838907
0.917918 0.842579
0.91992 0.846259
0.921922 0.849947
0.923924 0.853643
0.925926 0.857346
0.927928 0.861057
0.92993 0.864775
0.931932 0.868502
0.933934 0.872236
0.935936 0.875977
0.937938 0.879726
0.93994 0.883482
0.941942 0.887246
0.943944 0.891018
0.945946 0.894798
0.947948 0.898586
0.94995 0.902383
0.951952 0.906188
0.953954 0.910002
0.955956 0.913825
0.957958 0.917657
0.95996 0.921499
0.961962 0.92535
0.963964 0.92921
0.965966 0.93308
0.967968 0.936961
0.96997 0.940851
0.971972 0.944751
0.973974 0.94866
0.975976 0.952577
0.977978 0.956502
0.97998 0.960434
0.981982 0.964372
0.983984 0.968316
0.985986 0.972265
0.987988 0.976219
0.98999 0.980177
0.991992 0.984138
0.993994 0.988101
0.995996 0.992066
0.997998 0.996033
1 1
