-0.997362 0.994731
-0.997342 0.994692
-0.997313 0.994633
-0.997274 0.994555
-0.997224 0.994457
-0.997165 0.994339
-0.997097 0.994202
-0.997018 0.994046
-0.996929 0.993869
-0.996831 0.993673
-0.996723 0.993458
-0.996605 0.993223
-0.996477 0.992968
-0.996339 0.992694
-0.996192 0.9924
-0.996035 0.992087
-0.995867 0.991754
-0.995691 0.991402
-0.995504 0.99103
-0.995307 0.990639
-0.995101 0.990228
-0.994885 0.989798
-0.994659 0.989348
-0.994423 0.988878
-0.994177 0.98839
-0.993922 0.987882
-0.993656 0.987354
-0.993381 0.986807
-0.993097 0.986241
-0.992802 0.985656
-0.992497 0.985051
-0.992183 0.984427
-0.991859 0.983785
-0.991526 0.983122
-0.991182 0.982441
-0.990829 0.981741
-0.990466 0.981022
-0.990093 0.980283
-0.98971 0.979526
-0.989318 0.978749
-0.988916 0.977954
-0.988504 0.977139
-0.988082 0.976306
-0.987651 0.975454
-0.987209 0.974582
-0.986759 0.973693
-0.986298 0.972784
-0.985828 0.971856
-0.985348 0.97091
-0.984858 0.969946
-0.984358 0.968962
-0.983849 0.96796
-0.98333 0.96694
-0.982802 0.9659
-0.982263 0.964843
-0.981716 0.963767
-0.981158 0.962672
-0.980591 0.961559
-0.980014 0.960428
-0.979427 0.959278
-0.978831 0.95811
-0.978225 0.956924
-0.977609 0.95572
-0.976984 0.954498
-0.976349 0.953257
-0.975704 0.951999
-0.97505 0.950723
-0.974387 0.94943
-0.973713 0.948118
-0.97303 0.946789
-0.972338 0.945441
-0.971636 0.944076
-0.970924 0.942694
-0.970202 0.941294
-0.969472 0.939876
-0.968731 0.938441
-0.967981 0.936988
-0.967222 0.935518
-0.966453 0.934031
-0.965674 0.932526
-0.964886 0.931005
-0.964088 0.929466
-0.963281 0.927911
-0.962464 0.926339
-0.961638 0.924749
-0.960803 0.923143
-0.959958 0.92152
-0.959103 0.91988
-0.958239 0.918223
-0.957366 0.91655
-0.956483 0.91486
-0.95559 0.913154
-0.954688 0.911431
-0.953777 0.909692
-0.952857 0.907936
-0.951927 0.906165
-0.950987 0.904377
-0.950039 0.902574
-0.94908 0.900754
-0.948113 0.898919
-0.947136 0.897068
-0.94615 0.895201
-0.945154 0.893318
-0.94415 0.89142
-0.943135 0.889506
-0.942112 0.887577
-0.941079 0.885632
-0.940037 0.883671
-0.938986 0.881696
-0.937925 0.879705
-0.936856 0.877699
-0.935777 0.875678
-0.934688 0.873643
-0.933591 0.871592
-0.932484 0.869528
-0.931368 0.867448
-0.930243 0.865354
-0.929109 0.863245
-0.927966 0.861122
-0.926813 0.858984
-0.925651 0.856832
-0.924481 0.854666
-0.923301 0.852485
-0.922112 0.850291
-0.920913 0.848083
-0.919706 0.84586
-0.91849 0.843624
-0.917265 0.841374
-0.91603 0.839111
-0.914787 0.836835
-0.913534 0.834546
-0.912273 0.832243
-0.911002 0.829927
-0.909723 0.827597
-0.908434 0.825255
-0.907137 0.822899
-0.905831 0.820531
-0.904515 0.81815
-0.903191 0.815756
-0.901858 0.813349
-0.900516 0.81093
-0.899165 0.808499
-0.897806 0.806055
-0.896437 0.803599
-0.89506 0.801132
-0.893673 0.798653
-0.892278 0.796162
-0.890874 0.793658
-0.889462 0.791144
-0.88804 0.788617
-0.88661 0.786079
-0.885171 0.78353
-0.883723 0.780969
-0.882267 0.778397
-0.880802 0.775814
-0.879328 0.773219
-0.877846 0.770614
-0.876355 0.767998
-0.874855 0.765371
-0.873347 0.762734
-0.87183 0.760087
-0.870304 0.75743
-0.86877 0.754762
-0.867227 0.752084
-0.865676 0.749396
-0.864116 0.746698
-0.862548 0.74399
-0.860971 0.741273
-0.859385 0.738545
-0.857792 0.735808
-0.856189 0.733062
-0.854578 0.730306
-0.852959 0.727541
-0.851332 0.724766
-0.849696 0.721983
-0.848051 0.719192
-0.846399 0.716392
-0.844738 0.713583
-0.843068 0.710766
-0.84139 0.70794
-0.839704 0.705106
-0.83801 0.702263
-0.836308 0.699412
-0.834597 0.696554
-0.832878 0.693687
-0.83115 0.690813
-0.829415 0.687931
-0.827671 0.685041
-0.82592 0.682144
-0.82416 0.679239
-0.822392 0.676328
-0.820615 0.67341
-0.818831 0.670485
-0.817039 0.667554
-0.815238 0.664615
-0.81343 0.66167
-0.811613 0.658718
-0.809789 0.65576
-0.807956 0.652796
-0.806116 0.649825
-0.804267 0.646848
-0.802411 0.643865
-0.800547 0.640877
-0.798675 0.637882
-0.796795 0.634882
-0.794907 0.631877
-0.793011 0.628867
-0.791108 0.625852
-0.789196 0.622832
-0.787277 0.619807
-0.78535 0.616777
-0.783416 0.613742
-0.781473 0.610702
-0.779523 0.607658
-0.777565 0.60461
-0.7756 0.601557
-0.773627 0.5985
-0.771646 0.595439
-0.769658 0.592374
-0.767662 0.589305
-0.765658 0.586233
-0.763647 0.583157
-0.761629 0.580079
-0.759602 0.576997
-0.757569 0.573912
-0.755528 0.570824
-0.753479 0.567733
-0.751423 0.564639
-0.74936 0.561542
-0.747289 0.558443
-0.745211 0.555341
-0.743125 0.552237
-0.741033 0.549131
-0.738932 0.546023
-0.736825 0.542912
-0.73471 0.5398
-0.732588 0.536686
-0.730459 0.533571
-0.728323 0.530455
-0.726179 0.527338
-0.724029 0.524219
-0.721871 0.521099
-0.719706 0.517978
-0.717534 0.514857
-0.715354 0.511734
-0.713168 0.508611
-0.710975 0.505487
-0.708775 0.502363
-0.706567 0.499239
-0.704353 0.496115
-0.702132 0.49299
-0.699904 0.489866
-0.697669 0.486742
-0.695427 0.483619
-0.693178 0.480497
-0.690923 0.477375
-0.68866 0.474255
-0.686391 0.471134
-0.684115 0.468015
-0.681832 0.464897
-0.679543 0.46178
-0.677247 0.458665
-0.674944 0.455551
-0.672634 0.452438
-0.670318 0.449328
-0.667995 0.446219
-0.665666 0.443112
-0.66333 0.440007
-0.660987 0.436905
-0.658638 0.433806
-0.656283 0.430709
-0.653921 0.427614
-0.651553 0.424523
-0.649178 0.421434
-0.646796 0.418348
-0.644409 0.415265
-0.642015 0.412185
-0.639614 0.409109
-0.637208 0.406036
-0.634795 0.402966
-0.632376 0.3999
-0.62995 0.396838
-0.627519 0.39378
-0.625081 0.390726
-0.622637 0.387677
-0.620187 0.384633
-0.61773 0.381592
-0.615268 0.378556
-0.612799 0.375525
-0.610325 0.372499
-0.607844 0.369477
-0.605358 0.36646
-0.602865 0.363449
-0.600367 0.360442
-0.597863 0.357441
-0.595352 0.354446
-0.592836 0.351456
-0.590314 0.348471
-0.587786 0.345493
-0.585253 0.342521
-0.582713 0.339556
-0.580168 0.336596
-0.577617 0.333643
-0.575061 0.330697
-0.572499 0.327757
-0.569931 0.324823
-0.567357 0.321896
-0.564778 0.318976
-0.562193 0.316063
-0.559603 0.313157
-0.557007 0.310259
-0.554406 0.307367
-0.551799 0.304483
-0.549187 0.301607
-0.546569 0.298738
-0.543946 0.295878
-0.541318 0.293026
-0.538684 0.290182
-0.536045 0.287346
-0.533401 0.284518
-0.530751 0.281699
-0.528097 0.278888
-0.525437 0.276085
-0.522771 0.273292
-0.520101 0.270507
-0.517425 0.26773
-0.514745 0.264963
-0.512059 0.262205
-0.509368 0.259456
-0.506672 0.256717
-0.503972 0.253988
-0.501266 0.251268
-0.498555 0.248558
-0.495839 0.245858
-0.493119 0.243168
-0.490394 0.240488
-0.487663 0.237817
-0.484928 0.235157
-0.482188 0.232507
-0.479444 0.229868
-0.476694 0.227239
-0.47394 0.224621
-0.471182 0.222013
-0.468418 0.219416
-0.46565 0.21683
-0.462878 0.214256
-0.4601 0.211693
-0.457319 0.209141
-0.454532 0.206601
-0.451742 0.204072
-0.448946 0.201554
-0.446147 0.199049
-0.443343 0.196554
-0.440534 0.194072
-0.437722 0.191602
-0.434904 0.189143
-0.432083 0.186697
-0.429257 0.184263
-0.426428 0.181841
-0.423593 0.179432
-0.420755 0.177035
-0.417913 0.174651
-0.415066 0.172281
-0.412215 0.169923
-0.409361 0.167577
-0.406502 0.165245
-0.403639 0.162926
-0.400772 0.16062
-0.397902 0.158327
-0.395027 0.156048
-0.392148 0.153782
-0.389266 0.151529
-0.38638 0.14929
-0.383489 0.147065
-0.380596 0.144853
-0.377698 0.142656
-0.374796 0.140473
-0.371891 0.138304
-0.368983 0.136149
-0.36607 0.134008
-0.363154 0.131882
-0.360235 0.12977
-0.357311 0.127673
-0.354385 0.12559
-0.351454 0.123522
-0.348521 0.121468
-0.345584 0.119429
-0.342643 0.117405
-0.339699 0.115396
-0.336752 0.113402
-0.333801 0.111423
-0.330847 0.10946
-0.32789 0.107512
-0.32493 0.10558
-0.321966 0.103663
-0.318999 0.101761
-0.316029 0.0998755
-0.313056 0.0980052
-0.31008 0.0961506
-0.307101 0.0943119
-0.304118 0.092489
-0.301133 0.090682
-0.298145 0.0888911
-0.295153 0.0871162
-0.292159 0.0853575
-0.289162 0.083615
-0.286162 0.0818888
-0.283159 0.0801795
-0.280154 0.0784867
-0.277146 0.0768103
-0.274135 0.0751505
-0.271121 0.0735074
-0.268104 0.0718809
-0.265085 0.0702712
-0.262064 0.0686783
-0.259039 0.0671023
-0.256012 0.0655432
-0.252983 0.0640012
-0.249951 0.0624762
-0.246917 0.0609684
-0.24388 0.0594777
-0.240841 0.0580043
-0.237799 0.0565485
-0.234755 0.0551102
-0.231709 0.0536893
-0.22866 0.052286
-0.225609 0.0509002
-0.222556 0.0495319
-0.219501 0.0481814
-0.216443 0.0468485
-0.213384 0.0455334
-0.210322 0.0442361
-0.207258 0.0429566
-0.204192 0.0416951
-0.201124 0.0404515
-0.198055 0.0392259
-0.194983 0.0380184
-0.191909 0.0368291
-0.188833 0.0356582
-0.185756 0.0345055
-0.182676 0.033371
-0.179595 0.0322549
-0.176512 0.031157
-0.173427 0.0300776
-0.170341 0.0290166
-0.167253 0.0279741
-0.164163 0.02695
-0.161072 0.0259446
-0.157979 0.0249577
-0.154884 0.0239894
-0.151788 0.0230398
-0.14869 0.0221089
-0.145591 0.0211968
-0.142491 0.0203036
-0.139389 0.0194293
-0.136285 0.0185739
-0.13318 0.0177373
-0.130074 0.0169197
-0.126967 0.016121
-0.123859 0.0153413
-0.120749 0.0145806
-0.117638 0.013839
-0.114525 0.0131164
-0.111412 0.0124129
-0.108298 0.0117286
-0.105182 0.0110635
-0.102066 0.0104175
-0.098948 0.00979077
-0.0958295 0.00918329
-0.0927099 0.00859517
-0.0895895 0.00802635
-0.0864681 0.00747683
-0.0833459 0.00694665
-0.0802229 0.00643583
-0.0770991 0.00594438
-0.0739744 0.00547233
-0.0708491 0.0050197
-0.067723 0.00458651
-0.0645963 0.00417277
-0.0614689 0.0037785
-0.0583409 0.00340372
-0.0552123 0.00304844
-0.0520832 0.00271268
-0.0489535 0.00239645
-0.0458233 0.00209976
-0.0426927 0.00182263
-0.0395616 0.00156507
-0.0364302 0.00132709
-0.0332983 0.00110869
-0.0301662 0.0009099
-0.0270337 0.000730712
-0.0239009 0.00057114
-0.0207679 0.00043119
-0.0176347 0.000310868
-0.0145013 0.000210179
-0.0113677 0.000129129
-0.00823405 6.77212e-05
-0.00510027 2.59586e-05
-0.00196644 3.84368e-06
0.00116743 1.33414e-06
0.0043013 1.84007e-05
0.00743514 5.51173e-05
0.0105689 0.000111483
0.0137026 0.000187497
0.0168362 0.000283157
0.0199696 0.000398459
0.0231028 0.0005334
0.0262358 0.000687975
0.0293685 0.000862179
0.032501 0.001056
0.0356332 0.00126945
0.038765 0.0015025
0.0418965 0.00175515
0.0450276 0.00202739
0.0481582 0.00231921
0.0512883 0.00263037
0.054418 0.00296108
0.0575472 0.00331134
0.0606758 0.00368113
0.0638038 0.00407044
0.0669311 0.00447925
0.0700579 0.00490755
0.073184 0.00535532
0.0763093 0.00582255
0.0794339 0.00630922
0.0825578 0.0068153
0.0856808 0.00734079
0.088803 0.00788566
0.0919244 0.00844988
0.0950448 0.00903344
0.0981643 0.00963614
0.101283 0.010258
0.1044 0.010899
0.107517 0.0115594
0.110633 0.0122389
0.113747 0.0129377
0.11686 0.0136556
0.119973 0.0143926
0.123084 0.0151488
0.126193 0.015924
0.129302 0.0167183
0.132409 0.0175316
0.135515 0.0183639
0.13862 0.0192152
0.141723 0.0200853
0.144825 0.0209744
0.147926 0.0218818
0.151025 0.0228081
0.154123 0.0237532
0.157219 0.024717
0.160313 0.0256995
0.163406 0.0267007
0.166498 0.0277205
0.169588 0.028759
0.172676 0.029816
0.175762 0.0308915
0.178847 0.0319854
0.18193 0.0330978
0.185011 0.0342286
0.188091 0.0353777
0.191168 0.0365452
0.194244 0.0377305
0.197318 0.0389338
0.200389 0.0401552
0.203459 0.0413948
0.206527 0.0426525
0.209593 0.0439281
0.212657 0.0452218
0.215719 0.0465333
0.218778 0.0478627
0.221836 0.0492099
0.224891 0.0505749
0.227944 0.0519576
0.230995 0.0533579
0.234044 0.0547759
0.23709 0.0562114
0.240134 0.0576642
0.243175 0.0591339
0.246215 0.060621
0.249252 0.0621254
0.252286 0.0636471
0.255318 0.0651859
0.258347 0.0667419
0.261374 0.068315
0.264398 0.0699051
0.26742 0.0715122
0.270439 0.0731361
0.273456 0.0747769
0.276469 0.0764344
0.279481 0.0781087
0.282489 0.0797995
0.285494 0.081507
0.288497 0.0832303
0.291497 0.0849698
0.294494 0.0867258
0.297488 0.0884981
0.300479 0.0902865
0.303468 0.0920912
0.306453 0.0939119
0.309435 0.0957487
0.312415 0.0976014
0.315391 0.0994699
0.318364 0.101354
0.321334 0.103254
0.324301 0.10517
0.327264 0.107101
0.330225 0.109048
0.333182 0.11101
0.336136 0.112987
0.339087 0.114979
0.342034 0.116986
0.344978 0.119008
0.347918 0.121046
0.350856 0.123098
0.353789 0.125165
0.356719 0.127247
0.359646 0.129344
0.362569 0.131455
0.365489 0.133581
0.368405 0.135721
0.371317 0.137876
0.374226 0.140045
0.377131 0.142228
0.380033 0.144424
0.38293 0.146635
0.385824 0.148859
0.388714 0.151097
0.391601 0.153349
0.394483 0.155615
0.397362 0.157894
0.400236 0.160187
0.403107 0.162494
0.405974 0.164813
0.408837 0.167146
0.411696 0.169492
0.41455 0.171851
0.417401 0.174223
0.420248 0.176608
0.42309 0.179005
0.425928 0.181414
0.428762 0.183836
0.431592 0.18627
0.434418 0.188717
0.437239 0.191176
0.440056 0.193648
0.442869 0.196131
0.445678 0.198626
0.448482 0.201134
0.451281 0.203653
0.454076 0.206184
0.456867 0.208726
0.459653 0.21128
0.462435 0.213846
0.465212 0.216422
0.467985 0.219009
0.470753 0.221607
0.473516 0.224216
0.476275 0.226836
0.479029 0.229467
0.481779 0.232108
0.484523 0.234761
0.487263 0.237423
0.489998 0.240096
0.492728 0.242779
0.495454 0.245473
0.498174 0.248176
0.50089 0.25089
0.503601 0.253613
0.506306 0.256346
0.509007 0.259088
0.511703 0.261839
0.514394 0.2646
0.51708 0.26737
0.51976 0.270149
0.522436 0.272937
0.525106 0.275734
0.527771 0.27854
0.530431 0.281355
0.533086 0.284179
0.535736 0.287011
0.53838 0.289852
0.541019 0.292701
0.543653 0.295558
0.546281 0.298423
0.548904 0.301296
0.551522 0.304176
0.554134 0.307063
0.556741 0.309959
0.559342 0.312862
0.561938 0.315772
0.564528 0.31869
0.567113 0.321615
0.569692 0.324547
0.572266 0.327486
0.574833 0.330431
0.577396 0.333384
0.579952 0.336343
0.582503 0.339309
0.585048 0.342281
0.587588 0.345259
0.590121 0.348243
0.592649 0.351232
0.595171 0.354227
0.597687 0.357228
0.600198 0.360235
0.602702 0.363247
0.6052 0.366265
0.607693 0.369288
0.610179 0.372316
0.61266 0.37535
0.615134 0.378388
0.617603 0.381432
0.620065 0.38448
0.622521 0.387532
0.624972 0.390589
0.627416 0.39365
0.629853 0.396715
0.632285 0.399783
0.634711 0.402856
0.63713 0.405932
0.639543 0.409013
0.641949 0.412097
0.64435 0.415184
0.646744 0.418275
0.649131 0.421369
0.651513 0.424467
0.653887 0.427567
0.656256 0.43067
0.658618 0.433776
0.660973 0.436885
0.663322 0.439996
0.665665 0.443109
0.668001 0.446224
0.67033 0.449341
0.672653 0.45246
0.674969 0.455581
0.677279 0.458704
0.679581 0.461828
0.681878 0.464955
0.684167 0.468082
0.68645 0.471211
0.688726 0.474341
0.690995 0.477472
0.693257 0.480605
0.695513 0.483738
0.697762 0.486871
0.700004 0.490005
0.702239 0.493138
0.704467 0.496272
0.706688 0.499406
0.708902 0.50254
0.71111 0.505674
0.71331 0.508808
0.715503 0.511942
0.717689 0.515076
0.719868 0.518208
0.722041 0.52134
0.724206 0.524472
0.726363 0.527602
0.728514 0.530732
0.730658 0.53386
0.732794 0.536987
0.734923 0.540111
0.737045 0.543234
0.73916 0.546356
0.741267 0.549475
0.743367 0.552593
0.74546 0.555709
0.747546 0.558822
0.749624 0.561934
0.751695 0.565043
0.753758 0.568149
0.755814 0.571253
0.757863 0.574354
0.759904 0.577452
0.761937 0.580548
0.763963 0.58364
0.765982 0.586728
0.767993 0.589812
0.769997 0.592893
0.771992 0.595971
0.773981 0.599044
0.775962 0.602114
0.777935 0.60518
0.7799 0.608242
0.781858 0.611299
0.783808 0.614353
0.78575 0.617402
0.787685 0.620446
0.789612 0.623486
0.791531 0.626521
0.793442 0.629551
0.795346 0.632575
0.797242 0.635594
0.79913 0.638607
0.80101 0.641615
0.802882 0.644617
0.804746 0.647614
0.806602 0.650605
0.808451 0.65359
0.810291 0.65657
0.812124 0.659543
0.813948 0.66251
0.815765 0.66547
0.817573 0.668424
0.819374 0.671372
0.821166 0.674313
0.82295 0.677247
0.824726 0.680173
0.826494 0.683092
0.828254 0.686004
0.830006 0.688909
0.83175 0.691806
0.833485 0.694696
0.835213 0.697578
0.836932 0.700452
0.838642 0.703319
0.840345 0.706178
0.842039 0.709028
0.843725 0.711871
0.845403 0.714705
0.847072 0.717531
0.848734 0.720348
0.850386 0.723157
0.852031 0.725955
0.853667 0.728745
0.855294 0.731527
0.856913 0.734299
0.858524 0.737062
0.860126 0.739815
0.86172 0.74256
0.863306 0.745294
0.864882 0.74802
0.866451 0.750735
0.868011 0.753441
0.869562 0.756137
0.871105 0.758822
0.872639 0.761498
0.874164 0.764163
0.875681 0.766817
0.87719 0.769461
0.87869 0.772094
0.880181 0.774716
0.881663 0.777328
0.883137 0.779929
0.884602 0.782519
0.886058 0.785097
0.887506 0.787665
0.888945 0.790221
0.890375 0.792766
0.891797 0.7953
0.893209 0.797822
0.894613 0.800332
0.896008 0.80283
0.897394 0.805316
0.898772 0.80779
0.90014 0.810252
0.9015 0.812701
0.902851 0.815138
0.904193 0.817563
0.905526 0.819976
0.90685 0.822376
0.908166 0.824763
0.909472 0.827137
0.910769 0.829499
0.912058 0.831848
0.913337 0.834184
0.914608 0.836506
0.915869 0.838816
0.917122 0.841112
0.918365 0.843394
0.919599 0.845662
0.920825 0.847917
0.922041 0.850158
0.923248 0.852386
0.924446 0.8546
0.925635 0.856799
0.926815 0.858985
0.927986 0.861157
0.929148 0.863314
0.9303 0.865458
0.931444 0.867587
0.932578 0.869701
0.933703 0.871801
0.934819 0.873887
0.935926 0.875957
0.937023 0.878012
0.938112 0.880052
0.939191 0.882078
0.94026 0.884088
0.941321 0.886084
0.942372 0.888064
0.943414 0.890029
0.944447 0.891978
0.94547 0.893913
0.946484 0.895832
0.947489 0.897735
0.948485 0.899623
0.949471 0.901495
0.950448 0.903351
0.951415 0.905191
0.952373 0.907015
0.953322 0.908823
0.954262 0.910614
0.955192 0.91239
0.956112 0.914149
0.957023 0.915892
0.957925 0.917619
0.958817 0.91933
0.9597 0.921024
0.960574 0.922701
0.961438 0.924362
0.962292 0.926006
0.963138 0.927633
0.963973 0.929244
0.964799 0.930838
0.965616 0.932414
0.966423 0.933973
0.967221 0.935515
0.968009 0.93704
0.968787 0.938548
0.969557 0.940039
0.970316 0.941512
0.971066 0.942968
0.971806 0.944407
0.972537 0.945828
0.973259 0.947231
0.97397 0.948617
0.974673 0.949986
0.975365 0.951337
0.976048 0.95267
0.976721 0.953985
0.977385 0.955281
0.978039 0.95656
0.978684 0.957821
0.979319 0.959064
0.979944 0.960289
0.98056 0.961496
0.981165 0.962685
0.981762 0.963855
0.982348 0.965008
0.982925 0.966142
0.983493 0.967257
0.98405 0.968355
0.984598 0.969433
0.985137 0.970494
0.985665 0.971536
0.986184 0.972559
0.986693 0.973563
0.987193 0.974549
0.987682 0.975516
0.988163 0.976465
0.988633 0.977394
0.989093 0.978305
0.989544 0.979197
0.989985 0.98007
0.990417 0.980925
0.990838 0.98176
0.99125 0.982577
0.991653 0.983374
0.992045 0.984153
0.992428 0.984912
0.9928 0.985653
0.993163 0.986374
0.993517 0.987075
0.99386 0.987758
0.994194 0.988422
0.994518 0.989066
0.994832 0.989691
0.995137 0.990297
0.995431 0.990883
0.995716 0.99145
0.995991 0.991998
0.996257 0.992527
0.996512 0.993036
0.996758 0.993525
0.996993 0.993996
0.997219 0.994447
0.997436 0.994878
0.997642 0.99529
0.997839 0.995682
0.998025 0.996055
0.998202 0.996408
0.998369 0.996742
0.998527 0.997056
0.998674 0.997351
0.998812 0.997626
0.99894 0.997881
0.999058 0.998117
0.999166 0.998333
0.999264 0.998529
0.999353 0.998706
0.999431 0.998863
0.9995 0.999001
0.999559 0.999119
0.999608 0.999217
0.999648 0.999296
0.999677 0.999355
0.999697 0.999394
0.999707 0.999414
