-0.866015 0.749984
-0.865997 0.749954
-0.86597 0.74991
-0.865933 0.749852
-0.865888 0.749779
-0.865833 0.749691
-0.865769 0.749589
-0.865696 0.749472
-0.865614 0.74934
-0.865523 0.749194
-0.865423 0.749033
-0.865313 0.748858
-0.865195 0.748668
-0.865067 0.748463
-0.864931 0.748244
-0.864785 0.74801
-0.86463 0.747762
-0.864466 0.747499
-0.864293 0.747221
-0.864111 0.746929
-0.863919 0.746622
-0.863719 0.7463
-0.86351 0.745964
-0.863291 0.745614
-0.863063 0.745249
-0.862827 0.744869
-0.862581 0.744475
-0.862326 0.744066
-0.862062 0.743642
-0.861789 0.743204
-0.861507 0.742752
-0.861216 0.742285
-0.860915 0.741803
-0.860606 0.741307
-0.860288 0.740796
-0.85996 0.740271
-0.859624 0.739731
-0.859278 0.739177
-0.858923 0.738608
-0.85856 0.738025
-0.858187 0.737427
-0.857805 0.736815
-0.857415 0.736189
-0.857015 0.735547
-0.856606 0.734892
-0.856188 0.734222
-0.855761 0.733537
-0.855325 0.732838
-0.854881 0.732125
-0.854427 0.731397
-0.853964 0.730655
-0.853492 0.729898
-0.853011 0.729128
-0.852521 0.728342
-0.852022 0.727543
-0.851514 0.726729
-0.850998 0.7259
-0.850472 0.725057
-0.849937 0.7242
-0.849393 0.723329
-0.848841 0.722444
-0.848279 0.721544
-0.847709 0.72063
-0.847129 0.719701
-0.846541 0.718759
-0.845943 0.717802
-0.845337 0.716831
-0.844722 0.715846
-0.844098 0.714846
-0.843465 0.713833
-0.842823 0.712805
-0.842173 0.711763
-0.841513 0.710707
-0.840844 0.709637
-0.840167 0.708553
-0.839481 0.707455
-0.838786 0.706343
-0.838082 0.705217
-0.837369 0.704077
-0.836648 0.702923
-0.835917 0.701755
-0.835178 0.700573
-0.83443 0.699378
-0.833673 0.698168
-0.832907 0.696944
-0.832133 0.695707
-0.83135 0.694456
-0.830558 0.693191
-0.829757 0.691913
-0.828948 0.69062
-0.828129 0.689314
-0.827302 0.687995
-0.826467 0.686662
-0.825622 0.685315
-0.824769 0.683954
-0.823907 0.68258
-0.823036 0.681193
-0.822157 0.679792
-0.821269 0.678377
-0.820373 0.67695
-0.819467 0.675508
-0.818553 0.674054
-0.817631 0.672586
-0.816699 0.671105
-0.81576 0.669611
-0.814811 0.668103
-0.813854 0.666583
-0.812888 0.665049
-0.811914 0.663502
-0.810931 0.661942
-0.80994 0.66037
-0.80894 0.658784
-0.807931 0.657185
-0.806914 0.655574
-0.805888 0.653949
-0.804854 0.652312
-0.803812 0.650662
-0.80276 0.649
-0.801701 0.647325
-0.800633 0.645637
-0.799556 0.643937
-0.798471 0.642224
-0.797377 0.640499
-0.796275 0.638762
-0.795165 0.637012
-0.794046 0.63525
-0.792919 0.633476
-0.791783 0.63169
-0.790639 0.629891
-0.789487 0.628081
-0.788326 0.626258
-0.787157 0.624424
-0.78598 0.622578
-0.784794 0.62072
-0.7836 0.618851
-0.782397 0.61697
-0.781187 0.615077
-0.779968 0.613172
-0.778741 0.611257
-0.777505 0.60933
-0.776261 0.607391
-0.775009 0.605442
-0.773749 0.603481
-0.772481 0.601509
-0.771204 0.599526
-0.76992 0.597533
-0.768627 0.595528
-0.767326 0.593513
-0.766016 0.591487
-0.764699 0.58945
-0.763374 0.587403
-0.76204 0.585346
-0.760698 0.583278
-0.759349 0.5812
-0.757991 0.579112
-0.756625 0.577013
-0.755251 0.574905
-0.753869 0.572787
-0.752479 0.570659
-0.751081 0.568521
-0.749675 0.566373
-0.748262 0.564217
-0.74684 0.56205
-0.74541 0.559875
-0.743972 0.55769
-0.742527 0.555496
-0.741073 0.553293
-0.739612 0.551081
-0.738143 0.548861
-0.736665 0.546632
-0.73518 0.544394
-0.733688 0.542147
-0.732187 0.539893
-0.730679 0.53763
-0.729163 0.535359
-0.727639 0.53308
-0.726107 0.530793
-0.724568 0.528498
-0.72302 0.526196
-0.721465 0.523886
-0.719903 0.521569
-0.718333 0.519245
-0.716755 0.516913
-0.715169 0.514575
-0.713576 0.512229
-0.711975 0.509877
-0.710367 0.507519
-0.708751 0.505153
-0.707128 0.502782
-0.705496 0.500404
-0.703858 0.49802
-0.702212 0.495631
-0.700558 0.493235
-0.698897 0.490834
-0.697228 0.488428
-0.695552 0.486016
-0.693869 0.483599
-0.692178 0.481177
-0.69048 0.47875
-0.688774 0.476318
-0.687061 0.473882
-0.685341 0.471442
-0.683613 0.468997
-0.681878 0.466548
-0.680136 0.464095
-0.678386 0.461639
-0.676629 0.459179
-0.674865 0.456715
-0.673093 0.454248
-0.671315 0.451779
-0.669529 0.449306
-0.667736 0.446831
-0.665936 0.444353
-0.664129 0.441873
-0.662314 0.43939
-0.660493 0.436906
-0.658664 0.43442
-0.656828 0.431932
-0.654986 0.429443
-0.653136 0.426952
-0.651279 0.424461
-0.649415 0.421968
-0.647545 0.419475
-0.645667 0.416982
-0.643782 0.414488
-0.641891 0.41198
-0.639992 0.409456
-0.638087 0.406932
-0.636174 0.404409
-0.634255 0.401885
-0.632329 0.399362
-0.630396 0.39684
-0.628457 0.394318
-0.626511 0.391797
-0.624557 0.389277
-0.622598 0.386758
-0.620631 0.38424
-0.618658 0.381723
-0.616678 0.379207
-0.614691 0.376693
-0.612698 0.37418
-0.610698 0.371669
-0.608692 0.369159
-0.606679 0.366652
-0.604659 0.364146
-0.602633 0.361642
-0.6006 0.35914
-0.598561 0.356641
-0.596516 0.354144
-0.594464 0.351649
-0.592405 0.349157
-0.59034 0.346667
-0.588269 0.344181
-0.586191 0.341696
-0.584107 0.339215
-0.582016 0.336737
-0.57992 0.334262
-0.577817 0.331791
-0.575707 0.329322
-0.573592 0.326857
-0.57147 0.324396
-0.569342 0.321938
-0.567208 0.319484
-0.565067 0.317033
-0.562921 0.314587
-0.560768 0.312144
-0.558609 0.309706
-0.556444 0.307272
-0.554274 0.304842
-0.552097 0.302416
-0.549914 0.299995
-0.547725 0.297578
-0.54553 0.295166
-0.543329 0.292759
-0.541122 0.290357
-0.538909 0.287959
-0.53669 0.285567
-0.534466 0.283179
-0.532235 0.280797
-0.529999 0.27842
-0.527757 0.276048
-0.525509 0.273682
-0.523256 0.271321
-0.520996 0.268966
-0.518731 0.266617
-0.516461 0.264273
-0.514184 0.261935
-0.511902 0.259603
-0.509614 0.257277
-0.507321 0.254958
-0.505022 0.252644
-0.502718 0.250337
-0.500408 0.248036
-0.498092 0.245741
-0.495771 0.243453
-0.493445 0.241171
-0.491113 0.238896
-0.488776 0.236628
-0.486433 0.234367
-0.484085 0.232112
-0.481732 0.229864
-0.479373 0.227624
-0.477009 0.22539
-0.474639 0.223164
-0.472265 0.220945
-0.469885 0.218733
-0.4675 0.216529
-0.46511 0.214332
-0.462714 0.212142
-0.460314 0.20996
-0.457908 0.207786
-0.455497 0.20562
-0.453081 0.203461
-0.45066 0.20131
-0.448234 0.199167
-0.445804 0.197032
-0.443368 0.194905
-0.440927 0.192786
-0.438481 0.190676
-0.43603 0.188573
-0.433575 0.186479
-0.431114 0.184393
-0.428649 0.182316
-0.426179 0.180247
-0.423704 0.178186
-0.421225 0.176134
-0.41874 0.174091
-0.416251 0.172056
-0.413758 0.170031
-0.411259 0.168014
-0.408756 0.166005
-0.406248 0.164006
-0.403736 0.162016
-0.401219 0.160034
-0.398698 0.158062
-0.396172 0.156099
-0.393642 0.154145
-0.391107 0.1522
-0.388568 0.150264
-0.386024 0.148338
-0.383476 0.146421
-0.380924 0.144513
-0.378367 0.142615
-0.375806 0.140726
-0.373241 0.138847
-0.370671 0.136978
-0.368098 0.135118
-0.36552 0.133267
-0.362937 0.131426
-0.360351 0.129595
-0.35776 0.127774
-0.355166 0.125962
-0.352567 0.124161
-0.349964 0.122369
-0.347358 0.120587
-0.344747 0.118815
-0.342132 0.117053
-0.339513 0.115301
-0.336891 0.113559
-0.334264 0.111827
-0.331634 0.110105
-0.328999 0.108394
-0.326361 0.106693
-0.323719 0.105003
-0.321074 0.103323
-0.318424 0.101654
-0.315771 0.099996
-0.313114 0.0983485
-0.310454 0.096712
-0.30779 0.0950865
-0.305122 0.0934721
-0.30245 0.0918689
-0.299775 0.0902769
-0.297097 0.0886963
-0.294415 0.0871271
-0.29173 0.0855694
-0.289041 0.0840233
-0.286348 0.0824888
-0.283652 0.0809662
-0.280953 0.0794553
-0.278251 0.0779563
-0.275545 0.0764694
-0.272836 0.0749945
-0.270123 0.0735318
-0.267408 0.0720812
-0.264689 0.070643
-0.261967 0.0692172
-0.259242 0.0678038
-0.256513 0.066403
-0.253782 0.0650148
-0.251047 0.0636392
-0.24831 0.0622765
-0.245569 0.0609265
-0.242825 0.0595895
-0.240079 0.0582655
-0.237329 0.0569545
-0.234577 0.0556567
-0.231821 0.054372
-0.229063 0.0531007
-0.226302 0.0518427
-0.223538 0.0505982
-0.220771 0.0493671
-0.218002 0.0481496
-0.21523 0.0469458
-0.212455 0.0457556
-0.209677 0.0445793
-0.206897 0.0434168
-0.204114 0.0422682
-0.201329 0.0411336
-0.198541 0.040013
-0.19575 0.0389066
-0.192957 0.0378144
-0.190162 0.0367364
-0.187364 0.0356728
-0.184563 0.0346235
-0.18176 0.0335887
-0.178955 0.0325684
-0.176148 0.0315627
-0.173338 0.0305716
-0.170526 0.0295953
-0.167711 0.0286337
-0.164894 0.0276869
-0.162076 0.0267551
-0.159254 0.0258382
-0.156431 0.0249363
-0.153606 0.0240495
-0.150778 0.0231778
-0.147949 0.0223213
-0.145117 0.0214801
-0.142284 0.0206542
-0.139448 0.0198437
-0.136611 0.0190486
-0.133771 0.018269
-0.13093 0.0175049
-0.128087 0.0167564
-0.125242 0.0160236
-0.122395 0.0153064
-0.119546 0.0146051
-0.116696 0.0139195
-0.113843 0.0132498
-0.11099 0.012596
-0.108134 0.0119582
-0.105277 0.0113364
-0.102418 0.0107307
-0.0995575 0.0101411
-0.0966955 0.00956766
-0.093832 0.00901044
-0.0909669 0.00846948
-0.0881004 0.00794484
-0.0852324 0.00743655
-0.082363 0.00694467
-0.0794922 0.00646925
-0.0766201 0.00601031
-0.0737466 0.00556792
-0.0708718 0.00514211
-0.0679957 0.00473294
-0.0651183 0.00434043
-0.0622397 0.00396463
-0.05936 0.00360559
-0.056479 0.00326334
-0.0535969 0.00293793
-0.0507137 0.0026294
-0.0478294 0.00233777
-0.0449441 0.0020631
-0.0420577 0.00180542
-0.0391704 0.00156477
-0.036282 0.00134118
-0.0333927 0.00113469
-0.0305026 0.000945338
-0.0276115 0.000773153
-0.0247195 0.000618172
-0.0218268 0.000480426
-0.0189332 0.00035995
-0.0160389 0.000256776
-0.0131438 0.000170933
-0.010248 0.000102454
-0.00735151 5.13686e-05
-0.00445437 1.77055e-05
-0.00155661 1.49381e-06
0.00134176 -1.63686e-05
0.0042407 -3.89339e-05
0.00714018 -4.39989e-05
0.0100402 -3.15546e-05
0.0129407 -1.59283e-06
0.0158416 4.58942e-05
0.018743 0.000110913
0.0216447 0.000193471
0.0245469 0.000293572
0.0274494 0.000411223
0.0303522 0.000546426
0.0332553 0.000699185
0.0361586 0.000869504
0.0390622 0.00105738
0.0419659 0.00126283
0.0448699 0.00148583
0.047774 0.0017264
0.0506782 0.00198454
0.0535825 0.00226023
0.0564868 0.00255349
0.0593912 0.0028643
0.0622955 0.00319266
0.0651999 0.00353857
0.0681042 0.00390203
0.0710084 0.00428303
0.0739125 0.00468155
0.0768164 0.00509761
0.0797202 0.00553118
0.0826238 0.00598226
0.0855271 0.00645085
0.0884302 0.00693692
0.091333 0.00744048
0.0942355 0.0079615
0.0971376 0.00849999
0.100039 0.00905592
0.102941 0.00962928
0.105842 0.0102201
0.108742 0.0108282
0.111642 0.0114538
0.114542 0.0120968
0.117441 0.0127571
0.120339 0.0134347
0.123237 0.0141297
0.126134 0.014842
0.12903 0.0155715
0.131926 0.0163183
0.134821 0.0170824
0.137716 0.0178637
0.140609 0.0186622
0.143502 0.0194778
0.146394 0.0203106
0.149285 0.0211606
0.152175 0.0220276
0.155064 0.0229118
0.157953 0.0238129
0.16084 0.0247312
0.163726 0.0256664
0.166612 0.0266186
0.169496 0.0275877
0.172379 0.0285737
0.175261 0.0295766
0.178142 0.0305964
0.181022 0.031633
0.183901 0.0326864
0.186778 0.0337565
0.189654 0.0348434
0.192529 0.035947
0.195402 0.0370672
0.198275 0.038204
0.201145 0.0393574
0.204015 0.0405274
0.206883 0.0417138
0.209749 0.0429168
0.212614 0.0441362
0.215478 0.0453719
0.21834 0.046624
0.2212 0.0478925
0.224059 0.0491772
0.226916 0.0504781
0.229772 0.0517952
0.232626 0.0531285
0.235478 0.0544778
0.238328 0.0558432
0.241177 0.0572247
0.244024 0.058622
0.246869 0.0600354
0.249712 0.0614645
0.252554 0.0629095
0.255393 0.0643703
0.258231 0.0658468
0.261066 0.067339
0.2639 0.0688468
0.266731 0.0703702
0.269561 0.0719091
0.272388 0.0734635
0.275214 0.0750333
0.278037 0.0766184
0.280858 0.0782189
0.283677 0.0798347
0.286493 0.0814656
0.289308 0.0831117
0.29212 0.0847729
0.29493 0.0864491
0.297737 0.0881403
0.300543 0.0898464
0.303346 0.0915674
0.306146 0.0933032
0.308944 0.0950537
0.31174 0.0968189
0.314533 0.0985987
0.317323 0.100393
0.320111 0.102202
0.322897 0.104025
0.325679 0.105863
0.32846 0.107715
0.331237 0.109581
0.334012 0.111462
0.336784 0.113356
0.339554 0.115265
0.34232 0.117179
0.345084 0.119039
0.347845 0.120913
0.350604 0.1228
0.353359 0.124702
0.356112 0.126617
0.358861 0.128546
0.361608 0.130488
0.364351 0.132445
0.367092 0.134414
0.36983 0.136397
0.372564 0.138393
0.375296 0.140403
0.378024 0.142426
0.380749 0.144462
0.383471 0.146511
0.38619 0.148573
0.388906 0.150648
0.391618 0.152736
0.394327 0.154836
0.397033 0.15695
0.399736 0.159076
0.402435 0.161214
0.405131 0.163365
0.407823 0.165529
0.410512 0.167705
0.413197 0.169893
0.415879 0.172093
0.418558 0.174306
0.421233 0.17653
0.423904 0.178767
0.426572 0.181015
0.429236 0.183275
0.431897 0.185547
0.434553 0.187831
0.437207 0.190126
0.439856 0.192433
0.442502 0.194751
0.445144 0.197081
0.447782 0.199421
0.450416 0.201773
0.453046 0.204136
0.455673 0.20651
0.458296 0.208895
0.460914 0.211291
0.463529 0.213698
0.46614 0.216115
0.468747 0.218543
0.471349 0.220981
0.473948 0.22343
0.476543 0.225889
0.479133 0.228358
0.48172 0.230838
0.484302 0.233327
0.48688 0.235827
0.489454 0.238336
0.492023 0.240856
0.494589 0.243385
0.49715 0.245923
0.499706 0.248471
0.502259 0.251029
0.504807 0.253596
0.50735 0.256172
0.50989 0.258757
0.512424 0.261352
0.514955 0.263955
0.517481 0.266567
0.520002 0.269188
0.522519 0.271818
0.525031 0.274456
0.527538 0.277103
0.530041 0.279758
0.53254 0.282422
0.535034 0.285094
0.537523 0.287774
0.540007 0.290462
0.542487 0.293157
0.544961 0.295861
0.547431 0.298572
0.549897 0.301291
0.552357 0.304018
0.554813 0.306752
0.557263 0.309493
0.559709 0.312242
0.56215 0.314998
0.564586 0.31776
0.567017 0.32053
0.569443 0.323306
0.571864 0.32609
0.574279 0.32888
0.57669 0.331676
0.579096 0.334479
0.581497 0.337288
0.583892 0.340103
0.586282 0.342925
0.588667 0.345752
0.591047 0.348585
0.593422 0.351425
0.595791 0.354269
0.598155 0.35712
0.600514 0.359976
0.602867 0.362837
0.605215 0.365704
0.607558 0.368575
0.609895 0.371452
0.612227 0.374334
0.614554 0.377221
0.616875 0.380112
0.61919 0.383008
0.6215 0.385908
0.623805 0.388813
0.626103 0.391723
0.628397 0.394636
0.630684 0.397554
0.632966 0.400475
0.635243 0.403401
0.637514 0.40633
0.639779 0.409263
0.642038 0.412199
0.644292 0.415079
0.646539 0.417932
0.648781 0.420789
0.651018 0.423649
0.653248 0.426512
0.655473 0.429378
0.657691 0.432248
0.659904 0.43512
0.662111 0.437996
0.664312 0.440874
0.666507 0.443754
0.668696 0.446637
0.670879 0.449523
0.673056 0.452411
0.675227 0.455301
0.677392 0.458193
0.67955 0.461087
0.681703 0.463983
0.68385 0.466881
0.68599 0.46978
0.688124 0.472681
0.690252 0.475584
0.692374 0.478487
0.69449 0.481392
0.696599 0.484299
0.698702 0.487206
0.700799 0.490114
0.702889 0.493023
0.704973 0.495932
0.707051 0.498842
0.709122 0.501753
0.711187 0.504664
0.713246 0.507575
0.715298 0.510487
0.717344 0.513398
0.719383 0.516309
0.721415 0.519221
0.723442 0.522131
0.725461 0.525042
0.727474 0.527952
0.729481 0.530861
0.73148 0.53377
0.733474 0.536677
0.73546 0.539584
0.73744 0.54249
0.739413 0.545394
0.74138 0.548298
0.74334 0.551199
0.745293 0.5541
0.747239 0.556998
0.749179 0.559895
0.751112 0.56279
0.753038 0.565684
0.754957 0.568575
0.756869 0.571463
0.758774 0.57435
0.760673 0.577234
0.762564 0.580116
0.764449 0.582995
0.766327 0.585871
0.768198 0.588745
0.770061 0.591615
0.771918 0.594483
0.773768 0.597347
0.775611 0.600208
0.777446 0.603066
0.779275 0.60592
0.781097 0.60877
0.782911 0.611617
0.784718 0.61446
0.786518 0.617299
0.788311 0.620134
0.790097 0.622964
0.791876 0.625791
0.793647 0.628613
0.795411 0.63143
0.797168 0.634243
0.798918 0.637051
0.80066 0.639855
0.802395 0.642653
0.804123 0.645446
0.805843 0.648234
0.807556 0.651017
0.809262 0.653795
0.81096 0.656567
0.812651 0.659333
0.814335 0.662094
0.816011 0.664849
0.817679 0.667598
0.81934 0.670341
0.820994 0.673077
0.82264 0.675808
0.824279 0.678532
0.82591 0.68125
0.827533 0.683961
0.829149 0.686665
0.830758 0.689363
0.832358 0.692054
0.833952 0.694737
0.835537 0.697414
0.837115 0.700083
0.838685 0.702745
0.840248 0.7054
0.841803 0.708047
0.84335 0.710687
0.844889 0.713318
0.846421 0.715942
0.847945 0.718558
0.849461 0.721166
0.850969 0.723766
0.85247 0.726357
0.853963 0.72894
0.855448 0.731515
0.856925 0.734081
0.858394 0.736638
0.859856 0.739186
0.861309 0.741726
0.862755 0.744257
0.864192 0.746778
0.865622 0.749291
0.867044 0.751794
0.868458 0.754287
0.869864 0.756771
0.871262 0.759246
0.872652 0.76171
0.874033 0.764164
0.875407 0.766609
0.876773 0.769042
0.878131 0.771466
0.879481 0.773878
0.880822 0.77628
0.882156 0.778672
0.883481 0.781052
0.884799 0.78342
0.886108 0.785778
0.887409 0.788124
0.888702 0.790459
0.889987 0.792782
0.891263 0.795093
0.892532 0.797392
0.893792 0.79968
0.895044 0.801955
0.896287 0.804218
0.897523 0.806468
0.89875 0.808706
0.899969 0.810931
0.90118 0.813144
0.902382 0.815344
0.903576 0.817531
0.904762 0.819705
0.905939 0.821866
0.907108 0.824014
0.908269 0.826148
0.909422 0.828269
0.910566 0.830376
0.911701 0.83247
0.912828 0.83455
0.913947 0.836617
0.915058 0.838669
0.91616 0.840708
0.917253 0.842733
0.918338 0.844743
0.919415 0.84674
0.920483 0.848722
0.921543 0.85069
0.922594 0.852643
0.923637 0.854582
0.924671 0.856506
0.925696 0.858416
0.926713 0.860311
0.927722 0.862191
0.928722 0.864056
0.929713 0.865907
0.930696 0.867742
0.931671 0.869563
0.932636 0.871368
0.933593 0.873159
0.934542 0.874934
0.935482 0.876693
0.936413 0.878438
0.937336 0.880167
0.93825 0.881881
0.939155 0.883579
0.940052 0.885261
0.94094 0.886928
0.941819 0.88858
0.942689 0.890215
0.943551 0.891835
0.944404 0.89344
0.945249 0.895028
0.946085 0.8966
0.946912 0.898157
0.94773 0.899697
0.948539 0.901222
0.94934 0.902731
0.950132 0.904223
0.950915 0.905699
0.95169 0.90716
0.952455 0.908604
0.953212 0.910031
0.95396 0.911443
0.9547 0.912838
0.95543 0.914217
0.956152 0.915579
0.956864 0.916926
0.957568 0.918255
0.958263 0.919568
0.958949 0.920865
0.959627 0.922145
0.960295 0.923409
0.960955 0.924656
0.961606 0.925887
0.962247 0.927101
0.96288 0.928298
0.963504 0.929479
0.96412 0.930642
0.964726 0.93179
0.965323 0.93292
0.965912 0.934034
0.966491 0.935131
0.967062 0.936211
0.967623 0.937274
0.968176 0.938321
0.968719 0.93935
0.969254 0.940363
0.96978 0.941359
0.970297 0.942338
0.970805 0.9433
0.971303 0.944245
0.971793 0.945173
0.972274 0.946084
0.972746 0.946979
0.973209 0.947856
0.973663 0.948716
0.974108 0.949559
0.974544 0.950385
0.974971 0.951194
0.975388 0.951986
0.975797 0.952761
0.976197 0.953519
0.976588 0.95426
0.976969 0.954984
0.977342 0.95569
0.977706 0.95638
0.97806 0.957052
0.978406 0.957707
0.978742 0.958345
0.97907 0.958966
0.979388 0.95957
0.979698 0.960156
0.979998 0.960725
0.980289 0.961278
0.980571 0.961813
0.980844 0.96233
0.981108 0.962831
0.981363 0.963314
0.981609 0.96378
0.981846 0.964229
0.982073 0.964661
0.982292 0.965075
0.982501 0.965473
0.982702 0.965853
0.982893 0.966215
0.983075 0.966561
0.983248 0.966889
0.983412 0.9672
0.983567 0.967494
0.983713 0.96777
0.98385 0.968029
0.983977 0.968271
0.984096 0.968496
0.984205 0.968703
0.984305 0.968894
0.984396 0.969066
0.984478 0.969222
0.984551 0.96936
0.984615 0.969481
0.98467 0.969585
0.984715 0.969671
0.984752 0.96974
0.984779 0.969792
0.984797 0.969827
0.984807 0.969844
