-1 1
-0.997998 0.996306
-0.995996 0.992613
-0.993994 0.988919
-0.991992 0.985226
-0.98999 0.981533
-0.987988 0.97784
-0.985986 0.974148
-0.983984 0.970457
-0.981982 0.966766
-0.97998 0.963076
-0.977978 0.959386
-0.975976 0.955697
-0.973974 0.95201
-0.971972 0.948323
-0.96997 0.944637
-0.967968 0.940953
-0.965966 0.93727
-0.963964 0.933588
-0.961962 0.929907
-0.95996 0.926228
-0.957958 0.922551
-0.955956 0.918875
-0.953954 0.915201
-0.951952 0.911528
-0.94995 0.907858
-0.947948 0.904189
-0.945946 0.900522
-0.943944 0.896858
-0.941942 0.893195
-0.93994 0.889535
-0.937938 0.885877
-0.935936 0.882222
-0.933934 0.878569
-0.931932 0.874918
-0.92993 0.87127
-0.927928 0.867625
-0.925926 0.863983
-0.923924 0.860343
-0.921922 0.856707
-0.91992 0.853073
-0.917918 0.849443
-0.915916 0.845815
-0.913914 0.842191
-0.911912 0.83857
-0.90991 0.834953
-0.907908 0.831339
-0.905906 0.827729
-0.903904 0.824122
-0.901902 0.820519
-0.8999 0.81692
-0.897898 0.813324
-0.895896 0.809733
-0.893894 0.806145
-0.891892 0.802562
-0.88989 0.798983
-0.887888 0.795408
-0.885886 0.791837
-0.883884 0.788271
-0.881882 0.784709
-0.87988 0.781152
-0.877878 0.777599
-0.875876 0.774051
-0.873874 0.770508
-0.871872 0.76697
-0.86987 0.763437
-0.867868 0.759908
-0.865866 0.756385
-0.863864 0.752867
-0.861862 0.749354
-0.85986 0.745847
-0.857858 0.742344
-0.855856 0.738848
-0.853854 0.735357
-0.851852 0.731871
-0.84985 0.728391
-0.847848 0.724917
-0.845846 0.721449
-0.843844 0.717987
-0.841842 0.714531
-0.83984 0.711081
-0.837838 0.707637
-0.835836 0.704199
-0.833834 0.700768
-0.831832 0.697343
-0.82983 0.693925
-0.827828 0.690513
-0.825826 0.687107
-0.823824 0.683709
-0.821822 0.680317
-0.81982 0.676932
-0.817818 0.673554
-0.815816 0.670183
-0.813814 0.666819
-0.811812 0.663463
-0.80981 0.660113
-0.807808 0.656771
-0.805806 0.653436
-0.803804 0.650109
-0.801802 0.646789
-0.7998 0.643477
-0.797798 0.640173
-0.795796 0.636876
-0.793794 0.633588
-0.791792 0.630307
-0.78979 0.627034
-0.787788 0.623769
-0.785786 0.620513
-0.783784 0.617265
-0.781782 0.614025
-0.77978 0.610793
-0.777778 0.60757
-0.775776 0.604356
-0.773774 0.60115
-0.771772 0.597953
-0.76977 0.594765
-0.767768 0.591585
-0.765766 0.588415
-0.763764 0.585253
-0.761762 0.582101
-0.75976 0.578958
-0.757758 0.575824
-0.755756 0.572699
-0.753754 0.569584
-0.751752 0.566478
-0.74975 0.563382
-0.747748 0.560295
-0.745746 0.557219
-0.743744 0.554152
-0.741742 0.551094
-0.73974 0.548047
-0.737738 0.54501
-0.735736 0.541983
-0.733734 0.538966
-0.731732 0.535959
-0.72973 0.532963
-0.727728 0.529977
-0.725726 0.527002
-0.723724 0.524037
-0.721722 0.521083
-0.71972 0.518139
-0.717718 0.515206
-0.715716 0.512284
-0.713714 0.509352
-0.711712 0.506377
-0.70971 0.503414
-0.707708 0.500461
-0.705706 0.497519
-0.703704 0.494588
-0.701702 0.491668
-0.6997 0.488759
-0.697698 0.48586
-0.695696 0.482973
-0.693694 0.480096
-0.691692 0.47723
-0.68969 0.474374
-0.687688 0.471529
-0.685686 0.468695
-0.683684 0.465872
-0.681682 0.463059
-0.67968 0.460256
-0.677678 0.457464
-0.675676 0.454683
-0.673674 0.451912
-0.671672 0.449152
-0.66967 0.446402
-0.667668 0.443663
-0.665666 0.440934
-0.663664 0.438215
-0.661662 0.435506
-0.65966 0.432808
-0.657658 0.430121
-0.655656 0.427443
-0.653654 0.424776
-0.651652 0.422119
-0.64965 0.419472
-0.647648 0.416835
-0.645646 0.414208
-0.643644 0.411592
-0.641642 0.408985
-0.63964 0.406389
-0.637638 0.403802
-0.635636 0.401226
-0.633634 0.398659
-0.631632 0.396103
-0.62963 0.393556
-0.627628 0.391019
-0.625626 0.388492
-0.623624 0.385975
-0.621622 0.383468
-0.61962 0.38097
-0.617618 0.378483
-0.615616 0.376005
-0.613614 0.373536
-0.611612 0.371078
-0.60961 0.368629
-0.607608 0.366189
-0.605606 0.36376
-0.603604 0.361339
-0.601602 0.358929
-0.5996 0.356528
-0.597598 0.354136
-0.595596 0.351754
-0.593594 0.349381
-0.591592 0.347018
-0.58959 0.344664
-0.587588 0.342319
-0.585586 0.339984
-0.583584 0.337658
-0.581582 0.335341
-0.57958 0.333033
-0.577578 0.330735
-0.575576 0.328446
-0.573574 0.326166
-0.571572 0.323895
-0.56957 0.321634
-0.567568 0.319381
-0.565566 0.317138
-0.563564 0.314903
-0.561562 0.312678
-0.55956 0.310461
-0.557558 0.308254
-0.555556 0.306055
-0.553554 0.303866
-0.551552 0.301685
-0.54955 0.299513
-0.547548 0.29735
-0.545546 0.295196
-0.543544 0.29305
-0.541542 0.290913
-0.53954 0.288785
-0.537538 0.286666
-0.535536 0.284555
-0.533534 0.282453
-0.531532 0.28036
-0.52953 0.278275
-0.527528 0.276198
-0.525526 0.274131
-0.523524 0.272071
-0.521522 0.270021
-0.51952 0.267978
-0.517518 0.265944
-0.515516 0.263919
-0.513514 0.261902
-0.511512 0.259893
-0.50951 0.257893
-0.507508 0.2559
-0.505506 0.253917
-0.503504 0.251941
-0.501502 0.249973
-0.499499 0.248014
-0.497497 0.246063
-0.495495 0.24412
-0.493493 0.242185
-0.491491 0.240259
-0.489489 0.23834
-0.487487 0.236429
-0.485485 0.234527
-0.483483 0.232632
-0.481481 0.230745
-0.479479 0.228867
-0.477477 0.226996
-0.475475 0.225133
-0.473473 0.223278
-0.471471 0.22143
-0.469469 0.219591
-0.467467 0.217759
-0.465465 0.215935
-0.463463 0.214118
-0.461461 0.21231
-0.459459 0.210509
-0.457457 0.208715
-0.455455 0.20693
-0.453453 0.205152
-0.451451 0.203381
-0.449449 0.201618
-0.447447 0.199862
-0.445445 0.198114
-0.443443 0.196373
-0.441441 0.19464
-0.439439 0.192914
-0.437437 0.191196
-0.435435 0.189485
-0.433433 0.187781
-0.431431 0.186084
-0.429429 0.184395
-0.427427 0.182713
-0.425425 0.181038
-0.423423 0.179371
-0.421421 0.177711
-0.419419 0.176057
-0.417417 0.174412
-0.415415 0.172773
-0.413413 0.171142
-0.411411 0.169518
-0.409409 0.167901
-0.407407 0.166292
-0.405405 0.16469
-0.403403 0.163095
-0.401401 0.161507
-0.399399 0.159927
-0.397397 0.158354
-0.395395 0.156789
-0.393393 0.155231
-0.391391 0.15368
-0.389389 0.152136
-0.387387 0.1506
-0.385385 0.149071
-0.383383 0.14755
-0.381381 0.146036
-0.379379 0.144529
-0.377377 0.14303
-0.375375 0.141538
-0.373373 0.140054
-0.371371 0.138577
-0.369369 0.137107
-0.367367 0.135645
-0.365365 0.13419
-0.363363 0.132743
-0.361361 0.131303
-0.359359 0.12987
-0.357357 0.128445
-0.355355 0.127028
-0.353353 0.125618
-0.351351 0.124215
-0.349349 0.12282
-0.347347 0.121433
-0.345345 0.120053
-0.343343 0.11868
-0.341341 0.117315
-0.339339 0.115958
-0.337337 0.114608
-0.335335 0.113265
-0.333333 0.11193
-0.331331 0.110603
-0.329329 0.109283
-0.327327 0.107971
-0.325325 0.106666
-0.323323 0.105369
-0.321321 0.104079
-0.319319 0.102797
-0.317317 0.101523
-0.315315 0.100256
-0.313313 0.0989972
-0.311311 0.0977457
-0.309309 0.0965017
-0.307307 0.0952655
-0.305305 0.0940368
-0.303303 0.0928158
-0.301301 0.0916024
-0.299299 0.0903967
-0.297297 0.0891987
-0.295295 0.0880083
-0.293293 0.0868256
-0.291291 0.0856506
-0.289289 0.0844832
-0.287287 0.0833236
-0.285285 0.0821717
-0.283283 0.0810275
-0.281281 0.0798909
-0.279279 0.0787622
-0.277277 0.0776411
-0.275275 0.0765278
-0.273273 0.0754222
-0.271271 0.0743244
-0.269269 0.0732343
-0.267267 0.072152
-0.265265 0.0710775
-0.263263 0.0700107
-0.261261 0.0689517
-0.259259 0.0679005
-0.257257 0.0668571
-0.255255 0.0658216
-0.253253 0.0647938
-0.251251 0.0637738
-0.249249 0.0627617
-0.247247 0.0617574
-0.245245 0.0607609
-0.243243 0.0597723
-0.241241 0.0587915
-0.239239 0.0578186
-0.237237 0.0568535
-0.235235 0.0558964
-0.233233 0.0549471
-0.231231 0.0540056
-0.229229 0.0530721
-0.227227 0.0521465
-0.225225 0.0512288
-0.223223 0.0503189
-0.221221 0.049417
-0.219219 0.0485231
-0.217217 0.047637
-0.215215 0.0467589
-0.213213 0.0458888
-0.211211 0.0450266
-0.209209 0.0441723
-0.207207 0.0433261
-0.205205 0.0424878
-0.203203 0.0416574
-0.201201 0.0408351
-0.199199 0.0400208
-0.197197 0.0392144
-0.195195 0.0384161
-0.193193 0.0376257
-0.191191 0.0368434
-0.189189 0.0360691
-0.187187 0.0353029
-0.185185 0.0345447
-0.183183 0.0337945
-0.181181 0.0330524
-0.179179 0.0323184
-0.177177 0.0315924
-0.175175 0.0308745
-0.173173 0.0301646
-0.171171 0.0294629
-0.169169 0.0287693
-0.167167 0.0280837
-0.165165 0.0274063
-0.163163 0.026737
-0.161161 0.0260757
-0.159159 0.0254227
-0.157157 0.0247777
-0.155155 0.0241409
-0.153153 0.0235123
-0.151151 0.0228918
-0.149149 0.0222794
-0.147147 0.0216753
-0.145145 0.0210793
-0.143143 0.0204915
-0.141141 0.0199118
-0.139139 0.0193404
-0.137137 0.0187772
-0.135135 0.0182221
-0.133133 0.0176752
-0.131131 0.0171365
-0.129129 0.016606
-0.127127 0.0160837
-0.125125 0.0155696
-0.123123 0.0150637
-0.121121 0.0145659
-0.119119 0.0140763
-0.117117 0.0135949
-0.115115 0.0131217
-0.113113 0.0126567
-0.111111 0.0121999
-0.109109 0.0117512
-0.107107 0.0113107
-0.105105 0.0108784
-0.103103 0.0104543
-0.101101 0.0100383
-0.0990991 0.00963056
-0.0970971 0.00923097
-0.0950951 0.00883955
-0.0930931 0.00845632
-0.0910911 0.00808125
-0.0890891 0.00771437
-0.0870871 0.00735566
-0.0850851 0.00700512
-0.0830831 0.00666276
-0.0810811 0.00632857
-0.0790791 0.00600255
-0.0770771 0.00568471
-0.0750751 0.00537504
-0.0730731 0.00507353
-0.0710711 0.0047802
-0.0690691 0.00449504
-0.0670671 0.00421805
-0.0650651 0.00394923
-0.0630631 0.00368858
-0.0610611 0.00343609
-0.0590591 0.00319177
-0.0570571 0.00295562
-0.0550551 0.00272764
-0.0530531 0.00250782
-0.0510511 0.00229617
-0.049049 0.00209268
-0.047047 0.00189735
-0.045045 0.00171019
-0.043043 0.0015312
-0.041041 0.00136036
-0.039039 0.00119769
-0.037037 0.00104318
-0.035035 0.000896827
-0.033033 0.000758637
-0.031031 0.000628607
-0.029029 0.000506737
-0.027027 0.000393025
-0.025025 0.000287472
-0.023023 0.000190076
-0.021021 0.000100838
-0.019019 1.97564e-05
-0.017017 -5.3169e-05
-0.015015 -0.000117939
-0.013013 -0.000174553
-0.011011 -0.000223014
-0.00900901 -0.00026332
-0.00700701 -0.000295472
-0.00500501 -0.000319472
-0.003003 -0.000335319
-0.001001 -0.000343015
0.001001 -0.000342559
0.003003 -0.000333952
0.00500501 -0.000317195
0.00700701 -0.000292288
0.00900901 -0.000259232
0.011011 -0.000218028
0.013013 -0.000168675
0.015015 -0.000111175
0.017017 -4.55275e-05
0.019019 2.82663e-05
0.021021 0.000110206
0.023023 0.000200291
0.025025 0.000298521
0.027027 0.000404896
0.029029 0.000519414
0.031031 0.000642075
0.033033 0.00077288
0.035035 0.000911826
0.037037 0.00105891
0.039039 0.00121414
0.041041 0.00137751
0.043043 0.00154902
0.045045 0.00172867
0.047047 0.00191646
0.049049 0.00211239
0.0510511 0.00231645
0.0530531 0.00252865
0.0550551 0.00274899
0.0570571 0.00297747
0.0590591 0.00321408
0.0610611 0.00345883
0.0630631 0.00371171
0.0650651 0.00397272
0.0670671 0.00424187
0.0690691 0.00451915
0.0710711 0.00480457
0.0730731 0.00509811
0.0750751 0.00539979
0.0770771 0.0057096
0.0790791 0.00602754
0.0810811 0.00635361
0.0830831 0.0066878
0.0850851 0.00703013
0.0870871 0.00738059
0.0890891 0.00773917
0.0910911 0.00810588
0.0930931 0.00848071
0.0950951 0.00886368
0.0970971 0.00925477
0.0990991 0.00965398
0.101101 0.0100613
0.103103 0.0104768
0.105105 0.0109004
0.107107 0.0113321
0.109109 0.0117719
0.111111 0.0122199
0.113113 0.0126759
0.115115 0.0131401
0.117117 0.0136124
0.119119 0.0140929
0.121121 0.0145814
0.123123 0.0150781
0.125125 0.0155829
0.127127 0.0160958
0.129129 0.0166168
0.131131 0.017146
0.133133 0.0176832
0.135135 0.0182286
0.137137 0.0187821
0.139139 0.0193437
0.141141 0.0199134
0.143143 0.0204912
0.145145 0.0210771
0.147147 0.0216712
0.149149 0.0222733
0.151151 0.0228836
0.153153 0.0235019
0.155155 0.0241284
0.157157 0.0247629
0.159159 0.0254055
0.161161 0.0260561
0.163163 0.0267149
0.165165 0.0273817
0.167167 0.0280566
0.169169 0.0287395
0.171171 0.0294305
0.173173 0.0301295
0.175175 0.0308365
0.177177 0.0315517
0.179179 0.0322748
0.181181 0.033006
0.183183 0.0337452
0.185185 0.0344924
0.187187 0.0352476
0.189189 0.0360108
0.191191 0.0367821
0.193193 0.0375613
0.195195 0.0383486
0.197197 0.0391438
0.199199 0.039947
0.201201 0.0407582
0.203203 0.0415774
0.205205 0.0424046
0.207207 0.0432397
0.209209 0.0440828
0.211211 0.0449339
0.213213 0.0457929
0.215215 0.0466598
0.217217 0.0475348
0.219219 0.0484176
0.221221 0.0493084
0.223223 0.0502071
0.225225 0.0511138
0.227227 0.0520283
0.229229 0.0529508
0.231231 0.0538812
0.233233 0.0548195
0.235235 0.0557658
0.237237 0.0567199
0.239239 0.0576819
0.241241 0.0586518
0.243243 0.0596296
0.245245 0.0606153
0.247247 0.0616088
0.249249 0.0626102
0.251251 0.0636195
0.253253 0.0646367
0.255255 0.0656617
0.257257 0.0666946
0.259259 0.0677353
0.261261 0.0687838
0.263263 0.0698403
0.265265 0.0709045
0.267267 0.0719766
0.269269 0.0730565
0.271271 0.0741442
0.273273 0.0752397
0.275275 0.0763431
0.277277 0.0774542
0.279279 0.0785732
0.281281 0.0797
0.283283 0.0808345
0.285285 0.0819769
0.287287 0.083127
0.289289 0.0842849
0.291291 0.0854506
0.293293 0.086624
0.295295 0.0878053
0.297297 0.0889943
0.299299 0.090191
0.301301 0.0913955
0.303303 0.0926077
0.305305 0.0938277
0.307307 0.0950555
0.309309 0.0962909
0.311311 0.0975341
0.313313 0.0987851
0.315315 0.100044
0.317317 0.10131
0.319319 0.102584
0.321321 0.103866
0.323323 0.105155
0.325325 0.106453
0.327327 0.107757
0.329329 0.10907
0.331331 0.11039
0.333333 0.111718
0.335335 0.113054
0.337337 0.114397
0.339339 0.115748
0.341341 0.117107
0.343343 0.118473
0.345345 0.119847
0.347347 0.121228
0.349349 0.122617
0.351351 0.124014
0.353353 0.125419
0.355355 0.126831
0.357357 0.128251
0.359359 0.129678
0.361361 0.131113
0.363363 0.132555
0.365365 0.134006
0.367367 0.135463
0.369369 0.136929
0.371371 0.138402
0.373373 0.139882
0.375375 0.14137
0.377377 0.142866
0.379379 0.144369
0.381381 0.14588
0.383383 0.147399
0.385385 0.148924
0.387387 0.150458
0.389389 0.151999
0.391391 0.153548
0.393393 0.155104
0.395395 0.156668
0.397397 0.158239
0.399399 0.159818
0.401401 0.161404
0.403403 0.162998
0.405405 0.164599
0.407407 0.166208
0.409409 0.167824
0.411411 0.169448
0.413413 0.171079
0.415415 0.172718
0.417417 0.174364
0.419419 0.176018
0.421421 0.177679
0.423423 0.179348
0.425425 0.181024
0.427427 0.182708
0.429429 0.184399
0.431431 0.186098
0.433433 0.187804
0.435435 0.189517
0.437437 0.191238
0.439439 0.192967
0.441441 0.194703
0.443443 0.196447
0.445445 0.198198
0.447447 0.199957
0.449449 0.201724
0.451451 0.203498
0.453453 0.20528
0.455455 0.20707
0.457457 0.208867
0.459459 0.210672
0.461461 0.212485
0.463463 0.214306
0.465465 0.216134
0.467467 0.21797
0.469469 0.219814
0.471471 0.221666
0.473473 0.223526
0.475475 0.225393
0.477477 0.227269
0.479479 0.229152
0.481481 0.231044
0.483483 0.232943
0.485485 0.23485
0.487487 0.236765
0.489489 0.238689
0.491491 0.24062
0.493493 0.242559
0.495495 0.244507
0.497497 0.246462
0.499499 0.248426
0.501502 0.250398
0.503504 0.252378
0.505506 0.254366
0.507508 0.256362
0.50951 0.258366
0.511512 0.260379
0.513514 0.2624
0.515516 0.264429
0.517518 0.266467
0.51952 0.268512
0.521522 0.270567
0.523524 0.272629
0.525526 0.2747
0.527528 0.276779
0.52953 0.278866
0.531532 0.280962
0.533534 0.283067
0.535536 0.285179
0.537538 0.287301
0.53954 0.289431
0.541542 0.291569
0.543544 0.293716
0.545546 0.295871
0.547548 0.298035
0.54955 0.300207
0.551552 0.302389
0.553554 0.304578
0.555556 0.306777
0.557558 0.308984
0.55956 0.311199
0.561562 0.313424
0.563564 0.315657
0.565566 0.317899
0.567568 0.320149
0.56957 0.322409
0.571572 0.324677
0.573574 0.326954
0.575576 0.329239
0.577578 0.331534
0.57958 0.333838
0.581582 0.33615
0.583584 0.338471
0.585586 0.340801
0.587588 0.343141
0.58959 0.345489
0.591592 0.347846
0.593594 0.350212
0.595596 0.352587
0.597598 0.354971
0.5996 0.357364
0.601602 0.359767
0.603604 0.362178
0.605606 0.364599
0.607608 0.367028
0.60961 0.369467
0.611612 0.371915
0.613614 0.374372
0.615616 0.376838
0.617618 0.379314
0.61962 0.381799
0.621622 0.384293
0.623624 0.386796
0.625626 0.389309
0.627628 0.391831
0.62963 0.394362
0.631632 0.396903
0.633634 0.399453
0.635636 0.402012
0.637638 0.404581
0.63964 0.407159
0.641642 0.409747
0.643644 0.412344
0.645646 0.414951
0.647648 0.417567
0.64965 0.420193
0.651652 0.422828
0.653654 0.425473
0.655656 0.428128
0.657658 0.430792
0.65966 0.433465
0.661662 0.436149
0.663664 0.438842
0.665666 0.441544
0.667668 0.444257
0.66967 0.446979
0.671672 0.449711
0.673674 0.452452
0.675676 0.455204
0.677678 0.457965
0.67968 0.460736
0.681682 0.463517
0.683684 0.466307
0.685686 0.469108
0.687688 0.471918
0.68969 0.474738
0.691692 0.477569
0.693694 0.480409
0.695696 0.483259
0.697698 0.486119
0.6997 0.488989
0.701702 0.491869
0.703704 0.49476
0.705706 0.49766
0.707708 0.50057
0.70971 0.503491
0.711712 0.506421
0.713714 0.509362
0.715716 0.512313
0.717718 0.515274
0.71972 0.518245
0.721722 0.521226
0.723724 0.524217
0.725726 0.527217
0.727728 0.530228
0.72973 0.533248
0.731732 0.536278
0.733734 0.539317
0.735736 0.542366
0.737738 0.545424
0.73974 0.548491
0.741742 0.551568
0.743744 0.554654
0.745746 0.557749
0.747748 0.560853
0.74975 0.563966
0.751752 0.567088
0.753754 0.570219
0.755756 0.573358
0.757758 0.576506
0.75976 0.579663
0.761762 0.582828
0.763764 0.586002
0.765766 0.589184
0.767768 0.592375
0.76977 0.595574
0.771772 0.598781
0.773774 0.601996
0.775776 0.605219
0.777778 0.60845
0.77978 0.611689
0.781782 0.614936
0.783784 0.618191
0.785786 0.621453
0.787788 0.624723
0.78979 0.628
0.791792 0.631285
0.793794 0.634578
0.795796 0.637877
0.797798 0.641184
0.7998 0.644498
0.801802 0.64782
0.803804 0.651148
0.805806 0.654483
0.807808 0.657826
0.80981 0.661175
0.811812 0.66453
0.813814 0.667893
0.815816 0.671262
0.817818 0.674638
0.81982 0.67802
0.821822 0.681408
0.823824 0.684803
0.825826 0.688204
0.827828 0.691612
0.82983 0.695025
0.831832 0.698444
0.833834 0.70187
0.835836 0.705301
0.837838 0.708739
0.83984 0.712182
0.841842 0.71563
0.843844 0.719085
0.845846 0.722544
0.847848 0.72601
0.84985 0.729481
0.851852 0.732957
0.853854 0.736438
0.855856 0.739925
0.857858 0.743416
0.85986 0.746913
0.861862 0.750415
0.863864 0.753921
0.865866 0.757433
0.867868 0.760949
0.86987 0.76447
0.871872 0.767996
0.873874 0.771526
0.875876 0.77506
0.877878 0.778599
0.87988 0.782143
0.881882 0.78569
0.883884 0.789242
0.885886 0.792798
0.887888 0.796358
0.88989 0.799922
0.891892 0.80349
0.893894 0.807062
0.895896 0.810638
0.897898 0.814217
0.8999 0.8178
0.901902 0.821386
0.903904 0.824976
0.905906 0.828569
0.907908 0.832166
0.90991 0.835766
0.911912 0.839369
0.913914 0.842976
0.915916 0.846585
0.917918 0.850197
0.91992 0.853813
0.921922 0.857431
0.923924 0.861052
0.925926 0.864675
0.927928 0.868302
0.92993 0.87193
0.931932 0.875562
0.933934 0.879195
0.935936 0.882831
0.937938 0.88647
0.93994 0.89011
0.941942 0.893753
0.943944 0.897398
0.945946 0.901045
0.947948 0.904693
0.94995 0.908344
0.951952 0.911996
0.953954 0.91565
0.955956 0.919306
0.957958 0.922963
0.95996 0.926622
0.961962 0.930282
0.963964 0.933943
0.965966 0.937606
0.967968 0.94127
0.96997 0.944935
0.971972 0.948601
0.973974 0.952268
0.975976 0.955936
0.977978 0.959605
0.97998 0.963275
0.981982 0.966946
0.983984 0.970617
0.985986 0.974288
0.987988 0.977961
0.98999 0.981633
0.991992 0.985306
0.993994 0.988979
0.995996 0.992653
0.997998 0.996326
1 1
