-1 1
-0.997998 0.996241
-0.995996 0.992482
-0.993994 0.988723
-0.991992 0.984965
-0.98999 0.981207
-0.987988 0.977449
-0.985986 0.973692
-0.983984 0.969936
-0.981982 0.96618
-0.97998 0.962426
-0.977978 0.958672
-0.975976 0.954919
-0.973974 0.951168
-0.971972 0.947418
-0.96997 0.943669
-0.967968 0.939922
-0.965966 0.936176
-0.963964 0.932432
-0.961962 0.928689
-0.95996 0.924949
-0.957958 0.92121
-0.955956 0.917474
-0.953954 0.913739
-0.951952 0.910007
-0.94995 0.906277
-0.947948 0.90255
-0.945946 0.898825
-0.943944 0.895103
-0.941942 0.891383
-0.93994 0.887667
-0.937938 0.883953
-0.935936 0.880242
-0.933934 0.876535
-0.931932 0.87283
-0.92993 0.869129
-0.927928 0.865431
-0.925926 0.861737
-0.923924 0.858047
-0.921922 0.85436
-0.91992 0.850677
-0.917918 0.846997
-0.915916 0.843322
-0.913914 0.839651
-0.911912 0.835984
-0.90991 0.832322
-0.907908 0.828663
-0.905906 0.825009
-0.903904 0.82136
-0.901902 0.817716
-0.8999 0.814076
-0.897898 0.810441
-0.895896 0.806811
-0.893894 0.803186
-0.891892 0.799567
-0.88989 0.795952
-0.887888 0.792343
-0.885886 0.788739
-0.883884 0.785141
-0.881882 0.781549
-0.87988 0.777962
-0.877878 0.774381
-0.875876 0.770806
-0.873874 0.767237
-0.871872 0.763675
-0.86987 0.760118
-0.867868 0.756568
-0.865866 0.753024
-0.863864 0.749487
-0.861862 0.745956
-0.85986 0.742433
-0.857858 0.738915
-0.855856 0.735405
-0.853854 0.731902
-0.851852 0.728406
-0.84985 0.724917
-0.847848 0.721436
-0.845846 0.717961
-0.843844 0.714495
-0.841842 0.711036
-0.83984 0.707584
-0.837838 0.704141
-0.835836 0.700705
-0.833834 0.697277
-0.831832 0.693858
-0.82983 0.690446
-0.827828 0.687043
-0.825826 0.683648
-0.823824 0.680262
-0.821822 0.676884
-0.81982 0.673515
-0.817818 0.670155
-0.815816 0.666803
-0.813814 0.663461
-0.811812 0.660127
-0.80981 0.656803
-0.807808 0.653488
-0.805806 0.650182
-0.803804 0.646886
-0.801802 0.643599
-0.7998 0.640322
-0.797798 0.637055
-0.795796 0.633797
-0.793794 0.63055
-0.791792 0.627312
-0.78979 0.624085
-0.787788 0.620868
-0.785786 0.617661
-0.783784 0.614464
-0.781782 0.611278
-0.77978 0.608103
-0.777778 0.604938
-0.775776 0.60174
-0.773774 0.598552
-0.771772 0.595376
-0.76977 0.59221
-0.767768 0.589054
-0.765766 0.58591
-0.763764 0.582775
-0.761762 0.579652
-0.75976 0.576539
-0.757758 0.573437
-0.755756 0.570345
-0.753754 0.567263
-0.751752 0.564192
-0.74975 0.561131
-0.747748 0.558081
-0.745746 0.555041
-0.743744 0.552011
-0.741742 0.548992
-0.73974 0.545983
-0.737738 0.542984
-0.735736 0.539995
-0.733734 0.537016
-0.731732 0.534048
-0.72973 0.531089
-0.727728 0.528141
-0.725726 0.525202
-0.723724 0.522274
-0.721722 0.519355
-0.71972 0.516446
-0.717718 0.513548
-0.715716 0.510659
-0.713714 0.50778
-0.711712 0.504911
-0.70971 0.502051
-0.707708 0.499201
-0.705706 0.496361
-0.703704 0.493531
-0.701702 0.49071
-0.6997 0.487899
-0.697698 0.485097
-0.695696 0.482305
-0.693694 0.479522
-0.691692 0.476749
-0.68969 0.473985
-0.687688 0.471231
-0.685686 0.468486
-0.683684 0.46575
-0.681682 0.463024
-0.67968 0.460307
-0.677678 0.457599
-0.675676 0.454901
-0.673674 0.452211
-0.671672 0.449531
-0.66967 0.44686
-0.667668 0.444198
-0.665666 0.441545
-0.663664 0.438901
-0.661662 0.436266
-0.65966 0.43364
-0.657658 0.431023
-0.655656 0.428415
-0.653654 0.425816
-0.651652 0.423225
-0.64965 0.420643
-0.647648 0.41807
-0.645646 0.415506
-0.643644 0.412951
-0.641642 0.410404
-0.63964 0.407866
-0.637638 0.405336
-0.635636 0.402815
-0.633634 0.400303
-0.631632 0.397799
-0.62963 0.395303
-0.627628 0.392816
-0.625626 0.390338
-0.623624 0.387868
-0.621622 0.385406
-0.61962 0.382952
-0.617618 0.380507
-0.615616 0.37807
-0.613614 0.375641
-0.611612 0.373221
-0.60961 0.370808
-0.607608 0.368404
-0.605606 0.366008
-0.603604 0.36362
-0.601602 0.36124
-0.5996 0.358868
-0.597598 0.356504
-0.595596 0.354147
-0.593594 0.351799
-0.591592 0.349459
-0.58959 0.347126
-0.587588 0.344801
-0.585586 0.342484
-0.583584 0.340175
-0.581582 0.337874
-0.57958 0.33558
-0.577578 0.333294
-0.575576 0.331015
-0.573574 0.328744
-0.571572 0.326481
-0.56957 0.324225
-0.567568 0.321977
-0.565566 0.319736
-0.563564 0.317502
-0.561562 0.315276
-0.55956 0.313057
-0.557558 0.310846
-0.555556 0.308642
-0.553554 0.306445
-0.551552 0.304256
-0.54955 0.302073
-0.547548 0.299898
-0.545546 0.297731
-0.543544 0.29557
-0.541542 0.293417
-0.53954 0.291272
-0.537538 0.289133
-0.535536 0.287002
-0.533534 0.284879
-0.531532 0.282762
-0.52953 0.280653
-0.527528 0.278552
-0.525526 0.276458
-0.523524 0.274371
-0.521522 0.272292
-0.51952 0.27022
-0.517518 0.268155
-0.515516 0.266098
-0.513514 0.264048
-0.511512 0.262006
-0.50951 0.259971
-0.507508 0.257944
-0.505506 0.255924
-0.503504 0.253912
-0.501502 0.251907
-0.499499 0.24991
-0.497497 0.24792
-0.495495 0.245938
-0.493493 0.243963
-0.491491 0.241996
-0.489489 0.240036
-0.487487 0.238084
-0.485485 0.236139
-0.483483 0.234202
-0.481481 0.232273
-0.479479 0.230351
-0.477477 0.228436
-0.475475 0.22653
-0.473473 0.224631
-0.471471 0.222739
-0.469469 0.220855
-0.467467 0.218979
-0.465465 0.21711
-0.463463 0.21525
-0.461461 0.213396
-0.459459 0.211551
-0.457457 0.209713
-0.455455 0.207883
-0.453453 0.20606
-0.451451 0.204245
-0.449449 0.202438
-0.447447 0.200639
-0.445445 0.198847
-0.443443 0.197063
-0.441441 0.195287
-0.439439 0.193519
-0.437437 0.191758
-0.435435 0.190005
-0.433433 0.18826
-0.431431 0.186523
-0.429429 0.184793
-0.427427 0.183071
-0.425425 0.181357
-0.423423 0.179651
-0.421421 0.177953
-0.419419 0.176263
-0.417417 0.17458
-0.415415 0.172905
-0.413413 0.171239
-0.411411 0.16958
-0.409409 0.167928
-0.407407 0.166285
-0.405405 0.16465
-0.403403 0.163023
-0.401401 0.161403
-0.399399 0.159791
-0.397397 0.158188
-0.395395 0.156592
-0.393393 0.155004
-0.391391 0.153425
-0.389389 0.151853
-0.387387 0.150289
-0.385385 0.148733
-0.383383 0.147185
-0.381381 0.145645
-0.379379 0.144114
-0.377377 0.14259
-0.375375 0.141074
-0.373373 0.139566
-0.371371 0.138066
-0.369369 0.136575
-0.367367 0.135091
-0.365365 0.133616
-0.363363 0.132148
-0.361361 0.130689
-0.359359 0.129237
-0.357357 0.127794
-0.355355 0.126359
-0.353353 0.124932
-0.351351 0.123513
-0.349349 0.122103
-0.347347 0.1207
-0.345345 0.119306
-0.343343 0.11792
-0.341341 0.116541
-0.339339 0.115172
-0.337337 0.11381
-0.335335 0.112456
-0.333333 0.111111
-0.331331 0.109774
-0.329329 0.108445
-0.327327 0.107125
-0.325325 0.105812
-0.323323 0.104508
-0.321321 0.103212
-0.319319 0.101924
-0.317317 0.100644
-0.315315 0.0993728
-0.313313 0.0981096
-0.311311 0.0968545
-0.309309 0.0956076
-0.307307 0.094369
-0.305305 0.0931385
-0.303303 0.0919161
-0.301301 0.090702
-0.299299 0.089496
-0.297297 0.0882983
-0.295295 0.0871087
-0.293293 0.0859272
-0.291291 0.084754
-0.289289 0.0835889
-0.287287 0.0824319
-0.285285 0.0812832
-0.283283 0.0801426
-0.281281 0.0790101
-0.279279 0.0778858
-0.277277 0.0767697
-0.275275 0.0756617
-0.273273 0.0745619
-0.271271 0.0734702
-0.269269 0.0723867
-0.267267 0.0713113
-0.265265 0.070244
-0.263263 0.0691849
-0.261261 0.068134
-0.259259 0.0670911
-0.257257 0.0660564
-0.255255 0.0650299
-0.253253 0.0640114
-0.251251 0.0630011
-0.249249 0.0619989
-0.247247 0.0610049
-0.245245 0.0600189
-0.243243 0.0590411
-0.241241 0.0580714
-0.239239 0.0571098
-0.237237 0.0561563
-0.235235 0.0552109
-0.233233 0.0542736
-0.231231 0.0533445
-0.229229 0.0524234
-0.227227 0.0515105
-0.225225 0.0506056
-0.223223 0.0497088
-0.221221 0.0488202
-0.219219 0.0479396
-0.217217 0.0470671
-0.215215 0.0462027
-0.213213 0.0453464
-0.211211 0.0444982
-0.209209 0.043658
-0.207207 0.042826
-0.205205 0.042002
-0.203203 0.0411861
-0.201201 0.0403782
-0.199199 0.0395784
-0.197197 0.0387867
-0.195195 0.0380031
-0.193193 0.0372275
-0.191191 0.03646
-0.189189 0.0357006
-0.187187 0.0349492
-0.185185 0.0342058
-0.183183 0.0334706
-0.181181 0.0327433
-0.179179 0.0320241
-0.177177 0.031313
-0.175175 0.0306099
-0.173173 0.0299149
-0.171171 0.0292279
-0.169169 0.0285489
-0.167167 0.027878
-0.165165 0.027215
-0.163163 0.0265602
-0.161161 0.0259133
-0.159159 0.0252745
-0.157157 0.0246437
-0.155155 0.024021
-0.153153 0.0234062
-0.151151 0.0227995
-0.149149 0.0222008
-0.147147 0.0216101
-0.145145 0.0210274
-0.143143 0.0204528
-0.141141 0.0198861
-0.139139 0.0193275
-0.137137 0.0187768
-0.135135 0.0182342
-0.133133 0.0176995
-0.131131 0.0171728
-0.129129 0.0166542
-0.127127 0.0161435
-0.125125 0.0156408
-0.123123 0.0151462
-0.121121 0.0146595
-0.119119 0.0141807
-0.117117 0.01371
-0.115115 0.0132473
-0.113113 0.0127925
-0.111111 0.0123457
-0.109109 0.0119069
-0.107107 0.011476
-0.105105 0.0110531
-0.103103 0.0106382
-0.101101 0.0102313
-0.0990991 0.00983232
-0.0970971 0.00944134
-0.0950951 0.00905833
-0.0930931 0.00868329
-0.0910911 0.00831623
-0.0890891 0.00795715
-0.0870871 0.00760604
-0.0850851 0.0072629
-0.0830831 0.00692774
-0.0810811 0.00660056
-0.0790791 0.00628135
-0.0770771 0.00597012
-0.0750751 0.00566686
-0.0730731 0.00537158
-0.0710711 0.00508427
-0.0690691 0.00480494
-0.0670671 0.00453359
-0.0650651 0.00427021
-0.0630631 0.00401481
-0.0610611 0.00376739
-0.0590591 0.00352794
-0.0570571 0.00329647
-0.0550551 0.00307298
-0.0530531 0.00285747
-0.0510511 0.00264993
-0.049049 0.00245037
-0.047047 0.00225879
-0.045045 0.00207518
-0.043043 0.00189956
-0.041041 0.00173191
-0.039039 0.00157224
-0.037037 0.00142055
-0.035035 0.00127684
-0.033033 0.00114111
-0.031031 0.00101335
-0.029029 0.000893575
-0.027027 0.000781779
-0.025025 0.000677962
-0.023023 0.000582125
-0.021021 0.000494267
-0.019019 0.000414389
-0.017017 0.000342491
-0.015015 0.000278573
-0.013013 0.000222635
-0.011011 0.000174678
-0.00900901 0.000134701
-0.00700701 0.000102704
-0.00500501 7.86888e-05
-0.003003 6.2654e-05
-0.001001 5.46002e-05
0.001001 5.45276e-05
0.003003 6.24364e-05
0.00500501 7.83265e-05
0.00700701 0.000102198
0.00900901 0.000134052
0.011011 0.000173887
0.013013 0.000221705
0.015015 0.000277504
0.017017 0.000341286
0.019019 0.00041305
0.021021 0.000492797
0.023023 0.000580527
0.025025 0.000676239
0.027027 0.000779935
0.029029 0.000891614
0.031031 0.00101128
0.033033 0.00113892
0.035035 0.00127455
0.037037 0.00141816
0.039039 0.00156976
0.041041 0.00172934
0.043043 0.0018969
0.045045 0.00207245
0.047047 0.00225599
0.049049 0.0024475
0.0510511 0.00264701
0.0530531 0.0028545
0.0550551 0.00306997
0.0570571 0.00329343
0.0590591 0.00352487
0.0610611 0.0037643
0.0630631 0.00401171
0.0650651 0.00426711
0.0670671 0.0045305
0.0690691 0.00480187
0.0710711 0.00508122
0.0730731 0.00536857
0.0750751 0.0056639
0.0770771 0.00596722
0.0790791 0.00627852
0.0810811 0.00659781
0.0830831 0.00692509
0.0850851 0.00726035
0.0870871 0.0076036
0.0890891 0.00795484
0.0910911 0.00831407
0.0930931 0.00868128
0.0950951 0.00905648
0.0970971 0.00943967
0.0990991 0.00983085
0.101101 0.01023
0.103103 0.0106372
0.105105 0.0110523
0.107107 0.0114754
0.109109 0.0119066
0.111111 0.0123457
0.113113 0.0127928
0.115115 0.0132479
0.117117 0.0137109
0.119119 0.014182
0.121121 0.0146611
0.123123 0.0151482
0.125125 0.0156432
0.127127 0.0161463
0.129129 0.0166574
0.131131 0.0171764
0.133133 0.0177035
0.135135 0.0182386
0.137137 0.0187817
0.139139 0.0193328
0.141141 0.0198919
0.143143 0.020459
0.145145 0.0210342
0.147147 0.0216173
0.149149 0.0222085
0.151151 0.0228077
0.153153 0.0234149
0.155155 0.0240302
0.157157 0.0246534
0.159159 0.0252847
0.161161 0.025924
0.163163 0.0265714
0.165165 0.0272268
0.167167 0.0278902
0.169169 0.0285616
0.171171 0.0292411
0.173173 0.0299286
0.175175 0.0306242
0.177177 0.0313277
0.179179 0.0320394
0.181181 0.0327591
0.183183 0.0334868
0.185185 0.0342226
0.187187 0.0349664
0.189189 0.0357182
0.191191 0.0364782
0.193193 0.0372461
0.195195 0.0380222
0.197197 0.0388062
0.199199 0.0395984
0.201201 0.0403986
0.203203 0.0412068
0.205205 0.0420232
0.207207 0.0428476
0.209209 0.04368
0.211211 0.0445205
0.213213 0.0453691
0.215215 0.0462258
0.217217 0.0470905
0.219219 0.0479633
0.221221 0.0488442
0.223223 0.0497332
0.225225 0.0506302
0.227227 0.0515353
0.229229 0.0524485
0.231231 0.0533698
0.233233 0.0542992
0.235235 0.0552366
0.237237 0.0561822
0.239239 0.0571358
0.241241 0.0580975
0.243243 0.0590673
0.245245 0.0600452
0.247247 0.0610312
0.249249 0.0620254
0.251251 0.0630276
0.253253 0.0640379
0.255255 0.0650563
0.257257 0.0660828
0.259259 0.0671174
0.261261 0.0681601
0.263263 0.069211
0.265265 0.0702699
0.267267 0.071337
0.269269 0.0724121
0.271271 0.0734954
0.273273 0.0745868
0.275275 0.0756863
0.277277 0.076794
0.279279 0.0779097
0.281281 0.0790336
0.283283 0.0801656
0.285285 0.0813058
0.287287 0.082454
0.289289 0.0836104
0.291291 0.0847749
0.293293 0.0859476
0.295295 0.0871284
0.297297 0.0883173
0.299299 0.0895144
0.301301 0.0907196
0.303303 0.0919329
0.305305 0.0931544
0.307307 0.0943841
0.309309 0.0956218
0.311311 0.0968678
0.313313 0.0981218
0.315315 0.0993841
0.317317 0.100654
0.319319 0.101933
0.321321 0.10322
0.323323 0.104514
0.325325 0.105817
0.327327 0.107129
0.329329 0.108448
0.331331 0.109775
0.333333 0.111111
0.335335 0.112455
0.337337 0.113807
0.339339 0.115167
0.341341 0.116535
0.343343 0.117912
0.345345 0.119296
0.347347 0.120689
0.349349 0.12209
0.351351 0.123499
0.353353 0.124916
0.355355 0.126341
0.357357 0.127774
0.359359 0.129215
0.361361 0.130665
0.363363 0.132122
0.365365 0.133588
0.367367 0.135061
0.369369 0.136543
0.371371 0.138033
0.373373 0.13953
0.375375 0.141036
0.377377 0.14255
0.379379 0.144072
0.381381 0.145602
0.383383 0.147139
0.385385 0.148685
0.387387 0.150239
0.389389 0.151801
0.391391 0.153371
0.393393 0.154949
0.395395 0.156534
0.397397 0.158128
0.399399 0.15973
0.401401 0.161339
0.403403 0.162957
0.405405 0.164583
0.407407 0.166216
0.409409 0.167857
0.411411 0.169507
0.413413 0.171164
0.415415 0.172829
0.417417 0.174502
0.419419 0.176183
0.421421 0.177872
0.423423 0.179568
0.425425 0.181273
0.427427 0.182985
0.429429 0.184706
0.431431 0.186434
0.433433 0.18817
0.435435 0.189913
0.437437 0.191665
0.439439 0.193425
0.441441 0.195192
0.443443 0.196967
0.445445 0.19875
0.447447 0.200541
0.449449 0.202339
0.451451 0.204145
0.453453 0.205959
0.455455 0.207781
0.457457 0.209611
0.459459 0.211448
0.461461 0.213293
0.463463 0.215146
0.465465 0.217007
0.467467 0.218875
0.469469 0.220751
0.471471 0.222635
0.473473 0.224527
0.475475 0.226426
0.477477 0.228333
0.479479 0.230248
0.481481 0.23217
0.483483 0.2341
0.485485 0.236038
0.487487 0.237983
0.489489 0.239936
0.491491 0.241897
0.493493 0.243865
0.495495 0.245841
0.497497 0.247824
0.499499 0.249816
0.501502 0.251815
0.503504 0.253821
0.505506 0.255835
0.507508 0.257857
0.50951 0.259886
0.511512 0.261923
0.513514 0.263968
0.515516 0.26602
0.517518 0.268079
0.51952 0.270146
0.521522 0.272221
0.523524 0.274303
0.525526 0.276393
0.527528 0.278491
0.52953 0.280596
0.531532 0.282708
0.533534 0.284828
0.535536 0.286955
0.537538 0.28909
0.53954 0.291233
0.541542 0.293383
0.543544 0.29554
0.545546 0.297705
0.547548 0.299878
0.54955 0.302058
0.551552 0.304245
0.553554 0.30644
0.555556 0.308642
0.557558 0.310852
0.55956 0.313069
0.561562 0.315293
0.563564 0.317526
0.565566 0.319765
0.567568 0.322013
0.56957 0.324267
0.571572 0.32653
0.573574 0.3288
0.575576 0.331078
0.577578 0.333363
0.57958 0.335656
0.581582 0.337957
0.583584 0.340266
0.585586 0.342583
0.587588 0.344907
0.58959 0.347239
0.591592 0.349579
0.593594 0.351927
0.595596 0.354282
0.597598 0.356646
0.5996 0.359018
0.601602 0.361397
0.603604 0.363785
0.605606 0.366181
0.607608 0.368584
0.60961 0.370996
0.611612 0.373416
0.613614 0.375844
0.615616 0.37828
0.617618 0.380725
0.61962 0.383177
0.621622 0.385638
0.623624 0.388107
0.625626 0.390584
0.627628 0.39307
0.62963 0.395564
0.631632 0.398066
0.633634 0.400577
0.635636 0.403096
0.637638 0.405623
0.63964 0.408159
0.641642 0.410703
0.643644 0.413256
0.645646 0.415818
0.647648 0.418388
0.64965 0.420966
0.651652 0.423553
0.653654 0.426149
0.655656 0.428753
0.657658 0.431366
0.65966 0.433988
0.661662 0.436619
0.663664 0.439258
0.665666 0.441906
0.667668 0.444563
0.66967 0.447228
0.671672 0.449902
0.673674 0.452586
0.675676 0.455278
0.677678 0.457979
0.67968 0.460689
0.681682 0.463408
0.683684 0.466136
0.685686 0.468873
0.687688 0.471619
0.68969 0.474374
0.691692 0.477138
0.693694 0.479911
0.695696 0.482694
0.697698 0.485485
0.6997 0.488286
0.701702 0.491096
0.703704 0.493915
0.705706 0.496743
0.707708 0.499581
0.70971 0.502428
0.711712 0.505285
0.713714 0.50815
0.715716 0.511025
0.717718 0.51391
0.71972 0.516804
0.721722 0.519707
0.723724 0.52262
0.725726 0.525542
0.727728 0.528474
0.72973 0.531415
0.731732 0.534366
0.733734 0.537327
0.735736 0.540297
0.737738 0.543277
0.73974 0.546267
0.741742 0.549266
0.743744 0.552275
0.745746 0.555294
0.747748 0.558322
0.74975 0.56136
0.751752 0.564408
0.753754 0.567466
0.755756 0.570534
0.757758 0.573612
0.75976 0.576699
0.761762 0.579797
0.763764 0.582904
0.765766 0.586022
0.767768 0.58915
0.76977 0.592287
0.771772 0.595435
0.773774 0.598592
0.775776 0.60176
0.777778 0.604938
0.77978 0.608126
0.781782 0.611325
0.783784 0.614533
0.785786 0.617751
0.787788 0.620979
0.78979 0.624216
0.791792 0.627463
0.793794 0.63072
0.795796 0.633986
0.797798 0.637262
0.7998 0.640547
0.801802 0.64384
0.803804 0.647143
0.805806 0.650455
0.807808 0.653776
0.80981 0.657106
0.811812 0.660444
0.813814 0.663791
0.815816 0.667146
0.817818 0.67051
0.81982 0.673882
0.821822 0.677263
0.823824 0.680651
0.825826 0.684048
0.827828 0.687452
0.82983 0.690865
0.831832 0.694285
0.833834 0.697713
0.835836 0.701149
0.837838 0.704592
0.83984 0.708042
0.841842 0.7115
0.843844 0.714965
0.845846 0.718437
0.847848 0.721916
0.84985 0.725402
0.851852 0.728895
0.853854 0.732395
0.855856 0.735902
0.857858 0.739415
0.85986 0.742934
0.861862 0.74646
0.863864 0.749993
0.865866 0.753531
0.867868 0.757076
0.86987 0.760627
0.871872 0.764183
0.873874 0.767746
0.875876 0.771314
0.877878 0.774888
0.87988 0.778468
0.881882 0.782053
0.883884 0.785643
0.885886 0.789239
0.887888 0.79284
0.88989 0.796446
0.891892 0.800057
0.893894 0.803673
0.895896 0.807294
0.897898 0.81092
0.8999 0.81455
0.901902 0.818185
0.903904 0.821825
0.905906 0.825469
0.907908 0.829117
0.90991 0.832769
0.911912 0.836426
0.913914 0.840086
0.915916 0.843751
0.917918 0.847419
0.91992 0.851091
0.921922 0.854767
0.923924 0.858446
0.925926 0.862129
0.927928 0.865815
0.92993 0.869504
0.931932 0.873197
0.933934 0.876893
0.935936 0.880592
0.937938 0.884293
0.93994 0.887998
0.941942 0.891705
0.943944 0.895415
0.945946 0.899128
0.947948 0.902843
0.94995 0.90656
0.951952 0.91028
0.953954 0.914001
0.955956 0.917725
0.957958 0.921451
0.95996 0.925179
0.961962 0.928909
0.963964 0.93264
0.965966 0.936374
0.967968 0.940108
0.96997 0.943844
0.971972 0.947582
0.973974 0.951321
0.975976 0.955061
0.977978 0.958802
0.97998 0.962544
0.981982 0.966287
0.983984 0.970031
0.985986 0.973775
0.987988 0.97752
0.98999 0.981266
0.991992 0.985012
0.993994 0.988759
0.995996 0.992506
0.997998 0.996253
1 1
