-1 1
-0.997998 1.72757e+16
-0.995996 1.65824e+16
-0.993994 1.14494e+16
-0.991992 6.63956e+15
-0.98999 3.31762e+15
-0.987988 1.37404e+15
-0.985986 3.86759e+14
-0.983984 -3.47077e+13
-0.981982 -1.63524e+14
-0.97998 -1.63465e+14
-0.977978 -1.20889e+14
-0.975976 -7.50414e+13
-0.973974 -3.98088e+13
-0.971972 -1.71902e+13
-0.96997 -4.69858e+12
-0.967968 1.05901e+12
-0.965966 2.94924e+12
-0.963964 2.95071e+12
-0.961962 2.24434e+12
-0.95996 1.4379e+12
-0.957958 7.83645e+11
-0.955956 3.41796e+11
-0.953954 8.60283e+10
-0.951952 -3.69455e+10
-0.94995 -7.85709e+10
-0.947948 -7.78339e+10
-0.945946 -5.99713e+10
-0.943944 -3.90614e+10
-0.941942 -2.15454e+10
-0.93994 -9.33072e+09
-0.937938 -2.04453e+09
-0.935936 1.54827e+09
-0.933934 2.77412e+09
-0.931932 2.71104e+09
-0.92993 2.09989e+09
-0.927928 1.37894e+09
-0.925926 7.62876e+08
-0.923924 3.23911e+08
-0.921922 5.67442e+07
-0.91992 -7.69607e+07
-0.917918 -1.22214e+08
-0.915916 -1.17685e+08
-0.913914 -9.12232e+07
-0.911912 -6.00706e+07
-0.90991 -3.31192e+07
-0.907908 -1.36291e+07
-0.905906 -1.60522e+06
-0.903904 4.45725e+06
-0.901902 6.46524e+06
-0.8999 6.1332e+06
-0.897898 4.74367e+06
-0.895896 3.12034e+06
-0.893894 1.70558e+06
-0.891892 672083
-0.88989 28882.1
-0.887888 -295998
-0.885886 -399928
-0.883884 -373829
-0.881882 -287898
-0.87988 -188601
-0.877878 -101730
-0.875876 -37846.5
-0.873874 2115.61
-0.871872 22240.3
-0.86987 28370.7
-0.867868 26139.7
-0.865866 20013.5
-0.863864 13024.4
-0.861862 6901.98
-0.85986 2381.68
-0.857858 -452.101
-0.855856 -1868.89
-0.853854 -2273.06
-0.851852 -2065.05
-0.84985 -1569.64
-0.847848 -1012.18
-0.845846 -524.132
-0.843844 -163.127
-0.841842 63.1082
-0.83984 174.951
-0.837838 204.199
-0.835836 183.065
-0.833834 138.191
-0.831832 88.4046
-0.82983 44.9078
-0.827828 12.7281
-0.825826 -7.38852
-0.823824 -17.1851
-0.821822 -19.4692
-0.81982 -17.1405
-0.817818 -12.6378
-0.815816 -7.71236
-0.813814 -3.42332
-0.811812 -0.255386
-0.80981 1.7147
-0.807808 2.65387
-0.805806 2.83782
-0.803804 2.55594
-0.801802 2.05518
-0.7998 1.51536
-0.797798 1.04674
-0.795796 0.700597
-0.793794 0.485367
-0.791792 0.383306
-0.78979 0.364551
-0.787788 0.397321
-0.785786 0.454162
-0.783784 0.514835
-0.781782 0.566782
-0.77978 0.604092
-0.777778 0.62577
-0.775776 0.633896
-0.773774 0.632014
-0.771772 0.623937
-0.76977 0.612998
-0.767768 0.601679
-0.765766 0.591533
-0.763764 0.583302
-0.761762 0.57711
-0.75976 0.57269
-0.757758 0.569585
-0.755756 0.567295
-0.753754 0.565383
-0.751752 0.56352
-0.74975 0.561495
-0.747748 0.55921
-0.745746 0.556648
-0.743744 0.553846
-0.741742 0.550867
-0.73974 0.547784
-0.737738 0.544657
-0.735736 0.541534
-0.733734 0.538446
-0.731732 0.535407
-0.72973 0.532418
-0.727728 0.529475
-0.725726 0.526568
-0.723724 0.523687
-0.721722 0.52082
-0.71972 0.517962
-0.717718 0.515108
-0.715716 0.512255
-0.713714 0.509403
-0.711712 0.506553
-0.70971 0.503706
-0.707708 0.500865
-0.705706 0.498031
-0.703704 0.495204
-0.701702 0.492387
-0.6997 0.489578
-0.697698 0.486779
-0.695696 0.483989
-0.693694 0.481208
-0.691692 0.478435
-0.68969 0.47567
-0.687688 0.472913
-0.685686 0.470165
-0.683684 0.467424
-0.681682 0.464691
-0.67968 0.461965
-0.677678 0.459248
-0.675676 0.456538
-0.673674 0.453837
-0.671672 0.451143
-0.66967 0.448457
-0.667668 0.44578
-0.665666 0.443111
-0.663664 0.440449
-0.661662 0.437796
-0.65966 0.435151
-0.657658 0.432514
-0.655656 0.429884
-0.653654 0.427263
-0.651652 0.42465
-0.64965 0.422045
-0.647648 0.419448
-0.645646 0.416858
-0.643644 0.414277
-0.641642 0.411704
-0.63964 0.409139
-0.637638 0.406582
-0.635636 0.404033
-0.633634 0.401492
-0.631632 0.398959
-0.62963 0.396433
-0.627628 0.393916
-0.625626 0.391407
-0.623624 0.388906
-0.621622 0.386413
-0.61962 0.383928
-0.617618 0.381452
-0.615616 0.378983
-0.613614 0.376522
-0.611612 0.374069
-0.60961 0.371624
-0.607608 0.369187
-0.605606 0.366758
-0.603604 0.364337
-0.601602 0.361924
-0.5996 0.35952
-0.597598 0.357123
-0.595596 0.354734
-0.593594 0.352353
-0.591592 0.349981
-0.58959 0.347616
-0.587588 0.345259
-0.585586 0.34291
-0.583584 0.34057
-0.581582 0.338237
-0.57958 0.335912
-0.577578 0.333596
-0.575576 0.331287
-0.573574 0.328987
-0.571572 0.326694
-0.56957 0.324409
-0.567568 0.322133
-0.565566 0.319864
-0.563564 0.317604
-0.561562 0.315351
-0.55956 0.313107
-0.557558 0.31087
-0.555556 0.308642
-0.553554 0.306422
-0.551552 0.304209
-0.54955 0.302005
-0.547548 0.299808
-0.545546 0.29762
-0.543544 0.29544
-0.541542 0.293267
-0.53954 0.291103
-0.537538 0.288947
-0.535536 0.286798
-0.533534 0.284658
-0.531532 0.282526
-0.52953 0.280402
-0.527528 0.278285
-0.525526 0.276177
-0.523524 0.274077
-0.521522 0.271985
-0.51952 0.269901
-0.517518 0.267824
-0.515516 0.265756
-0.513514 0.263696
-0.511512 0.261644
-0.50951 0.2596
-0.507508 0.257564
-0.505506 0.255536
-0.503504 0.253516
-0.501502 0.251504
-0.499499 0.2495
-0.497497 0.247504
-0.495495 0.245516
-0.493493 0.243536
-0.491491 0.241564
-0.489489 0.2396
-0.487487 0.237644
-0.485485 0.235696
-0.483483 0.233756
-0.481481 0.231824
-0.479479 0.229901
-0.477477 0.227985
-0.475475 0.226077
-0.473473 0.224177
-0.471471 0.222285
-0.469469 0.220402
-0.467467 0.218526
-0.465465 0.216658
-0.463463 0.214798
-0.461461 0.212947
-0.459459 0.211103
-0.457457 0.209267
-0.455455 0.20744
-0.453453 0.20562
-0.451451 0.203808
-0.449449 0.202005
-0.447447 0.200209
-0.445445 0.198422
-0.443443 0.196642
-0.441441 0.194871
-0.439439 0.193107
-0.437437 0.191352
-0.435435 0.189604
-0.433433 0.187865
-0.431431 0.186133
-0.429429 0.18441
-0.427427 0.182694
-0.425425 0.180987
-0.423423 0.179287
-0.421421 0.177596
-0.419419 0.175913
-0.417417 0.174237
-0.415415 0.17257
-0.413413 0.170911
-0.411411 0.169259
-0.409409 0.167616
-0.407407 0.165981
-0.405405 0.164354
-0.403403 0.162734
-0.401401 0.161123
-0.399399 0.15952
-0.397397 0.157925
-0.395395 0.156338
-0.393393 0.154758
-0.391391 0.153187
-0.389389 0.151624
-0.387387 0.150069
-0.385385 0.148522
-0.383383 0.146983
-0.381381 0.145452
-0.379379 0.143929
-0.377377 0.142414
-0.375375 0.140907
-0.373373 0.139408
-0.371371 0.137917
-0.369369 0.136434
-0.367367 0.134959
-0.365365 0.133492
-0.363363 0.132033
-0.361361 0.130582
-0.359359 0.129139
-0.357357 0.127704
-0.355355 0.126277
-0.353353 0.124859
-0.351351 0.123448
-0.349349 0.122045
-0.347347 0.12065
-0.345345 0.119263
-0.343343 0.117885
-0.341341 0.116514
-0.339339 0.115151
-0.337337 0.113796
-0.335335 0.11245
-0.333333 0.111111
-0.331331 0.10978
-0.329329 0.108458
-0.327327 0.107143
-0.325325 0.105837
-0.323323 0.104538
-0.321321 0.103247
-0.319319 0.101965
-0.317317 0.10069
-0.315315 0.0994237
-0.313313 0.0981652
-0.311311 0.0969147
-0.309309 0.0956722
-0.307307 0.0944378
-0.305305 0.0932113
-0.303303 0.0919929
-0.301301 0.0907825
-0.299299 0.0895801
-0.297297 0.0883857
-0.295295 0.0871993
-0.293293 0.086021
-0.291291 0.0848506
-0.289289 0.0836883
-0.287287 0.082534
-0.285285 0.0813877
-0.283283 0.0802494
-0.281281 0.0791192
-0.279279 0.0779969
-0.277277 0.0768827
-0.275275 0.0757765
-0.273273 0.0746783
-0.271271 0.0735881
-0.269269 0.0725059
-0.267267 0.0714318
-0.265265 0.0703657
-0.263263 0.0693075
-0.261261 0.0682574
-0.259259 0.0672154
-0.257257 0.0661813
-0.255255 0.0651552
-0.253253 0.0641372
-0.251251 0.0631272
-0.249249 0.0621252
-0.247247 0.0611312
-0.245245 0.0601452
-0.243243 0.0591673
-0.241241 0.0581973
-0.239239 0.0572354
-0.237237 0.0562815
-0.235235 0.0553356
-0.233233 0.0543977
-0.231231 0.0534679
-0.229229 0.052546
-0.227227 0.0516322
-0.225225 0.0507264
-0.223223 0.0498286
-0.221221 0.0489388
-0.219219 0.0480571
-0.217217 0.0471833
-0.215215 0.0463176
-0.213213 0.0454599
-0.211211 0.0446102
-0.209209 0.0437685
-0.207207 0.0429348
-0.205205 0.0421092
-0.203203 0.0412915
-0.201201 0.0404819
-0.199199 0.0396803
-0.197197 0.0388867
-0.195195 0.0381012
-0.193193 0.0373236
-0.191191 0.0365541
-0.189189 0.0357925
-0.187187 0.035039
-0.185185 0.0342936
-0.183183 0.0335561
-0.181181 0.0328266
-0.179179 0.0321052
-0.177177 0.0313918
-0.175175 0.0306863
-0.173173 0.0299889
-0.171171 0.0292996
-0.169169 0.0286182
-0.167167 0.0279449
-0.165165 0.0272795
-0.163163 0.0266222
-0.161161 0.0259729
-0.159159 0.0253316
-0.157157 0.0246984
-0.155155 0.0240731
-0.153153 0.0234559
-0.151151 0.0228467
-0.149149 0.0222455
-0.147147 0.0216523
-0.145145 0.0210671
-0.143143 0.02049
-0.141141 0.0199208
-0.139139 0.0193597
-0.137137 0.0188066
-0.135135 0.0182615
-0.133133 0.0177244
-0.131131 0.0171954
-0.129129 0.0166743
-0.127127 0.0161613
-0.125125 0.0156563
-0.123123 0.0151593
-0.121121 0.0146703
-0.119119 0.0141893
-0.117117 0.0137164
-0.115115 0.0132515
-0.113113 0.0127945
-0.111111 0.0123457
-0.109109 0.0119048
-0.107107 0.0114719
-0.105105 0.011047
-0.103103 0.0106301
-0.101101 0.0102214
-0.0990991 0.00982065
-0.0970971 0.00942782
-0.0950951 0.00904301
-0.0930931 0.0086663
-0.0910911 0.00829747
-0.0890891 0.00793677
-0.0870871 0.00758389
-0.0850851 0.00723921
-0.0830831 0.00690257
-0.0810811 0.00657422
-0.0790791 0.00625359
-0.0770771 0.00594076
-0.0750751 0.00563621
-0.0730731 0.00533972
-0.0710711 0.00505103
-0.0690691 0.00476984
-0.0670671 0.0044976
-0.0650651 0.00423268
-0.0630631 0.00397608
-0.0610611 0.00372784
-0.0590591 0.00348785
-0.0570571 0.00325532
-0.0550551 0.00302928
-0.0530531 0.00281517
-0.0510511 0.00260302
-0.049049 0.0024037
-0.047047 0.00221321
-0.045045 0.00203053
-0.043043 0.00185025
-0.041041 0.00168046
-0.039039 0.00151755
-0.037037 0.00136992
-0.035035 0.00122666
-0.033033 0.00108005
-0.031031 0.000964502
-0.029029 0.000838302
-0.027027 0.000720132
-0.025025 0.000619614
-0.023023 0.000542082
-0.021021 0.000427057
-0.019019 0.000366996
-0.017017 0.000269543
-0.015015 0.000227289
-0.013013 0.00015186
-0.011011 0.000102638
-0.00900901 8.9269e-05
-0.00700701 6.57554e-05
-0.00500501 -2.59742e-06
-0.003003 3.92744e-06
-0.001001 2.33142e-05
0.001001 -3.33584e-05
0.003003 5.71387e-05
0.00500501 3.41137e-05
0.00700701 3.46401e-05
0.00900901 9.79936e-05
0.011011 8.48952e-05
0.013013 0.000174263
0.015015 0.000145699
0.017017 0.000306669
0.019019 0.000243307
0.021021 0.000314667
0.023023 0.00063102
0.025025 0.000688752
0.027027 0.00048309
0.029029 0.000963786
0.031031 0.00113738
0.033033 0.00174344
0.035035 0.00132863
0.037037 0.00106422
0.039039 0.00154624
0.041041 0.00225894
0.043043 0.00241103
0.045045 0.0032106
0.047047 0.00315398
0.049049 0.00311235
0.0510511 0.00105132
0.0530531 0.00269644
0.0550551 0.00327636
0.0570571 0.00337739
0.0590591 0.0013459
0.0610611 0.003089
0.0630631 0.00178334
0.0650651 0.0046652
0.0670671 0.0062389
0.0690691 0.00326935
0.0710711 0.00681942
0.0730731 0.00822305
0.0750751 0.0159091
0.0770771 0.00701001
0.0790791 0.0183898
0.0810811 0.0146188
0.0830831 0.0118558
0.0850851 0.0148318
0.0870871 0.00700041
0.0890891 -0.00582327
0.0910911 -0.0107657
0.0930931 0.00385217
0.0950951 0.0138488
0.0970971 0.0580542
0.0990991 0.0029487
0.101101 0.000715202
0.103103 0.0241379
0.105105 0.0167477
0.107107 0.0293111
0.109109 0.0501628
0.111111 0.0505456
0.113113 -0.0794715
0.115115 0.197281
0.117117 0.158576
0.119119 -0.13427
0.121121 0.177781
0.123123 0.614558
0.125125 0.108978
0.127127 0.0416849
0.129129 0.492295
0.131131 0.290778
0.133133 0.39664
0.135135 0.0644579
0.137137 0.0906968
0.139139 0.660845
0.141141 -0.159909
0.143143 0.203259
0.145145 1.2487
0.147147 -1.58067
0.149149 2.00834
0.151151 -1.32477
0.153153 0.85035
0.155155 0.568312
0.157157 -0.171286
0.159159 -1.93717
0.161161 1.1954
0.163163 -9.44418
0.165165 -0.042235
0.167167 0.680602
0.169169 0.937749
0.171171 -1.05026
0.173173 15.2773
0.175175 -8.20613
0.177177 6.39606
0.179179 -13.4273
0.181181 -6.00094
0.183183 -9.81328
0.185185 -22.9542
0.187187 22.3776
0.189189 -3.71295
0.191191 -15.0686
0.193193 -47.5585
0.195195 -67.8347
0.197197 74.619
0.199199 -98.5688
0.201201 27.3281
0.203203 -15.6544
0.205205 -64.0868
0.207207 147.172
0.209209 -276.995
0.211211 -410.808
0.213213 -58.1949
0.215215 50.5312
0.217217 -367.182
0.219219 39.1413
0.221221 70.3538
0.223223 -575.033
0.225225 23.7376
0.227227 -613.854
0.229229 -933.686
0.231231 -2480.45
0.233233 -2292.98
0.235235 -456.744
0.237237 1971.22
0.239239 -1431.07
0.241241 -1748.67
0.243243 -2391.72
0.245245 -4.79164
0.247247 1065.56
0.249249 -1030.97
0.251251 -6644.04
0.253253 -4914.28
0.255255 -2899.77
0.257257 -11987.8
0.259259 -17590.6
0.261261 -9408.05
0.263263 -4151.91
0.265265 -3979.36
0.267267 -7351.5
0.269269 -12787.1
0.271271 -24215.9
0.273273 -32257.5
0.275275 -46382.1
0.277277 -38180.8
0.279279 -29153.2
0.281281 -47083.9
0.283283 -84418.1
0.285285 -120890
0.287287 -110269
0.289289 18443.8
0.291291 -78513.5
0.293293 -95753.6
0.295295 -99321.5
0.297297 -186496
0.299299 -1787.02
0.301301 -186747
0.303303 -465648
0.305305 -406671
0.307307 -445409
0.309309 -410157
0.311311 -882987
0.313313 -565909
0.315315 -740390
0.317317 -1.84523e+06
0.319319 -1.67865e+06
0.321321 -1.28288e+06
0.323323 -2.34713e+06
0.325325 -1.13633e+06
0.327327 -1.44194e+06
0.329329 -1.53086e+06
0.331331 -3.04821e+06
0.333333 -1.69226e+06
0.335335 -4.71115e+06
0.337337 -3.87035e+06
0.339339 -4.98038e+06
0.341341 -8.98383e+06
0.343343 -1.0577e+07
0.345345 -2.1704e+06
0.347347 -1.45404e+07
0.349349 -9.69203e+06
0.351351 -8.67619e+06
0.353353 -3.42023e+06
0.355355 -2.07363e+07
0.357357 -2.14602e+07
0.359359 -2.58088e+07
0.361361 -2.35443e+07
0.363363 -3.21925e+07
0.365365 -4.9334e+07
0.367367 -2.64564e+07
0.369369 -4.66961e+07
0.371371 -6.13998e+07
0.373373 -2.83208e+07
0.375375 -9.93675e+07
0.377377 -7.61549e+07
0.379379 -9.92784e+07
0.381381 -1.00597e+08
0.383383 -1.49037e+08
0.385385 -1.08375e+08
0.387387 -1.50489e+08
0.389389 -1.5941e+08
0.391391 -2.59066e+08
0.393393 -1.06159e+08
0.395395 -3.21669e+08
0.397397 -3.19534e+08
0.399399 -3.44057e+08
0.401401 -3.69262e+08
0.403403 -6.72937e+08
0.405405 -6.48428e+08
0.407407 -5.81134e+08
0.409409 -8.5875e+08
0.411411 -7.14392e+08
0.413413 -9.89491e+08
0.415415 -6.92035e+08
0.417417 -1.09102e+09
0.419419 -1.32413e+09
0.421421 -5.02804e+08
0.423423 -1.37649e+09
0.425425 -1.25597e+09
0.427427 -1.85938e+09
0.429429 -2.35419e+09
0.431431 -3.16687e+09
0.433433 -3.16524e+09
0.435435 -4.73225e+09
0.437437 -5.76452e+09
0.439439 -8.014e+09
0.441441 -8.0642e+09
0.443443 -7.71253e+09
0.445445 -6.38463e+09
0.447447 -8.98764e+09
0.449449 -9.00112e+09
0.451451 -1.59181e+10
0.453453 -1.25865e+10
0.455455 -3.3127e+10
0.457457 -2.4697e+10
0.459459 -2.90568e+10
0.461461 -2.54721e+10
0.463463 -3.00811e+10
0.465465 -5.52219e+10
0.467467 -1.94606e+10
0.469469 -4.93057e+10
0.471471 -5.1007e+10
0.473473 -7.64844e+10
0.475475 -8.44098e+10
0.477477 -8.75027e+10
0.479479 -6.9924e+10
0.481481 -1.21892e+11
0.483483 -1.59043e+11
0.485485 -1.29535e+11
0.487487 -6.45305e+10
0.489489 -1.07494e+11
0.491491 -2.42238e+11
0.493493 -1.65424e+11
0.495495 -3.09029e+11
0.497497 -2.67368e+11
0.499499 -5.24473e+11
0.501502 -3.08114e+11
0.503504 -5.38854e+11
0.505506 -2.40365e+11
0.507508 -6.05377e+11
0.50951 -6.09209e+11
0.511512 -6.1288e+11
0.513514 -9.81143e+11
0.515516 -1.24075e+12
0.517518 -1.25173e+12
0.51952 -1.82756e+12
0.521522 -1.94631e+12
0.523524 -1.82431e+12
0.525526 -2.89487e+12
0.527528 -1.92617e+12
0.52953 -2.8871e+12
0.531532 -4.10879e+12
0.533534 -4.6701e+12
0.535536 -3.53623e+12
0.537538 -4.82529e+12
0.53954 -5.58956e+12
0.541542 -5.48635e+12
0.543544 -4.07664e+12
0.545546 -6.93598e+12
0.547548 -8.21338e+12
0.54955 -8.13828e+12
0.551552 -1.41053e+13
0.553554 -6.9053e+12
0.555556 -9.68681e+12
0.557558 -2.26157e+13
0.55956 -1.3523e+13
0.561562 -3.27516e+13
0.563564 -2.84676e+13
0.565566 -2.8089e+13
0.567568 -1.58543e+13
0.56957 -4.78463e+13
0.571572 -1.65996e+13
0.573574 -2.4724e+13
0.575576 -4.35947e+13
0.577578 -6.7897e+13
0.57958 -6.34064e+13
0.581582 -9.46984e+13
0.583584 -1.20361e+14
0.585586 -8.7892e+13
0.587588 -9.04295e+13
0.58959 -3.58462e+13
0.591592 -1.08835e+14
0.593594 -1.79225e+14
0.595596 -1.3585e+14
0.597598 -2.49998e+14
0.5996 -1.02246e+14
0.601602 -5.96365e+13
0.603604 -3.12081e+14
0.605606 -3.66743e+14
0.607608 -3.94969e+14
0.60961 3.4332e+13
0.611612 -6.22969e+14
0.613614 -1.91328e+14
0.615616 -7.12519e+14
0.617618 -6.27112e+14
0.61962 -7.03487e+14
0.621622 -7.79831e+14
0.623624 -1.02404e+15
0.625626 6.27978e+13
0.627628 -6.42914e+14
0.62963 -1.6013e+15
0.631632 -9.10904e+14
0.633634 -1.89196e+15
0.635636 -3.16547e+15
0.637638 -1.50675e+15
0.63964 -4.87895e+14
0.641642 -1.57805e+15
0.643644 -4.74404e+15
0.645646 -1.01284e+15
0.647648 -4.18349e+15
0.64965 -1.07887e+15
0.651652 -2.04277e+15
0.653654 -8.22383e+15
0.655656 -3.9925e+15
0.657658 -5.32845e+15
0.65966 -8.88612e+15
0.661662 -5.15434e+15
0.663664 -9.70141e+15
0.665666 -1.10603e+16
0.667668 -1.49211e+16
0.66967 -1.61087e+16
0.671672 -2.46933e+16
0.673674 -1.00186e+16
0.675676 -1.90378e+16
0.677678 -2.28026e+16
0.67968 -3.71535e+16
0.681682 -1.20256e+16
0.683684 -2.13539e+16
0.685686 -9.2902e+15
0.687688 -6.62109e+15
0.68969 -6.28644e+16
0.691692 -3.51787e+16
0.693694 -7.04485e+16
0.695696 -1.01567e+17
0.697698 1.23163e+16
0.6997 -7.88342e+16
0.701702 -6.72124e+16
0.703704 -1.7868e+16
0.705706 -8.06649e+16
0.707708 6.02655e+16
0.70971 -1.93151e+17
0.711712 -2.0525e+17
0.713714 -1.66948e+17
0.715716 -4.90922e+17
0.717718 5.69687e+16
0.71972 -1.80022e+17
0.721722 2.28723e+17
0.723724 -2.71597e+17
0.725726 -1.47636e+17
0.727728 -2.46186e+17
0.72973 -2.22495e+17
0.731732 -3.69218e+17
0.733734 -4.77447e+17
0.735736 -3.52947e+17
0.737738 -1.10213e+18
0.73974 -1.39683e+18
0.741742 -1.06237e+18
0.743744 -7.86694e+17
0.745746 -1.50107e+18
0.747748 -1.65748e+18
0.74975 -7.164e+17
0.751752 -1.36074e+18
0.753754 -4.19369e+18
0.755756 6.55105e+16
0.757758 4.55637e+17
0.75976 3.47619e+18
0.761762 2.03302e+18
0.763764 -3.13018e+18
0.765766 -2.73991e+18
0.767768 1.94606e+18
0.76977 -8.78222e+18
0.771772 1.84908e+18
0.773774 -5.83e+18
0.775776 -1.34771e+19
0.777778 7.63374e+18
0.77978 -3.82017e+18
0.781782 6.56335e+18
0.783784 -1.27601e+19
0.785786 -6.29189e+18
0.787788 4.23552e+19
0.78979 -1.89262e+19
0.791792 1.77966e+19
0.793794 3.44093e+19
0.795796 -3.22984e+19
0.797798 -3.69917e+19
0.7998 3.95914e+19
0.801802 4.70547e+17
0.803804 -7.55407e+19
0.805806 -5.12797e+18
0.807808 5.30516e+19
0.80981 -5.72481e+19
0.811812 2.89071e+19
0.813814 -7.77884e+19
0.815816 -1.7126e+20
0.817818 -1.93663e+20
0.81982 2.93324e+19
0.821822 5.59262e+19
0.823824 -1.64733e+20
0.825826 2.2718e+20
0.827828 2.6111e+20
0.82983 1.86122e+20
0.831832 1.0917e+19
0.833834 -3.02675e+20
0.835836 3.13705e+20
0.837838 4.15395e+20
0.83984 -4.92209e+19
0.841842 1.81516e+21
0.843844 9.55105e+20
0.845846 1.66573e+21
0.847848 1.66473e+21
0.84985 6.13245e+20
0.851852 9.48518e+20
0.853854 -1.32029e+20
0.855856 -1.42822e+21
0.857858 3.36541e+20
0.85986 -3.19628e+21
0.861862 -4.25362e+21
0.863864 4.4182e+20
0.865866 4.46283e+21
0.867868 -2.14193e+21
0.86987 4.80779e+21
0.871872 -4.86522e+21
0.873874 -2.96184e+21
0.875876 9.73549e+21
0.877878 8.95979e+21
0.87988 1.47099e+22
0.881882 1.41215e+22
0.883884 1.87081e+22
0.885886 1.73206e+22
0.887888 5.92103e+21
0.88989 2.76317e+22
0.891892 7.26712e+21
0.893894 -3.36797e+22
0.895896 -3.08332e+22
0.897898 -9.03589e+21
0.8999 2.90958e+22
0.901902 -1.12169e+23
0.903904 5.80778e+22
0.905906 6.92139e+22
0.907908 7.93915e+22
0.90991 1.81321e+23
0.911912 -1.23401e+22
0.913914 1.08235e+23
0.915916 3.09511e+23
0.917918 2.4381e+23
0.91992 -9.42926e+22
0.921922 -9.96787e+22
0.923924 3.89704e+23
0.925926 5.06748e+23
0.927928 3.67477e+23
0.92993 -4.45785e+23
0.931932 -2.18116e+22
0.933934 -6.20036e+23
0.935936 5.41347e+23
0.937938 5.03434e+23
0.93994 1.53325e+24
0.941942 -2.45149e+24
0.943944 1.21483e+24
0.945946 3.26488e+23
0.947948 3.27111e+24
0.94995 -2.23459e+24
0.951952 2.76966e+24
0.953954 1.79426e+24
0.955956 1.44833e+24
0.957958 3.07123e+24
0.95996 -1.73674e+24
0.961962 -4.31448e+24
0.963964 9.01532e+24
0.965966 9.54618e+24
0.967968 3.12291e+23
0.96997 4.37325e+24
0.971972 -3.78111e+24
0.973974 3.62007e+24
0.975976 1.2277e+25
0.977978 6.20364e+24
0.97998 -3.82788e+24
0.981982 1.14269e+25
0.983984 -1.16132e+25
0.985986 -1.05426e+25
0.987988 4.56422e+24
0.98999 2.30737e+25
0.991992 -7.68377e+24
0.993994 -2.09992e+25
0.995996 2.30365e+25
0.997998 1.18374e+25
1 -7.67837e+24
