-1 0.0384615
-0.997998 216.978
-0.995996 383.501
-0.993994 507.528
-0.991992 595.975
-0.98999 654.861
-0.987988 689.404
-0.985986 704.115
-0.983984 702.88
-0.981982 689.028
-0.97998 665.398
-0.977978 634.401
-0.975976 598.07
-0.973974 558.106
-0.971972 515.923
-0.96997 472.682
-0.967968 429.33
-0.965966 386.624
-0.963964 345.16
-0.961962 305.397
-0.95996 267.675
-0.957958 232.236
-0.955956 199.239
-0.953954 168.772
-0.951952 140.869
-0.94995 115.514
-0.947948 92.6555
-0.945946 72.2128
-0.943944 54.0819
-0.941942 38.1424
-0.93994 24.2618
-0.937938 12.3002
-0.935936 2.1133
-0.933934 -6.44431
-0.931932 -13.517
-0.92993 -19.2463
-0.927928 -23.7691
-0.925926 -27.2166
-0.923924 -29.7135
-0.921922 -31.3773
-0.91992 -32.3178
-0.917918 -32.6372
-0.915916 -32.4294
-0.913914 -31.7806
-0.911912 -30.7692
-0.90991 -29.4662
-0.907908 -27.935
-0.905906 -26.2323
-0.903904 -24.4081
-0.901902 -22.5062
-0.8999 -20.5649
-0.897898 -18.6168
-0.895896 -16.6896
-0.893894 -14.8067
-0.891892 -12.9872
-0.88989 -11.2464
-0.887888 -9.59638
-0.885886 -8.04624
-0.883884 -6.60234
-0.881882 -5.26874
-0.87988 -4.04747
-0.877878 -2.93881
-0.875876 -1.94152
-0.873874 -1.05314
-0.871872 -0.270129
-0.86987 0.411865
-0.867868 0.997882
-0.865866 1.49347
-0.863864 1.90453
-0.861862 2.23721
-0.85986 2.49781
-0.857858 2.69265
-0.855856 2.82799
-0.853854 2.91001
-0.851852 2.94468
-0.84985 2.93776
-0.847848 2.89478
-0.845846 2.82093
-0.843844 2.72111
-0.841842 2.59991
-0.83984 2.46154
-0.837838 2.30991
-0.835836 2.14855
-0.833834 1.98066
-0.831832 1.80913
-0.82983 1.6365
-0.827828 1.46502
-0.825826 1.29662
-0.823824 1.13296
-0.821822 0.975464
-0.81982 0.825268
-0.817818 0.683303
-0.815816 0.550285
-0.813814 0.426739
-0.811812 0.313016
-0.80981 0.209309
-0.807808 0.115676
-0.805806 0.0320483
-0.803804 -0.0417483
-0.801802 -0.10598
-0.7998 -0.16099
-0.797798 -0.207189
-0.795796 -0.245037
-0.793794 -0.275037
-0.791792 -0.297722
-0.78979 -0.313648
-0.787788 -0.32338
-0.785786 -0.327492
-0.783784 -0.326554
-0.781782 -0.321129
-0.77978 -0.311765
-0.777778 -0.298996
-0.775776 -0.283332
-0.773774 -0.26526
-0.771772 -0.245238
-0.76977 -0.223699
-0.767768 -0.201043
-0.765766 -0.177639
-0.763764 -0.153825
-0.761762 -0.129908
-0.75976 -0.106162
-0.757758 -0.0828301
-0.755756 -0.0601267
-0.753754 -0.0382356
-0.751752 -0.0173129
-0.74975 0.00251217
-0.747748 0.0211353
-0.745746 0.0384761
-0.743744 0.0544759
-0.741742 0.0690968
-0.73974 0.0823192
-0.737738 0.0941403
-0.735736 0.104573
-0.733734 0.113643
-0.731732 0.121388
-0.72973 0.127858
-0.727728 0.133107
-0.725726 0.137202
-0.723724 0.140212
-0.721722 0.142211
-0.71972 0.143278
-0.717718 0.143494
-0.715716 0.14294
-0.713714 0.141698
-0.711712 0.139849
-0.70971 0.137473
-0.707708 0.134649
-0.705706 0.131451
-0.703704 0.127953
-0.701702 0.124222
-0.6997 0.120324
-0.697698 0.11632
-0.695696 0.112265
-0.693694 0.108211
-0.691692 0.104206
-0.68969 0.100292
-0.687688 0.0965059
-0.685686 0.092882
-0.683684 0.0894485
-0.681682 0.0862295
-0.67968 0.083245
-0.677678 0.0805108
-0.675676 0.0780389
-0.673674 0.0758378
-0.671672 0.0739123
-0.66967 0.0722643
-0.667668 0.0708927
-0.665666 0.0697938
-0.663664 0.0689615
-0.661662 0.0683875
-0.65966 0.0680619
-0.657658 0.0679729
-0.655656 0.0681075
-0.653654 0.0684517
-0.651652 0.0689904
-0.64965 0.0697078
-0.647648 0.070588
-0.645646 0.0716145
-0.643644 0.0727707
-0.641642 0.0740404
-0.63964 0.0754072
-0.637638 0.0768553
-0.635636 0.0783695
-0.633634 0.0799349
-0.631632 0.0815375
-0.62963 0.083164
-0.627628 0.0848019
-0.625626 0.0864397
-0.623624 0.0880666
-0.621622 0.0896731
-0.61962 0.0912503
-0.617618 0.0927906
-0.615616 0.0942871
-0.613614 0.0957341
-0.611612 0.0971268
-0.60961 0.0984612
-0.607608 0.0997344
-0.605606 0.100944
-0.603604 0.102089
-0.601602 0.103169
-0.5996 0.104183
-0.597598 0.105134
-0.595596 0.106021
-0.593594 0.106847
-0.591592 0.107615
-0.58959 0.108328
-0.587588 0.108988
-0.585586 0.1096
-0.583584 0.110168
-0.581582 0.110695
-0.57958 0.111185
-0.577578 0.111644
-0.575576 0.112076
-0.573574 0.112485
-0.571572 0.112875
-0.56957 0.113252
-0.567568 0.113619
-0.565566 0.113981
-0.563564 0.114341
-0.561562 0.114704
-0.55956 0.115074
-0.557558 0.115453
-0.555556 0.115844
-0.553554 0.116252
-0.551552 0.116678
-0.54955 0.117125
-0.547548 0.117596
-0.545546 0.118091
-0.543544 0.118612
-0.541542 0.119162
-0.53954 0.11974
-0.537538 0.120349
-0.535536 0.120987
-0.533534 0.121656
-0.531532 0.122356
-0.52953 0.123086
-0.527528 0.123846
-0.525526 0.124636
-0.523524 0.125455
-0.521522 0.126303
-0.51952 0.127178
-0.517518 0.128078
-0.515516 0.129004
-0.513514 0.129954
-0.511512 0.130926
-0.50951 0.13192
-0.507508 0.132933
-0.505506 0.133964
-0.503504 0.135013
-0.501502 0.136077
-0.499499 0.137155
-0.497497 0.138245
-0.495495 0.139348
-0.493493 0.14046
-0.491491 0.141582
-0.489489 0.142711
-0.487487 0.143848
-0.485485 0.14499
-0.483483 0.146138
-0.481481 0.14729
-0.479479 0.148446
-0.477477 0.149605
-0.475475 0.150767
-0.473473 0.151931
-0.471471 0.153097
-0.469469 0.154266
-0.467467 0.155436
-0.465465 0.156609
-0.463463 0.157784
-0.461461 0.158961
-0.459459 0.16014
-0.457457 0.161323
-0.455455 0.16251
-0.453453 0.1637
-0.451451 0.164895
-0.449449 0.166096
-0.447447 0.167302
-0.445445 0.168515
-0.443443 0.169736
-0.441441 0.170965
-0.439439 0.172203
-0.437437 0.173451
-0.435435 0.174709
-0.433433 0.175979
-0.431431 0.177262
-0.429429 0.178558
-0.427427 0.179867
-0.425425 0.181192
-0.423423 0.182532
-0.421421 0.183888
-0.419419 0.185262
-0.417417 0.186653
-0.415415 0.188063
-0.413413 0.189492
-0.411411 0.19094
-0.409409 0.192408
-0.407407 0.193897
-0.405405 0.195407
-0.403403 0.196939
-0.401401 0.198492
-0.399399 0.200067
-0.397397 0.201665
-0.395395 0.203285
-0.393393 0.204929
-0.391391 0.206595
-0.389389 0.208284
-0.387387 0.209997
-0.385385 0.211732
-0.383383 0.213492
-0.381381 0.215274
-0.379379 0.21708
-0.377377 0.218909
-0.375375 0.220762
-0.373373 0.222637
-0.371371 0.224536
-0.369369 0.226458
-0.367367 0.228403
-0.365365 0.230371
-0.363363 0.232362
-0.361361 0.234375
-0.359359 0.236412
-0.357357 0.238471
-0.355355 0.240553
-0.353353 0.242658
-0.351351 0.244785
-0.349349 0.246936
-0.347347 0.249109
-0.345345 0.251305
-0.343343 0.253524
-0.341341 0.255767
-0.339339 0.258033
-0.337337 0.260323
-0.335335 0.262636
-0.333333 0.264974
-0.331331 0.267336
-0.329329 0.269723
-0.327327 0.272135
-0.325325 0.274573
-0.323323 0.277036
-0.321321 0.279526
-0.319319 0.282042
-0.317317 0.284586
-0.315315 0.287158
-0.313313 0.289758
-0.311311 0.292387
-0.309309 0.295045
-0.307307 0.297733
-0.305305 0.300452
-0.303303 0.303202
-0.301301 0.305984
-0.299299 0.308799
-0.297297 0.311647
-0.295295 0.314528
-0.293293 0.317444
-0.291291 0.320395
-0.289289 0.323381
-0.287287 0.326404
-0.285285 0.329464
-0.283283 0.332561
-0.281281 0.335696
-0.279279 0.33887
-0.277277 0.342084
-0.275275 0.345337
-0.273273 0.34863
-0.271271 0.351965
-0.269269 0.355341
-0.267267 0.358759
-0.265265 0.36222
-0.263263 0.365723
-0.261261 0.369269
-0.259259 0.37286
-0.257257 0.376494
-0.255255 0.380173
-0.253253 0.383897
-0.251251 0.387666
-0.249249 0.391481
-0.247247 0.395341
-0.245245 0.399247
-0.243243 0.4032
-0.241241 0.407199
-0.239239 0.411245
-0.237237 0.415338
-0.235235 0.419478
-0.233233 0.423666
-0.231231 0.427901
-0.229229 0.432183
-0.227227 0.436514
-0.225225 0.440892
-0.223223 0.445318
-0.221221 0.449792
-0.219219 0.454314
-0.217217 0.458885
-0.215215 0.463504
-0.213213 0.468171
-0.211211 0.472886
-0.209209 0.47765
-0.207207 0.482462
-0.205205 0.487322
-0.203203 0.492231
-0.201201 0.497189
-0.199199 0.502194
-0.197197 0.507248
-0.195195 0.512351
-0.193193 0.517501
-0.191191 0.522699
-0.189189 0.527946
-0.187187 0.53324
-0.185185 0.538582
-0.183183 0.543972
-0.181181 0.549409
-0.179179 0.554893
-0.177177 0.560423
-0.175175 0.566001
-0.173173 0.571624
-0.171171 0.577293
-0.169169 0.583008
-0.167167 0.588767
-0.165165 0.59457
-0.163163 0.600418
-0.161161 0.606308
-0.159159 0.612241
-0.157157 0.618215
-0.155155 0.62423
-0.153153 0.630285
-0.151151 0.636379
-0.149149 0.64251
-0.147147 0.648678
-0.145145 0.654881
-0.143143 0.661118
-0.141141 0.667387
-0.139139 0.673688
-0.137137 0.680017
-0.135135 0.686375
-0.133133 0.692758
-0.131131 0.699164
-0.129129 0.705593
-0.127127 0.712041
-0.125125 0.718506
-0.123123 0.724985
-0.121121 0.731477
-0.119119 0.737979
-0.117117 0.744487
-0.115115 0.751
-0.113113 0.757513
-0.111111 0.764024
-0.109109 0.77053
-0.107107 0.777027
-0.105105 0.783512
-0.103103 0.789981
-0.101101 0.796431
-0.0990991 0.802858
-0.0970971 0.809257
-0.0950951 0.815626
-0.0930931 0.821959
-0.0910911 0.828254
-0.0890891 0.834504
-0.0870871 0.840708
-0.0850851 0.846858
-0.0830831 0.852953
-0.0810811 0.858986
-0.0790791 0.864954
-0.0770771 0.870851
-0.0750751 0.876674
-0.0730731 0.882417
-0.0710711 0.888075
-0.0690691 0.893645
-0.0670671 0.899121
-0.0650651 0.904499
-0.0630631 0.909774
-0.0610611 0.91494
-0.0590591 0.919995
-0.0570571 0.924932
-0.0550551 0.929748
-0.0530531 0.934437
-0.0510511 0.938996
-0.049049 0.94342
-0.047047 0.947704
-0.045045 0.951845
-0.043043 0.955838
-0.041041 0.95968
-0.039039 0.963366
-0.037037 0.966892
-0.035035 0.970256
-0.033033 0.973453
-0.031031 0.97648
-0.029029 0.979334
-0.027027 0.982012
-0.025025 0.984512
-0.023023 0.986829
-0.021021 0.988963
-0.019019 0.99091
-0.017017 0.992668
-0.015015 0.994236
-0.013013 0.995612
-0.011011 0.996794
-0.00900901 0.997781
-0.00700701 0.998572
-0.00500501 0.999166
-0.003003 0.999563
-0.001001 0.999761
0.001001 0.999761
0.003003 0.999563
0.00500501 0.999166
0.00700701 0.998572
0.00900901 0.997781
0.011011 0.996794
0.013013 0.995612
0.015015 0.994236
0.017017 0.992668
0.019019 0.99091
0.021021 0.988963
0.023023 0.986829
0.025025 0.984512
0.027027 0.982012
0.029029 0.979334
0.031031 0.97648
0.033033 0.973453
0.035035 0.970256
0.037037 0.966892
0.039039 0.963366
0.041041 0.95968
0.043043 0.955838
0.045045 0.951845
0.047047 0.947704
0.049049 0.94342
0.0510511 0.938996
0.0530531 0.934437
0.0550551 0.929748
0.0570571 0.924932
0.0590591 0.919995
0.0610611 0.91494
0.0630631 0.909774
0.0650651 0.904499
0.0670671 0.899121
0.0690691 0.893645
0.0710711 0.888075
0.0730731 0.882417
0.0750751 0.876674
0.0770771 0.870851
0.0790791 0.864954
0.0810811 0.858986
0.0830831 0.852953
0.0850851 0.846858
0.0870871 0.840708
0.0890891 0.834504
0.0910911 0.828254
0.0930931 0.821959
0.0950951 0.815626
0.0970971 0.809257
0.0990991 0.802858
0.101101 0.796431
0.103103 0.789981
0.105105 0.783512
0.107107 0.777027
0.109109 0.77053
0.111111 0.764024
0.113113 0.757513
0.115115 0.751
0.117117 0.744487
0.119119 0.737979
0.121121 0.731477
0.123123 0.724985
0.125125 0.718506
0.127127 0.712041
0.129129 0.705593
0.131131 0.699164
0.133133 0.692758
0.135135 0.686375
0.137137 0.680017
0.139139 0.673688
0.141141 0.667387
0.143143 0.661118
0.145145 0.654881
0.147147 0.648678
0.149149 0.64251
0.151151 0.636379
0.153153 0.630285
0.155155 0.62423
0.157157 0.618215
0.159159 0.612241
0.161161 0.606308
0.163163 0.600418
0.165165 0.59457
0.167167 0.588767
0.169169 0.583008
0.171171 0.577293
0.173173 0.571624
0.175175 0.566001
0.177177 0.560423
0.179179 0.554893
0.181181 0.549409
0.183183 0.543972
0.185185 0.538582
0.187187 0.53324
0.189189 0.527946
0.191191 0.522699
0.193193 0.517501
0.195195 0.512351
0.197197 0.507248
0.199199 0.502194
0.201201 0.497189
0.203203 0.492231
0.205205 0.487322
0.207207 0.482462
0.209209 0.47765
0.211211 0.472886
0.213213 0.468171
0.215215 0.463504
0.217217 0.458885
0.219219 0.454314
0.221221 0.449792
0.223223 0.445318
0.225225 0.440892
0.227227 0.436514
0.229229 0.432183
0.231231 0.427901
0.233233 0.423666
0.235235 0.419478
0.237237 0.415338
0.239239 0.411245
0.241241 0.407199
0.243243 0.4032
0.245245 0.399247
0.247247 0.395341
0.249249 0.391481
0.251251 0.387666
0.253253 0.383897
0.255255 0.380173
0.257257 0.376494
0.259259 0.37286
0.261261 0.369269
0.263263 0.365723
0.265265 0.36222
0.267267 0.358759
0.269269 0.355341
0.271271 0.351965
0.273273 0.34863
0.275275 0.345337
0.277277 0.342084
0.279279 0.33887
0.281281 0.335696
0.283283 0.332561
0.285285 0.329464
0.287287 0.326404
0.289289 0.323381
0.291291 0.320395
0.293293 0.317444
0.295295 0.314528
0.297297 0.311647
0.299299 0.308799
0.301301 0.305984
0.303303 0.303202
0.305305 0.300452
0.307307 0.297733
0.309309 0.295045
0.311311 0.292387
0.313313 0.289758
0.315315 0.287158
0.317317 0.284586
0.319319 0.282042
0.321321 0.279526
0.323323 0.277036
0.325325 0.274573
0.327327 0.272135
0.329329 0.269723
0.331331 0.267336
0.333333 0.264974
0.335335 0.262636
0.337337 0.260323
0.339339 0.258033
0.341341 0.255767
0.343343 0.253524
0.345345 0.251305
0.347347 0.249109
0.349349 0.246936
0.351351 0.244785
0.353353 0.242658
0.355355 0.240553
0.357357 0.238471
0.359359 0.236412
0.361361 0.234375
0.363363 0.232362
0.365365 0.230371
0.367367 0.228403
0.369369 0.226458
0.371371 0.224536
0.373373 0.222637
0.375375 0.220762
0.377377 0.218909
0.379379 0.21708
0.381381 0.215274
0.383383 0.213492
0.385385 0.211732
0.387387 0.209997
0.389389 0.208284
0.391391 0.206595
0.393393 0.204929
0.395395 0.203285
0.397397 0.201665
0.399399 0.200067
0.401401 0.198492
0.403403 0.196939
0.405405 0.195407
0.407407 0.193897
0.409409 0.192408
0.411411 0.19094
0.413413 0.189492
0.415415 0.188063
0.417417 0.186653
0.419419 0.185262
0.421421 0.183888
0.423423 0.182532
0.425425 0.181192
0.427427 0.179867
0.429429 0.178558
0.431431 0.177262
0.433433 0.175979
0.435435 0.174709
0.437437 0.173451
0.439439 0.172203
0.441441 0.170965
0.443443 0.169736
0.445445 0.168515
0.447447 0.167302
0.449449 0.166096
0.451451 0.164895
0.453453 0.1637
0.455455 0.16251
0.457457 0.161323
0.459459 0.16014
0.461461 0.158961
0.463463 0.157784
0.465465 0.156609
0.467467 0.155436
0.469469 0.154266
0.471471 0.153097
0.473473 0.151931
0.475475 0.150767
0.477477 0.149605
0.479479 0.148446
0.481481 0.14729
0.483483 0.146138
0.485485 0.14499
0.487487 0.143848
0.489489 0.142711
0.491491 0.141582
0.493493 0.14046
0.495495 0.139348
0.497497 0.138245
0.499499 0.137155
0.501502 0.136077
0.503504 0.135013
0.505506 0.133964
0.507508 0.132933
0.50951 0.13192
0.511512 0.130926
0.513514 0.129954
0.515516 0.129004
0.517518 0.128078
0.51952 0.127178
0.521522 0.126303
0.523524 0.125455
0.525526 0.124636
0.527528 0.123846
0.52953 0.123086
0.531532 0.122356
0.533534 0.121656
0.535536 0.120987
0.537538 0.120349
0.53954 0.11974
0.541542 0.119162
0.543544 0.118612
0.545546 0.118091
0.547548 0.117596
0.54955 0.117125
0.551552 0.116678
0.553554 0.116252
0.555556 0.115844
0.557558 0.115453
0.55956 0.115074
0.561562 0.114704
0.563564 0.114341
0.565566 0.113981
0.567568 0.113619
0.56957 0.113252
0.571572 0.112875
0.573574 0.112485
0.575576 0.112076
0.577578 0.111644
0.57958 0.111185
0.581582 0.110695
0.583584 0.110168
0.585586 0.1096
0.587588 0.108988
0.58959 0.108328
0.591592 0.107615
0.593594 0.106847
0.595596 0.106021
0.597598 0.105134
0.5996 0.104183
0.601602 0.103169
0.603604 0.102089
0.605606 0.100944
0.607608 0.0997344
0.60961 0.0984612
0.611612 0.0971268
0.613614 0.0957341
0.615616 0.0942871
0.617618 0.0927906
0.61962 0.0912503
0.621622 0.0896731
0.623624 0.0880666
0.625626 0.0864397
0.627628 0.0848019
0.62963 0.083164
0.631632 0.0815375
0.633634 0.0799349
0.635636 0.0783695
0.637638 0.0768553
0.63964 0.0754072
0.641642 0.0740404
0.643644 0.0727707
0.645646 0.0716145
0.647648 0.070588
0.64965 0.0697078
0.651652 0.0689904
0.653654 0.0684517
0.655656 0.0681075
0.657658 0.0679729
0.65966 0.0680619
0.661662 0.0683875
0.663664 0.0689615
0.665666 0.0697938
0.667668 0.0708927
0.66967 0.0722643
0.671672 0.0739123
0.673674 0.0758378
0.675676 0.0780389
0.677678 0.0805108
0.67968 0.083245
0.681682 0.0862295
0.683684 0.0894485
0.685686 0.092882
0.687688 0.0965059
0.68969 0.100292
0.691692 0.104206
0.693694 0.108211
0.695696 0.112265
0.697698 0.11632
0.6997 0.120324
0.701702 0.124222
0.703704 0.127953
0.705706 0.131451
0.707708 0.134649
0.70971 0.137473
0.711712 0.139849
0.713714 0.141698
0.715716 0.14294
0.717718 0.143494
0.71972 0.143278
0.721722 0.142211
0.723724 0.140212
0.725726 0.137202
0.727728 0.133107
0.72973 0.127858
0.731732 0.121388
0.733734 0.113643
0.735736 0.104573
0.737738 0.0941403
0.73974 0.0823192
0.741742 0.0690968
0.743744 0.0544759
0.745746 0.0384761
0.747748 0.0211353
0.74975 0.00251217
0.751752 -0.0173129
0.753754 -0.0382356
0.755756 -0.0601267
0.757758 -0.0828301
0.75976 -0.106162
0.761762 -0.129908
0.763764 -0.153825
0.765766 -0.177639
0.767768 -0.201043
0.76977 -0.223699
0.771772 -0.245238
0.773774 -0.26526
0.775776 -0.283332
0.777778 -0.298996
0.77978 -0.311765
0.781782 -0.321129
0.783784 -0.326554
0.785786 -0.327492
0.787788 -0.32338
0.78979 -0.313648
0.791792 -0.297722
0.793794 -0.275037
0.795796 -0.245037
0.797798 -0.207189
0.7998 -0.16099
0.801802 -0.10598
0.803804 -0.0417483
0.805806 0.0320483
0.807808 0.115676
0.80981 0.209309
0.811812 0.313016
0.813814 0.426739
0.815816 0.550285
0.817818 0.683303
0.81982 0.825268
0.821822 0.975464
0.823824 1.13296
0.825826 1.29662
0.827828 1.46502
0.82983 1.6365
0.831832 1.80913
0.833834 1.98066
0.835836 2.14855
0.837838 2.30991
0.83984 2.46154
0.841842 2.59991
0.843844 2.72111
0.845846 2.82093
0.847848 2.89478
0.84985 2.93776
0.851852 2.94468
0.853854 2.91001
0.855856 2.82799
0.857858 2.69265
0.85986 2.49781
0.861862 2.23721
0.863864 1.90452
0.865866 1.49347
0.867868 0.997882
0.86987 0.411865
0.871872 -0.270129
0.873874 -1.05314
0.875876 -1.94152
0.877878 -2.93881
0.87988 -4.04747
0.881882 -5.26874
0.883884 -6.60234
0.885886 -8.04624
0.887888 -9.59638
0.88989 -11.2464
0.891892 -12.9872
0.893894 -14.8067
0.895896 -16.6896
0.897898 -18.6168
0.8999 -20.5649
0.901902 -22.5062
0.903904 -24.4081
0.905906 -26.2323
0.907908 -27.935
0.90991 -29.4662
0.911912 -30.7692
0.913914 -31.7806
0.915916 -32.4294
0.917918 -32.6372
0.91992 -32.3178
0.921922 -31.3773
0.923924 -29.7135
0.925926 -27.2166
0.927928 -23.7691
0.92993 -19.2463
0.931932 -13.517
0.933934 -6.44431
0.935936 2.1133
0.937938 12.3002
0.93994 24.2618
0.941942 38.1424
0.943944 54.0819
0.945946 72.2128
0.947948 92.6555
0.94995 115.514
0.951952 140.869
0.953954 168.772
0.955956 199.239
0.957958 232.236
0.95996 267.675
0.961962 305.397
0.963964 345.16
0.965966 386.624
0.967968 429.33
0.96997 472.682
0.971972 515.923
0.973974 558.106
0.975976 598.07
0.977978 634.401
0.97998 665.398
0.981982 689.028
0.983984 702.88
0.985986 704.115
0.987988 689.404
0.98999 654.861
0.991992 595.975
0.993994 507.528
0.995996 383.501
0.997998 216.978
1 0.038461
