-0.999989 -4.4252
-0.999969 -4.42395
-0.99994 -4.42207
-0.9999 -4.41957
-0.999851 -4.41645
-0.999792 -4.4127
-0.999723 -4.40833
-0.999644 -4.40334
-0.999556 -4.39773
-0.999457 -4.3915
-0.999349 -4.38465
-0.999231 -4.3772
-0.999103 -4.36913
-0.998965 -4.36045
-0.998817 -4.35116
-0.998659 -4.34127
-0.998492 -4.33078
-0.998315 -4.31969
-0.998128 -4.30801
-0.997931 -4.29573
-0.997724 -4.28287
-0.997508 -4.26942
-0.997281 -4.25539
-0.997045 -4.24078
-0.996799 -4.2256
-0.996543 -4.20986
-0.996278 -4.19355
-0.996002 -4.17668
-0.995717 -4.15925
-0.995422 -4.14128
-0.995117 -4.12276
-0.994803 -4.10371
-0.994478 -4.08412
-0.994144 -4.064
-0.9938 -4.04337
-0.993446 -4.02221
-0.993082 -4.00055
-0.992709 -3.97838
-0.992326 -3.95572
-0.991933 -3.93256
-0.99153 -3.90892
-0.991117 -3.8848
-0.990695 -3.86021
-0.990263 -3.83516
-0.989821 -3.80965
-0.98937 -3.78369
-0.988909 -3.75729
-0.988438 -3.73045
-0.987957 -3.70318
-0.987466 -3.6755
-0.986966 -3.6474
-0.986456 -3.6189
-0.985937 -3.59
-0.985407 -3.56072
-0.984868 -3.53105
-0.984319 -3.50102
-0.983761 -3.47062
-0.983193 -3.43986
-0.982615 -3.40876
-0.982028 -3.37732
-0.98143 -3.34555
-0.980824 -3.31346
-0.980207 -3.28106
-0.979581 -3.24836
-0.978945 -3.21536
-0.9783 -3.18208
-0.977645 -3.14852
-0.97698 -3.1147
-0.976305 -3.08061
-0.975621 -3.04629
-0.974928 -3.01172
-0.974225 -2.97692
-0.973512 -2.9419
-0.97279 -2.90668
-0.972058 -2.87125
-0.971316 -2.83563
-0.970565 -2.79982
-0.969804 -2.76385
-0.969034 -2.72771
-0.968255 -2.69142
-0.967465 -2.65498
-0.966666 -2.61841
-0.965858 -2.58172
-0.96504 -2.54491
-0.964213 -2.50799
-0.963376 -2.47098
-0.96253 -2.43389
-0.961674 -2.39671
-0.960809 -2.35947
-0.959934 -2.32217
-0.95905 -2.28483
-0.958156 -2.24744
-0.957253 -2.21003
-0.95634 -2.1726
-0.955418 -2.13516
-0.954487 -2.09771
-0.953546 -2.06028
-0.952596 -2.02287
-0.951637 -1.98548
-0.950668 -1.94813
-0.94969 -1.91082
-0.948702 -1.87357
-0.947705 -1.83639
-0.946699 -1.79927
-0.945683 -1.76224
-0.944658 -1.72531
-0.943624 -1.68847
-0.94258 -1.65174
-0.941528 -1.61512
-0.940465 -1.57864
-0.939394 -1.54229
-0.938313 -1.50608
-0.937224 -1.47002
-0.936125 -1.43413
-0.935016 -1.3984
-0.933899 -1.36284
-0.932772 -1.32748
-0.931636 -1.2923
-0.930491 -1.25732
-0.929337 -1.22255
-0.928173 -1.188
-0.927001 -1.15367
-0.925819 -1.11957
-0.924628 -1.08571
-0.923429 -1.05209
-0.92222 -1.01872
-0.921001 -0.985617
-0.919774 -0.952776
-0.918538 -0.920206
-0.917293 -0.887916
-0.916039 -0.85591
-0.914775 -0.824197
-0.913503 -0.792781
-0.912222 -0.76167
-0.910931 -0.730868
-0.909632 -0.700382
-0.908324 -0.670217
-0.907007 -0.64038
-0.90568 -0.610875
-0.904345 -0.581707
-0.903001 -0.552882
-0.901649 -0.524405
-0.900287 -0.49628
-0.898916 -0.468513
-0.897537 -0.441107
-0.896149 -0.414068
-0.894751 -0.387399
-0.893346 -0.361105
-0.891931 -0.335189
-0.890507 -0.309655
-0.889075 -0.284507
-0.887634 -0.259749
-0.886184 -0.235383
-0.884726 -0.211414
-0.883258 -0.187843
-0.881783 -0.164675
-0.880298 -0.141911
-0.878805 -0.119554
-0.877303 -0.0976065
-0.875792 -0.0760712
-0.874273 -0.0549497
-0.872745 -0.0342442
-0.871209 -0.0139564
-0.869664 0.005912
-0.86811 0.0253596
-0.866548 0.0443851
-0.864977 0.0629873
-0.863398 0.0811651
-0.861811 0.0989177
-0.860214 0.116244
-0.85861 0.133145
-0.856997 0.149618
-0.855375 0.165665
-0.853745 0.181284
-0.852107 0.196476
-0.85046 0.211241
-0.848805 0.22558
-0.847141 0.239493
-0.84547 0.25298
-0.843789 0.266043
-0.842101 0.278682
-0.840404 0.290899
-0.838699 0.302695
-0.836986 0.314071
-0.835264 0.325029
-0.833534 0.33557
-0.831796 0.345696
-0.83005 0.35541
-0.828296 0.364712
-0.826533 0.373607
-0.824763 0.382095
-0.822984 0.39018
-0.821197 0.397864
-0.819402 0.405149
-0.817599 0.412039
-0.815788 0.418537
-0.813969 0.424646
-0.812142 0.430369
-0.810306 0.43571
-0.808463 0.440671
-0.806612 0.445258
-0.804753 0.449472
-0.802886 0.453319
-0.801011 0.456802
-0.799128 0.459926
-0.797238 0.462694
-0.795339 0.46511
-0.793433 0.46718
-0.791519 0.468908
-0.789597 0.470298
-0.787667 0.471354
-0.78573 0.472083
-0.783784 0.472488
-0.781831 0.472574
-0.779871 0.472347
-0.777903 0.471812
-0.775927 0.470974
-0.773943 0.469838
-0.771952 0.46841
-0.769953 0.466695
-0.767946 0.464698
-0.765932 0.462425
-0.763911 0.459883
-0.761882 0.457076
-0.759845 0.45401
-0.757801 0.450691
-0.75575 0.447126
-0.753691 0.443319
-0.751624 0.439278
-0.74955 0.435008
-0.747469 0.430515
-0.745381 0.425805
-0.743285 0.420884
-0.741182 0.41576
-0.739071 0.410437
-0.736953 0.404923
-0.734828 0.399224
-0.732696 0.393345
-0.730556 0.387294
-0.72841 0.381076
-0.726256 0.374699
-0.724095 0.368168
-0.721927 0.36149
-0.719751 0.354672
-0.717569 0.347719
-0.71538 0.340639
-0.713183 0.333438
-0.71098 0.326123
-0.708769 0.318699
-0.706552 0.311173
-0.704327 0.303552
-0.702096 0.295843
-0.699858 0.288051
-0.697612 0.280183
-0.69536 0.272246
-0.693102 0.264246
-0.690836 0.256189
-0.688563 0.248081
-0.686284 0.23993
-0.683998 0.23174
-0.681705 0.22352
-0.679405 0.215273
-0.677099 0.207008
-0.674786 0.198729
-0.672467 0.190444
-0.670141 0.182158
-0.667808 0.173877
-0.665469 0.165607
-0.663123 0.157354
-0.66077 0.149124
-0.658411 0.140922
-0.656046 0.132755
-0.653674 0.124628
-0.651296 0.116547
-0.648911 0.108517
-0.64652 0.100543
-0.644122 0.0926322
-0.641718 0.0847886
-0.639308 0.0770177
-0.636892 0.0693249
-0.634469 0.0617153
-0.63204 0.0541939
-0.629605 0.0467656
-0.627163 0.0394354
-0.624716 0.0322082
-0.622262 0.0250886
-0.619802 0.0180812
-0.617336 0.0111908
-0.614864 0.0044216
-0.612386 -0.00222184
-0.609902 -0.00873527
-0.607412 -0.0151145
-0.604916 -0.0213554
-0.602414 -0.027454
-0.599906 -0.0334063
-0.597392 -0.0392086
-0.594872 -0.044857
-0.592346 -0.0503481
-0.589815 -0.0556782
-0.587277 -0.0608439
-0.584734 -0.065842
-0.582185 -0.0706691
-0.579631 -0.0753223
-0.57707 -0.0797984
-0.574504 -0.0840946
-0.571933 -0.0882081
-0.569355 -0.0921362
-0.566773 -0.0958763
-0.564184 -0.099426
-0.56159 -0.102783
-0.558991 -0.105945
-0.556385 -0.108909
-0.553775 -0.111674
-0.551159 -0.114238
-0.548537 -0.1166
-0.545911 -0.118756
-0.543278 -0.120706
-0.540641 -0.122448
-0.537998 -0.123981
-0.53535 -0.125304
-0.532696 -0.126415
-0.530038 -0.127314
-0.527374 -0.127999
-0.524704 -0.12847
-0.52203 -0.128725
-0.519351 -0.128765
-0.516666 -0.128589
-0.513977 -0.128196
-0.511282 -0.127587
-0.508582 -0.12676
-0.505877 -0.125717
-0.503168 -0.124457
-0.500453 -0.122979
-0.497733 -0.121286
-0.495009 -0.119376
-0.492279 -0.11725
-0.489545 -0.11491
-0.486806 -0.112355
-0.484062 -0.109587
-0.481314 -0.106606
-0.47856 -0.103413
-0.475802 -0.100009
-0.473039 -0.0963964
-0.470272 -0.0925755
-0.4675 -0.0885479
-0.464723 -0.084315
-0.461942 -0.0798785
-0.459156 -0.07524
-0.456366 -0.0704013
-0.453571 -0.0653643
-0.450772 -0.0601309
-0.447968 -0.0547031
-0.44516 -0.0490831
-0.442347 -0.043273
-0.43953 -0.0372753
-0.436709 -0.0310922
-0.433884 -0.0247262
-0.431054 -0.0181798
-0.42822 -0.0114558
-0.425382 -0.00455669
-0.422539 0.00251466
-0.419693 0.00975542
-0.416842 0.0171627
-0.413987 0.0247334
-0.411128 0.0324646
-0.408265 0.0403531
-0.405398 0.0483958
-0.402527 0.0565893
-0.399652 0.0649303
-0.396773 0.0734156
-0.393891 0.0820415
-0.391004 0.0908048
-0.388113 0.0997017
-0.385219 0.108729
-0.382321 0.117882
-0.379419 0.127158
-0.376513 0.136554
-0.373604 0.146064
-0.370691 0.155686
-0.367774 0.165415
-0.364854 0.175248
-0.36193 0.18518
-0.359003 0.195208
-0.356072 0.205328
-0.353137 0.215535
-0.350199 0.225825
-0.347258 0.236195
-0.344313 0.24664
-0.341365 0.257156
-0.338413 0.267739
-0.335458 0.278384
-0.3325 0.289088
-0.329538 0.299846
-0.326574 0.310653
-0.323606 0.321507
-0.320634 0.332401
-0.31766 0.343333
-0.314683 0.354297
-0.311702 0.36529
-0.308718 0.376307
-0.305732 0.387343
-0.302742 0.398396
-0.299749 0.409459
-0.296754 0.420529
-0.293755 0.431602
-0.290754 0.442673
-0.28775 0.453739
-0.284742 0.464794
-0.281733 0.475834
-0.27872 0.486857
-0.275704 0.497856
-0.272686 0.508828
-0.269665 0.519769
-0.266642 0.530674
-0.263616 0.541541
-0.260587 0.552363
-0.257556 0.563138
-0.254522 0.573861
-0.251486 0.584529
-0.248447 0.595137
-0.245405 0.605682
-0.242362 0.616159
-0.239316 0.626565
-0.236267 0.636896
-0.233216 0.647148
-0.230163 0.657317
-0.227108 0.6674
-0.224051 0.677393
-0.220991 0.687293
-0.217929 0.697095
-0.214865 0.706798
-0.211799 0.716396
-0.20873 0.725886
-0.20566 0.735266
-0.202588 0.744533
-0.199513 0.753681
-0.196437 0.76271
-0.193359 0.771615
-0.190278 0.780394
-0.187196 0.789043
-0.184112 0.79756
-0.181027 0.805941
-0.177939 0.814184
-0.17485 0.822287
-0.171759 0.830246
-0.168666 0.838059
-0.165572 0.845724
-0.162476 0.853237
-0.159379 0.860597
-0.156279 0.867801
-0.153179 0.874847
-0.150077 0.881734
-0.146973 0.888457
-0.143868 0.895017
-0.140761 0.90141
-0.137654 0.907635
-0.134544 0.91369
-0.131434 0.919573
-0.128322 0.925283
-0.125209 0.930818
-0.122094 0.936177
-0.118979 0.941357
-0.115862 0.946359
-0.112744 0.951179
-0.109625 0.955818
-0.106505 0.960274
-0.103384 0.964547
-0.100262 0.968634
-0.0971387 0.972535
-0.0940146 0.97625
-0.0908896 0.979778
-0.0877637 0.983117
-0.0846369 0.986268
-0.0815093 0.98923
-0.0783809 0.992002
-0.0752517 0.994585
-0.0721218 0.996977
-0.0689911 0.999179
-0.0658598 1.00119
-0.0627279 1.00301
-0.0595953 1.00464
-0.0564621 1.00608
-0.0533284 1.00733
-0.0501942 1.00839
-0.0470594 1.00926
-0.0439242 1.00994
-0.0407886 1.01043
-0.0376525 1.01074
-0.0345161 1.01085
-0.0313794 1.01078
-0.0282423 1.01053
-0.025105 1.01009
-0.0219674 1.00946
-0.0188296 1.00865
-0.0156916 1.00766
-0.0125535 1.00648
-0.00941522 1.00513
-0.00627687 1.0036
-0.00313845 1.00189
6.12323e-17 1
0.00313845 0.997939
0.00627687 0.995704
0.00941522 0.993298
0.0125535 0.990721
0.0156916 0.987976
0.0188296 0.985064
0.0219674 0.981987
0.025105 0.978747
0.0282423 0.975345
0.0313794 0.971784
0.0345161 0.968066
0.0376525 0.964193
0.0407886 0.960166
0.0439242 0.955988
0.0470594 0.951661
0.0501942 0.947188
0.0533284 0.94257
0.0564621 0.93781
0.0595953 0.932911
0.0627279 0.927874
0.0658598 0.922702
0.0689911 0.917398
0.0721218 0.911965
0.0752517 0.906404
0.0783809 0.900718
0.0815093 0.89491
0.0846369 0.888983
0.0877637 0.88294
0.0908896 0.876782
0.0940146 0.870513
0.0971387 0.864136
0.100262 0.857653
0.103384 0.851067
0.106505 0.844381
0.109625 0.837599
0.112744 0.830722
0.115862 0.823753
0.118979 0.816697
0.122094 0.809555
0.125209 0.80233
0.128322 0.795026
0.131434 0.787645
0.134544 0.780191
0.137654 0.772667
0.140761 0.765074
0.143868 0.757418
0.146973 0.749699
0.150077 0.741922
0.153179 0.73409
0.156279 0.726205
0.159379 0.718271
0.162476 0.710291
0.165572 0.702267
0.168666 0.694202
0.171759 0.6861
0.17485 0.677964
0.177939 0.669796
0.181027 0.6616
0.184112 0.653378
0.187196 0.645134
0.190278 0.63687
0.193359 0.628589
0.196437 0.620295
0.199513 0.61199
0.202588 0.603677
0.20566 0.595358
0.20873 0.587037
0.211799 0.578717
0.214865 0.5704
0.217929 0.562089
0.220991 0.553787
0.224051 0.545496
0.227108 0.537219
0.230163 0.52896
0.233216 0.520719
0.236267 0.512501
0.239316 0.504307
0.242362 0.49614
0.245405 0.488003
0.248447 0.479898
0.251486 0.471827
0.254522 0.463794
0.257556 0.455799
0.260587 0.447846
0.263616 0.439937
0.266642 0.432074
0.269665 0.42426
0.272686 0.416495
0.275704 0.408784
0.27872 0.401127
0.281733 0.393526
0.284742 0.385985
0.28775 0.378504
0.290754 0.371085
0.293755 0.363731
0.296754 0.356443
0.299749 0.349223
0.302742 0.342073
0.305732 0.334994
0.308718 0.327988
0.311702 0.321057
0.314683 0.314202
0.31766 0.307424
0.320634 0.300725
0.323606 0.294107
0.326574 0.287571
0.329538 0.281118
0.3325 0.274748
0.335458 0.268465
0.338413 0.262268
0.341365 0.256159
0.344313 0.250138
0.347258 0.244207
0.350199 0.238367
0.353137 0.232619
0.356072 0.226963
0.359003 0.2214
0.36193 0.215931
0.364854 0.210557
0.367774 0.205278
0.370691 0.200094
0.373604 0.195007
0.376513 0.190017
0.379419 0.185125
0.382321 0.18033
0.385219 0.175633
0.388113 0.171034
0.391004 0.166534
0.393891 0.162133
0.396773 0.157831
0.399652 0.153627
0.402527 0.149523
0.405398 0.145518
0.408265 0.141612
0.411128 0.137804
0.413987 0.134096
0.416842 0.130486
0.419693 0.126975
0.422539 0.123561
0.425382 0.120246
0.42822 0.117028
0.431054 0.113907
0.433884 0.110883
0.436709 0.107954
0.43953 0.105122
0.442347 0.102384
0.44516 0.099741
0.447968 0.0971917
0.450772 0.0947356
0.453571 0.0923718
0.456366 0.0900997
0.459156 0.0879185
0.461942 0.0858273
0.464723 0.0838253
0.4675 0.0819116
0.470272 0.0800852
0.473039 0.0783452
0.475802 0.0766907
0.47856 0.0751205
0.481314 0.0736337
0.484062 0.0722291
0.486806 0.0709057
0.489545 0.0696622
0.492279 0.0684977
0.495009 0.0674107
0.497733 0.0664002
0.500453 0.0654649
0.503168 0.0646036
0.505877 0.0638149
0.508582 0.0630975
0.511282 0.0624502
0.513977 0.0618715
0.516666 0.0613601
0.519351 0.0609147
0.52203 0.0605338
0.524704 0.060216
0.527374 0.0599599
0.530038 0.0597641
0.532696 0.059627
0.53535 0.0595472
0.537998 0.0595233
0.540641 0.0595536
0.543278 0.0596369
0.545911 0.0597714
0.548537 0.0599557
0.551159 0.0601883
0.553775 0.0604677
0.556385 0.0607922
0.558991 0.0611605
0.56159 0.0615708
0.564184 0.0620217
0.566773 0.0625117
0.569355 0.0630391
0.571933 0.0636024
0.574504 0.0642001
0.57707 0.0648306
0.579631 0.0654925
0.582185 0.066184
0.584734 0.0669038
0.587277 0.0676502
0.589815 0.0684218
0.592346 0.069217
0.594872 0.0700344
0.597392 0.0708723
0.599906 0.0717294
0.602414 0.0726042
0.604916 0.073495
0.607412 0.0744007
0.609902 0.0753195
0.612386 0.0762502
0.614864 0.0771913
0.617336 0.0781414
0.619802 0.079099
0.622262 0.0800629
0.624716 0.0810317
0.627163 0.0820039
0.629605 0.0829784
0.63204 0.0839537
0.634469 0.0849286
0.636892 0.0859018
0.639308 0.0868721
0.641718 0.0878382
0.644122 0.0887989
0.64652 0.0897531
0.648911 0.0906995
0.651296 0.0916371
0.653674 0.0925646
0.656046 0.0934811
0.658411 0.0943853
0.66077 0.0952764
0.663123 0.0961532
0.665469 0.0970147
0.667808 0.0978601
0.670141 0.0986882
0.672467 0.0994982
0.674786 0.100289
0.677099 0.10106
0.679405 0.101811
0.681705 0.10254
0.683998 0.103247
0.686284 0.10393
0.688563 0.10459
0.690836 0.105225
0.693102 0.105835
0.69536 0.106419
0.697612 0.106977
0.699858 0.107508
0.702096 0.108011
0.704327 0.108486
0.706552 0.108932
0.708769 0.109349
0.71098 0.109736
0.713183 0.110094
0.71538 0.110421
0.717569 0.110717
0.719751 0.110983
0.721927 0.111217
0.724095 0.111419
0.726256 0.111589
0.72841 0.111728
0.730556 0.111834
0.732696 0.111907
0.734828 0.111948
0.736953 0.111956
0.739071 0.111931
0.741182 0.111874
0.743285 0.111784
0.745381 0.111661
0.747469 0.111505
0.74955 0.111316
0.751624 0.111095
0.753691 0.110841
0.75575 0.110555
0.757801 0.110236
0.759845 0.109886
0.761882 0.109503
0.763911 0.109089
0.765932 0.108644
0.767946 0.108168
0.769953 0.107661
0.771952 0.107123
0.773943 0.106556
0.775927 0.105958
0.777903 0.105332
0.779871 0.104676
0.781831 0.103993
0.783784 0.103281
0.78573 0.102542
0.787667 0.101776
0.789597 0.100983
0.791519 0.100165
0.793433 0.0993207
0.795339 0.098452
0.797238 0.0975592
0.799128 0.0966427
0.801011 0.0957033
0.802886 0.0947416
0.804753 0.0937582
0.806612 0.0927537
0.808463 0.0917289
0.810306 0.0906845
0.812142 0.0896211
0.813969 0.0885395
0.815788 0.0874404
0.817599 0.0863245
0.819402 0.0851926
0.821197 0.0840454
0.822984 0.0828837
0.824763 0.0817083
0.826533 0.08052
0.828296 0.0793194
0.83005 0.0781075
0.831796 0.0768851
0.833534 0.0756528
0.835264 0.0744116
0.836986 0.0731623
0.838699 0.0719056
0.840404 0.0706424
0.842101 0.0693736
0.843789 0.0680998
0.84547 0.066822
0.847141 0.065541
0.848805 0.0642576
0.85046 0.0629726
0.852107 0.0616868
0.853745 0.0604011
0.855375 0.0591163
0.856997 0.0578332
0.85861 0.0565526
0.860214 0.0552753
0.861811 0.0540021
0.863398 0.0527337
0.864977 0.0514711
0.866548 0.050215
0.86811 0.0489661
0.869664 0.0477252
0.871209 0.0464931
0.872745 0.0452705
0.874273 0.0440581
0.875792 0.0428568
0.877303 0.0416672
0.878805 0.0404901
0.880298 0.0393261
0.881783 0.0381759
0.883258 0.0370403
0.884726 0.0359198
0.886184 0.0348151
0.887634 0.0337269
0.889075 0.0326558
0.890507 0.0316025
0.891931 0.0305674
0.893346 0.0295512
0.894751 0.0285546
0.896149 0.0275779
0.897537 0.0266218
0.898916 0.0256867
0.900287 0.0247733
0.901649 0.023882
0.903001 0.0230132
0.904345 0.0221674
0.90568 0.0213451
0.907007 0.0205466
0.908324 0.0197724
0.909632 0.0190229
0.910931 0.0182984
0.912222 0.0175993
0.913503 0.0169259
0.914775 0.0162785
0.916039 0.0156575
0.917293 0.015063
0.918538 0.0144954
0.919774 0.0139548
0.921001 0.0134416
0.92222 0.0129558
0.923429 0.0124977
0.924628 0.0120674
0.925819 0.0116651
0.927001 0.0112908
0.928173 0.0109448
0.929337 0.0106269
0.930491 0.0103374
0.931636 0.0100763
0.932772 0.00984347
0.933899 0.00963904
0.935016 0.00946295
0.936125 0.00931517
0.937224 0.00919562
0.938313 0.00910425
0.939394 0.00904094
0.940465 0.00900557
0.941528 0.00899802
0.94258 0.00901813
0.943624 0.00906571
0.944658 0.00914059
0.945683 0.00924254
0.946699 0.00937134
0.947705 0.00952675
0.948702 0.00970849
0.94969 0.00991628
0.950668 0.0101498
0.951637 0.0104088
0.952596 0.0106929
0.953546 0.0110017
0.954487 0.011335
0.955418 0.0116922
0.95634 0.012073
0.957253 0.0124771
0.958156 0.0129039
0.95905 0.013353
0.959934 0.013824
0.960809 0.0143164
0.961674 0.0148297
0.96253 0.0153634
0.963376 0.015917
0.964213 0.01649
0.96504 0.0170819
0.965858 0.017692
0.966666 0.0183199
0.967465 0.018965
0.968255 0.0196267
0.969034 0.0203043
0.969804 0.0209974
0.970565 0.0217053
0.971316 0.0224273
0.972058 0.0231629
0.97279 0.0239115
0.973512 0.0246723
0.974225 0.0254447
0.974928 0.0262282
0.975621 0.0270219
0.976305 0.0278254
0.97698 0.0286378
0.977645 0.0294585
0.9783 0.0302869
0.978945 0.0311222
0.979581 0.0319638
0.980207 0.032811
0.980824 0.033663
0.98143 0.0345193
0.982028 0.0353791
0.982615 0.0362417
0.983193 0.0371064
0.983761 0.0379725
0.984319 0.0388394
0.984868 0.0397063
0.985407 0.0405726
0.985937 0.0414375
0.986456 0.0423004
0.986966 0.0431606
0.987466 0.0440175
0.987957 0.0448702
0.988438 0.0457183
0.988909 0.046561
0.98937 0.0473976
0.989821 0.0482275
0.990263 0.0490501
0.990695 0.0498647
0.991117 0.0506707
0.99153 0.0514674
0.991933 0.0522543
0.992326 0.0530307
0.992709 0.053796
0.993082 0.0545496
0.993446 0.0552911
0.9938 0.0560197
0.994144 0.0567349
0.994478 0.0574363
0.994803 0.0581231
0.995117 0.058795
0.995422 0.0594514
0.995717 0.0600918
0.996002 0.0607157
0.996278 0.0613226
0.996543 0.0619121
0.996799 0.0624837
0.997045 0.0630371
0.997281 0.0635716
0.997508 0.0640871
0.997724 0.064583
0.997931 0.065059
0.998128 0.0655148
0.998315 0.0659499
0.998492 0.0663641
0.998659 0.0667571
0.998817 0.0671284
0.998965 0.067478
0.999103 0.0678055
0.999231 0.0681106
0.999349 0.0683931
0.999457 0.0686528
0.999556 0.0688896
0.999644 0.0691032
0.999723 0.0692935
0.999792 0.0694603
0.999851 0.0696035
0.9999 0.069723
0.99994 0.0698187
0.999969 0.0698905
0.999989 0.0699385
0.999999 0.0699624
