-0.866015 0.0506358
-0.865997 0.0506409
-0.86597 0.0506485
-0.865933 0.0506586
-0.865888 0.0506713
-0.865833 0.0506866
-0.865769 0.0507044
-0.865696 0.0507247
-0.865614 0.0507476
-0.865523 0.050773
-0.865423 0.0508009
-0.865313 0.0508314
-0.865195 0.0508644
-0.865067 0.0509
-0.864931 0.0509381
-0.864785 0.0509787
-0.86463 0.0510219
-0.864466 0.0510676
-0.864293 0.0511159
-0.864111 0.0511666
-0.863919 0.05122
-0.863719 0.0512758
-0.86351 0.0513342
-0.863291 0.0513951
-0.863063 0.0514586
-0.862827 0.0515245
-0.862581 0.051593
-0.862326 0.0516641
-0.862062 0.0517376
-0.861789 0.0518137
-0.861507 0.0518923
-0.861216 0.0519735
-0.860915 0.0520571
-0.860606 0.0521433
-0.860288 0.052232
-0.85996 0.0523232
-0.859624 0.0524169
-0.859278 0.0525132
-0.858923 0.0526119
-0.85856 0.0527131
-0.858187 0.0528169
-0.857805 0.0529231
-0.857415 0.0530319
-0.857015 0.0531431
-0.856606 0.0532569
-0.856188 0.0533731
-0.855761 0.0534918
-0.855325 0.053613
-0.854881 0.0537367
-0.854427 0.0538628
-0.853964 0.0539914
-0.853492 0.0541225
-0.853011 0.054256
-0.852521 0.054392
-0.852022 0.0545304
-0.851514 0.0546713
-0.850998 0.0548146
-0.850472 0.0549604
-0.849937 0.0551086
-0.849393 0.0552592
-0.848841 0.0554122
-0.848279 0.0555676
-0.847709 0.0557254
-0.847129 0.0558856
-0.846541 0.0560482
-0.845943 0.0562132
-0.845337 0.0563805
-0.844722 0.0565502
-0.844098 0.0567222
-0.843465 0.0568966
-0.842823 0.0570732
-0.842173 0.0572523
-0.841513 0.0574336
-0.840844 0.0576172
-0.840167 0.0578031
-0.839481 0.0579912
-0.838786 0.0581817
-0.838082 0.0583743
-0.837369 0.0585692
-0.836648 0.0587664
-0.835917 0.0589657
-0.835178 0.0591672
-0.83443 0.0593709
-0.833673 0.0595768
-0.832907 0.0597847
-0.832133 0.0599949
-0.83135 0.0602071
-0.830558 0.0604214
-0.829757 0.0606378
-0.828948 0.0608562
-0.828129 0.0610767
-0.827302 0.0612992
-0.826467 0.0615237
-0.825622 0.0617501
-0.824769 0.0619785
-0.823907 0.0622089
-0.823036 0.0624411
-0.822157 0.0626752
-0.821269 0.0629112
-0.820373 0.063149
-0.819467 0.0633886
-0.818553 0.0636299
-0.817631 0.0638731
-0.816699 0.0641179
-0.81576 0.0643645
-0.814811 0.0646127
-0.813854 0.0648625
-0.812888 0.065114
-0.811914 0.065367
-0.810931 0.0656215
-0.80994 0.0658776
-0.80894 0.0661351
-0.807931 0.0663941
-0.806914 0.0666545
-0.805888 0.0669162
-0.804854 0.0671792
-0.803812 0.0674436
-0.80276 0.0677092
-0.801701 0.067976
-0.800633 0.0682439
-0.799556 0.068513
-0.798471 0.0687832
-0.797377 0.0690544
-0.796275 0.0693266
-0.795165 0.0695997
-0.794046 0.0698737
-0.792919 0.0701486
-0.791783 0.0704243
-0.790639 0.0707007
-0.789487 0.0709779
-0.788326 0.0712556
-0.787157 0.071534
-0.78598 0.0718129
-0.784794 0.0720923
-0.7836 0.0723722
-0.782397 0.0726524
-0.781187 0.0729329
-0.779968 0.0732136
-0.778741 0.0734946
-0.777505 0.0737757
-0.776261 0.0740568
-0.775009 0.074338
-0.773749 0.0746191
-0.772481 0.0749
-0.771204 0.0751808
-0.76992 0.0754612
-0.768627 0.0757414
-0.767326 0.0760211
-0.766016 0.0763003
-0.764699 0.076579
-0.763374 0.0768571
-0.76204 0.0771344
-0.760698 0.0774109
-0.759349 0.0776866
-0.757991 0.0779613
-0.756625 0.0782349
-0.755251 0.0785075
-0.753869 0.0787788
-0.752479 0.0790489
-0.751081 0.0793175
-0.749675 0.0795847
-0.748262 0.0798504
-0.74684 0.0801143
-0.74541 0.0803766
-0.743972 0.080637
-0.742527 0.0808954
-0.741073 0.0811518
-0.739612 0.0814061
-0.738143 0.0816581
-0.736665 0.0819078
-0.73518 0.082155
-0.733688 0.0823997
-0.732187 0.0826417
-0.730679 0.0828809
-0.729163 0.0831173
-0.727639 0.0833506
-0.726107 0.0835809
-0.724568 0.0838079
-0.72302 0.0840316
-0.721465 0.0842518
-0.719903 0.0844684
-0.718333 0.0846814
-0.716755 0.0848905
-0.715169 0.0850956
-0.713576 0.0852967
-0.711975 0.0854936
-0.710367 0.0856861
-0.708751 0.0858742
-0.707128 0.0860576
-0.705496 0.0862363
-0.703858 0.0864102
-0.702212 0.086579
-0.700558 0.0867426
-0.698897 0.086901
-0.697228 0.0870539
-0.695552 0.0872012
-0.693869 0.0873427
-0.692178 0.0874784
-0.69048 0.087608
-0.688774 0.0877315
-0.687061 0.0878485
-0.685341 0.0879591
-0.683613 0.088063
-0.681878 0.0881601
-0.680136 0.0882502
-0.678386 0.0883331
-0.676629 0.0884087
-0.674865 0.0884768
-0.673093 0.0885372
-0.671315 0.0885898
-0.669529 0.0886344
-0.667736 0.0886709
-0.665936 0.0886989
-0.664129 0.0887184
-0.662314 0.0887292
-0.660493 0.0887311
-0.658664 0.0887239
-0.656828 0.0887074
-0.654986 0.0886814
-0.653136 0.0886458
-0.651279 0.0886004
-0.649415 0.0885448
-0.647545 0.0884791
-0.645667 0.0884029
-0.643782 0.088316
-0.641891 0.0883421
-0.639992 0.0884956
-0.638087 0.0886395
-0.636174 0.0887741
-0.634255 0.0888999
-0.632329 0.089017
-0.630396 0.0891258
-0.628457 0.0892268
-0.626511 0.0893202
-0.624557 0.0894063
-0.622598 0.0894857
-0.620631 0.0895586
-0.618658 0.0896254
-0.616678 0.0896867
-0.614691 0.0897426
-0.612698 0.0897938
-0.610698 0.0898406
-0.608692 0.0898834
-0.606679 0.0899228
-0.604659 0.0899591
-0.602633 0.0899929
-0.6006 0.0900246
-0.598561 0.0900547
-0.596516 0.0900837
-0.594464 0.0901122
-0.592405 0.0901406
-0.59034 0.0901694
-0.588269 0.0901993
-0.586191 0.0902307
-0.584107 0.0902642
-0.582016 0.0903004
-0.57992 0.0903399
-0.577817 0.0903833
-0.575707 0.090431
-0.573592 0.0904839
-0.57147 0.0905424
-0.569342 0.0906072
-0.567208 0.090679
-0.565067 0.0907583
-0.562921 0.090846
-0.560768 0.0909425
-0.558609 0.0910487
-0.556444 0.0911651
-0.554274 0.0912925
-0.552097 0.0914317
-0.549914 0.0915833
-0.547725 0.091748
-0.54553 0.0919266
-0.543329 0.0921199
-0.541122 0.0923285
-0.538909 0.0925534
-0.53669 0.0927952
-0.534466 0.0930548
-0.532235 0.0933329
-0.529999 0.0936304
-0.527757 0.0939481
-0.525509 0.0942868
-0.523256 0.0946474
-0.520996 0.0950307
-0.518731 0.0954376
-0.516461 0.0958689
-0.514184 0.0963256
-0.511902 0.0968085
-0.509614 0.0973185
-0.507321 0.0978566
-0.505022 0.0984237
-0.502718 0.0990206
-0.500408 0.0996485
-0.498092 0.100308
-0.495771 0.101001
-0.493445 0.101727
-0.491113 0.102488
-0.488776 0.103284
-0.486433 0.104117
-0.484085 0.104989
-0.481732 0.105898
-0.479373 0.106848
-0.477009 0.107839
-0.474639 0.108871
-0.472265 0.109946
-0.469885 0.111066
-0.4675 0.11223
-0.46511 0.113441
-0.462714 0.114699
-0.460314 0.116005
-0.457908 0.117361
-0.455497 0.118768
-0.453081 0.120226
-0.45066 0.121738
-0.448234 0.123303
-0.445804 0.124924
-0.443368 0.126601
-0.440927 0.128336
-0.438481 0.13013
-0.43603 0.131984
-0.433575 0.133899
-0.431114 0.135876
-0.428649 0.137918
-0.426179 0.140024
-0.423704 0.142196
-0.421225 0.144436
-0.41874 0.146745
-0.416251 0.149124
-0.413758 0.151574
-0.411259 0.154096
-0.408756 0.156693
-0.406248 0.159364
-0.403736 0.162113
-0.401219 0.164939
-0.398698 0.167844
-0.396172 0.17083
-0.393642 0.173897
-0.391107 0.177048
-0.388568 0.180284
-0.386024 0.183605
-0.383476 0.187014
-0.380924 0.190512
-0.378367 0.1941
-0.375806 0.197779
-0.373241 0.201551
-0.370671 0.205418
-0.368098 0.209381
-0.36552 0.21344
-0.362937 0.217599
-0.360351 0.221858
-0.35776 0.226218
-0.355166 0.230682
-0.352567 0.23525
-0.349964 0.239924
-0.347358 0.244705
-0.344747 0.249596
-0.342132 0.254597
-0.339513 0.259709
-0.336891 0.264932
-0.334264 0.270264
-0.331634 0.275703
-0.328999 0.281246
-0.326361 0.286893
-0.323719 0.29264
-0.321074 0.298488
-0.318424 0.304432
-0.315771 0.310472
-0.313114 0.316606
-0.310454 0.322831
-0.30779 0.329146
-0.305122 0.335548
-0.30245 0.342036
-0.299775 0.348607
-0.297097 0.35526
-0.294415 0.361991
-0.29173 0.3688
-0.289041 0.375684
-0.286348 0.38264
-0.283652 0.389667
-0.280953 0.396763
-0.278251 0.403924
-0.275545 0.411149
-0.272836 0.418436
-0.270123 0.425782
-0.267408 0.433185
-0.264689 0.440642
-0.261967 0.448152
-0.259242 0.455712
-0.256513 0.463319
-0.253782 0.470972
-0.251047 0.478667
-0.24831 0.486402
-0.245569 0.494175
-0.242825 0.501983
-0.240079 0.509824
-0.237329 0.517696
-0.234577 0.525595
-0.231821 0.533519
-0.229063 0.541466
-0.226302 0.549433
-0.223538 0.557418
-0.220771 0.565417
-0.218002 0.573429
-0.21523 0.58145
-0.212455 0.589478
-0.209677 0.59751
-0.206897 0.605544
-0.204114 0.613576
-0.201329 0.621605
-0.198541 0.629627
-0.19575 0.63764
-0.192957 0.645641
-0.190162 0.653626
-0.187364 0.661594
-0.184563 0.669542
-0.18176 0.677466
-0.178955 0.685364
-0.176148 0.693233
-0.173338 0.701071
-0.170526 0.708873
-0.167711 0.716638
-0.164894 0.724363
-0.162076 0.732044
-0.159254 0.739679
-0.156431 0.747265
-0.153606 0.754798
-0.150778 0.762277
-0.147949 0.769698
-0.145117 0.777057
-0.142284 0.784353
-0.139448 0.791582
-0.136611 0.79874
-0.133771 0.805826
-0.13093 0.812836
-0.128087 0.819767
-0.125242 0.826617
-0.122395 0.833381
-0.119546 0.840057
-0.116696 0.846642
-0.113843 0.853133
-0.11099 0.859527
-0.108134 0.865821
-0.105277 0.872011
-0.102418 0.878095
-0.0995575 0.88407
-0.0966955 0.889932
-0.093832 0.895678
-0.0909669 0.901306
-0.0881004 0.906812
-0.0852324 0.912193
-0.082363 0.917446
-0.0794922 0.922567
-0.0766201 0.927555
-0.0737466 0.932405
-0.0708718 0.937115
-0.0679957 0.941681
-0.0651183 0.9461
-0.0622397 0.95037
-0.05936 0.954486
-0.056479 0.958447
-0.0535969 0.962248
-0.0507137 0.965887
-0.0478294 0.96936
-0.0449441 0.972665
-0.0420577 0.975798
-0.0391704 0.978756
-0.036282 0.981536
-0.0333927 0.984135
-0.0305026 0.98655
-0.0276115 0.988777
-0.0247195 0.990814
-0.0218268 0.992657
-0.0189332 0.994303
-0.0160389 0.995749
-0.0131438 0.996993
-0.010248 0.99803
-0.00735151 0.998858
-0.00445437 0.999474
-0.00155661 0.999875
0.00134176 0.999919
0.0042407 0.999585
0.00714018 0.999034
0.0100402 0.99827
0.0129407 0.997296
0.0158416 0.996114
0.018743 0.994727
0.0216447 0.993139
0.0245469 0.991351
0.0274494 0.989368
0.0303522 0.987191
0.0332553 0.984824
0.0361586 0.982269
0.0390622 0.97953
0.0419659 0.97661
0.0448699 0.97351
0.047774 0.970236
0.0506782 0.966788
0.0535825 0.963171
0.0564868 0.959387
0.0593912 0.955439
0.0622955 0.95133
0.0651999 0.947064
0.0681042 0.942643
0.0710084 0.93807
0.0739125 0.933348
0.0768164 0.92848
0.0797202 0.92347
0.0826238 0.918319
0.0855271 0.913032
0.0884302 0.907612
0.091333 0.902061
0.0942355 0.896382
0.0971376 0.890578
0.100039 0.884653
0.102941 0.87861
0.105842 0.872451
0.108742 0.86618
0.111642 0.859799
0.114542 0.853312
0.117441 0.846722
0.120339 0.840032
0.123237 0.833244
0.126134 0.826363
0.12903 0.819391
0.131926 0.81233
0.134821 0.805185
0.137716 0.797958
0.140609 0.790652
0.143502 0.78327
0.146394 0.775816
0.149285 0.768292
0.152175 0.760701
0.155064 0.753047
0.157953 0.745333
0.16084 0.737561
0.163726 0.729734
0.166612 0.721857
0.169496 0.71393
0.172379 0.705959
0.175261 0.697945
0.178142 0.689892
0.181022 0.681802
0.183901 0.673679
0.186778 0.665526
0.189654 0.657345
0.192529 0.64914
0.195402 0.640914
0.198275 0.632669
0.201145 0.624409
0.204015 0.616136
0.206883 0.607854
0.209749 0.599565
0.212614 0.591273
0.215478 0.58298
0.21834 0.574689
0.2212 0.566402
0.224059 0.558124
0.226916 0.549857
0.229772 0.541604
0.232626 0.533367
0.235478 0.525149
0.238328 0.516954
0.241177 0.508784
0.244024 0.500641
0.246869 0.49253
0.249712 0.484452
0.252554 0.47641
0.255393 0.468408
0.258231 0.460447
0.261066 0.452531
0.2639 0.444663
0.266731 0.436844
0.269561 0.429078
0.272388 0.421368
0.275214 0.413716
0.278037 0.406124
0.280858 0.398597
0.283677 0.391135
0.286493 0.383742
0.289308 0.37642
0.29212 0.369173
0.29493 0.362002
0.297737 0.35491
0.300543 0.347899
0.303346 0.340973
0.306146 0.334134
0.308944 0.327383
0.31174 0.320725
0.314533 0.31416
0.317323 0.307692
0.320111 0.301324
0.322897 0.295056
0.325679 0.288893
0.32846 0.282835
0.331237 0.276886
0.334012 0.271048
0.336784 0.265323
0.339554 0.259714
0.34232 0.254231
0.345084 0.248939
0.347845 0.243765
0.350604 0.238707
0.353359 0.233765
0.356112 0.228936
0.358861 0.224219
0.361608 0.219613
0.364351 0.215115
0.367092 0.210726
0.36983 0.206443
0.372564 0.202264
0.375296 0.198189
0.378024 0.194215
0.380749 0.190342
0.383471 0.186568
0.38619 0.182891
0.388906 0.179311
0.391618 0.175824
0.394327 0.172431
0.397033 0.16913
0.399736 0.165919
0.402435 0.162797
0.405131 0.159762
0.407823 0.156814
0.410512 0.15395
0.413197 0.15117
0.415879 0.148471
0.418558 0.145853
0.421233 0.143314
0.423904 0.140853
0.426572 0.138468
0.429236 0.136159
0.431897 0.133923
0.434553 0.131759
0.437207 0.129667
0.439856 0.127644
0.442502 0.125689
0.445144 0.123802
0.447782 0.121981
0.450416 0.120224
0.453046 0.11853
0.455673 0.116898
0.458296 0.115326
0.460914 0.113814
0.463529 0.11236
0.46614 0.110963
0.468747 0.109621
0.471349 0.108334
0.473948 0.107099
0.476543 0.105917
0.479133 0.104785
0.48172 0.103703
0.484302 0.102668
0.48688 0.101681
0.489454 0.10074
0.492023 0.0998429
0.494589 0.0989896
0.49715 0.0981786
0.499706 0.0974088
0.502259 0.0966789
0.504807 0.0959879
0.50735 0.0953347
0.50989 0.094718
0.512424 0.0941369
0.514955 0.0935901
0.517481 0.0930767
0.520002 0.0925954
0.522519 0.0921453
0.525031 0.0917253
0.527538 0.0913343
0.530041 0.0909712
0.53254 0.0906351
0.535034 0.0903248
0.537523 0.0900394
0.540007 0.0897779
0.542487 0.0895392
0.544961 0.0893224
0.547431 0.0891264
0.549897 0.0889503
0.552357 0.0887932
0.554813 0.088654
0.557263 0.0885318
0.559709 0.0884258
0.56215 0.0883349
0.564586 0.0882582
0.567017 0.0881948
0.569443 0.0881439
0.571864 0.0881045
0.574279 0.0880758
0.57669 0.0880568
0.579096 0.0880468
0.581497 0.0880449
0.583892 0.0880503
0.586282 0.088062
0.588667 0.0880793
0.591047 0.0881015
0.593422 0.0881276
0.595791 0.0881569
0.598155 0.0881886
0.600514 0.0882219
0.602867 0.0882562
0.605215 0.0882906
0.607558 0.0883243
0.609895 0.0883568
0.612227 0.0883872
0.614554 0.0884148
0.616875 0.088439
0.61919 0.0884591
0.6215 0.0884743
0.623805 0.088484
0.626103 0.0884876
0.628397 0.0884843
0.630684 0.0884737
0.632966 0.088455
0.635243 0.0884276
0.637514 0.0883909
0.639779 0.0883443
0.642038 0.0882873
0.644292 0.0881827
0.646539 0.088049
0.648781 0.0879046
0.651018 0.0877499
0.653248 0.0875851
0.655473 0.0874104
0.657691 0.0872262
0.659904 0.0870327
0.662111 0.0868301
0.664312 0.0866186
0.666507 0.0863987
0.668696 0.0861704
0.670879 0.0859341
0.673056 0.0856899
0.675227 0.0854382
0.677392 0.0851791
0.67955 0.0849129
0.681703 0.0846399
0.68385 0.0843602
0.68599 0.0840741
0.688124 0.0837818
0.690252 0.0834835
0.692374 0.0831795
0.69449 0.0828699
0.696599 0.082555
0.698702 0.082235
0.700799 0.0819101
0.702889 0.0815805
0.704973 0.0812464
0.707051 0.0809081
0.709122 0.0805656
0.711187 0.0802192
0.713246 0.0798691
0.715298 0.0795155
0.717344 0.0791585
0.719383 0.0787984
0.721415 0.0784354
0.723442 0.0780695
0.725461 0.0777011
0.727474 0.0773302
0.729481 0.0769571
0.73148 0.0765818
0.733474 0.0762046
0.73546 0.0758257
0.73744 0.0754451
0.739413 0.0750631
0.74138 0.0746799
0.74334 0.0742954
0.745293 0.07391
0.747239 0.0735238
0.749179 0.0731369
0.751112 0.0727494
0.753038 0.0723615
0.754957 0.0719734
0.756869 0.0715851
0.758774 0.0711968
0.760673 0.0708087
0.762564 0.0704208
0.764449 0.0700333
0.766327 0.0696463
0.768198 0.06926
0.770061 0.0688744
0.771918 0.0684896
0.773768 0.0681059
0.775611 0.0677232
0.777446 0.0673418
0.779275 0.0669616
0.781097 0.0665829
0.782911 0.0662057
0.784718 0.0658301
0.786518 0.0654563
0.788311 0.0650842
0.790097 0.064714
0.791876 0.0643459
0.793647 0.0639798
0.795411 0.0636159
0.797168 0.0632542
0.798918 0.0628949
0.80066 0.062538
0.802395 0.0621836
0.804123 0.0618318
0.805843 0.0614826
0.807556 0.0611361
0.809262 0.0607924
0.81096 0.0604515
0.812651 0.0601136
0.814335 0.0597787
0.816011 0.0594467
0.817679 0.0591179
0.81934 0.0587923
0.820994 0.0584698
0.82264 0.0581506
0.824279 0.0578347
0.82591 0.0575222
0.827533 0.0572131
0.829149 0.0569075
0.830758 0.0566053
0.832358 0.0563067
0.833952 0.0560116
0.835537 0.0557202
0.837115 0.0554324
0.838685 0.0551483
0.840248 0.0548679
0.841803 0.0545913
0.84335 0.0543185
0.844889 0.0540494
0.846421 0.0537842
0.847945 0.0535228
0.849461 0.0532653
0.850969 0.0530117
0.85247 0.052762
0.853963 0.0525162
0.855448 0.0522743
0.856925 0.0520364
0.858394 0.0518025
0.859856 0.0515726
0.861309 0.0513466
0.862755 0.0511247
0.864192 0.0509067
0.865622 0.0506927
0.867044 0.0504828
0.868458 0.0502768
0.869864 0.0500746
0.871262 0.0498763
0.872652 0.0496817
0.874033 0.0494907
0.875407 0.0493033
0.876773 0.0491194
0.878131 0.048939
0.879481 0.0487619
0.880822 0.0485881
0.882156 0.0484175
0.883481 0.0482501
0.884799 0.0480858
0.886108 0.0479245
0.887409 0.0477662
0.888702 0.0476108
0.889987 0.0474583
0.891263 0.0473086
0.892532 0.0471616
0.893792 0.0470172
0.895044 0.0468755
0.896287 0.0467364
0.897523 0.0465998
0.89875 0.0464656
0.899969 0.0463339
0.90118 0.0462045
0.902382 0.0460775
0.903576 0.0459527
0.904762 0.0458301
0.905939 0.0457097
0.907108 0.0455914
0.908269 0.0454752
0.909422 0.045361
0.910566 0.0452488
0.911701 0.0451386
0.912828 0.0450303
0.913947 0.0449238
0.915058 0.0448192
0.91616 0.0447164
0.917253 0.0446154
0.918338 0.044516
0.919415 0.0444184
0.920483 0.0443224
0.921543 0.044228
0.922594 0.0441351
0.923637 0.0440439
0.924671 0.0439541
0.925696 0.0438659
0.926713 0.0437791
0.927722 0.0436937
0.928722 0.0436097
0.929713 0.0435271
0.930696 0.0434459
0.931671 0.0433659
0.932636 0.0432873
0.933593 0.0432099
0.934542 0.0431337
0.935482 0.0430588
0.936413 0.042985
0.937336 0.0429125
0.93825 0.042841
0.939155 0.0427708
0.940052 0.0427016
0.94094 0.0426335
0.941819 0.0425664
0.942689 0.0425004
0.943551 0.0424355
0.944404 0.0423715
0.945249 0.0423086
0.946085 0.0422466
0.946912 0.0421856
0.94773 0.0421255
0.948539 0.0420664
0.94934 0.0420082
0.950132 0.0419508
0.950915 0.0418944
0.95169 0.0418388
0.952455 0.0417841
0.953212 0.0417303
0.95396 0.0416772
0.9547 0.041625
0.95543 0.0415737
0.956152 0.0415231
0.956864 0.0414733
0.957568 0.0414243
0.958263 0.041376
0.958949 0.0413286
0.959627 0.0412818
0.960295 0.0412359
0.960955 0.0411906
0.961606 0.0411461
0.962247 0.0411023
0.96288 0.0410592
0.963504 0.0410169
0.96412 0.0409752
0.964726 0.0409342
0.965323 0.0408939
0.965912 0.0408543
0.966491 0.0408154
0.967062 0.0407771
0.967623 0.0407395
0.968176 0.0407026
0.968719 0.0406663
0.969254 0.0406307
0.96978 0.0405957
0.970297 0.0405614
0.970805 0.0405277
0.971303 0.0404946
0.971793 0.0404622
0.972274 0.0404304
0.972746 0.0403993
0.973209 0.0403687
0.973663 0.0403388
0.974108 0.0403095
0.974544 0.0402808
0.974971 0.0402528
0.975388 0.0402253
0.975797 0.0401985
0.976197 0.0401722
0.976588 0.0401466
0.976969 0.0401216
0.977342 0.0400972
0.977706 0.0400734
0.97806 0.0400502
0.978406 0.0400276
0.978742 0.0400056
0.97907 0.0399842
0.979388 0.0399634
0.979698 0.0399432
0.979998 0.0399236
0.980289 0.0399046
0.980571 0.0398861
0.980844 0.0398683
0.981108 0.0398511
0.981363 0.0398345
0.981609 0.0398185
0.981846 0.039803
0.982073 0.0397882
0.982292 0.0397739
0.982501 0.0397603
0.982702 0.0397472
0.982893 0.0397347
0.983075 0.0397229
0.983248 0.0397116
0.983412 0.0397009
0.983567 0.0396908
0.983713 0.0396813
0.98385 0.0396724
0.983977 0.0396641
0.984096 0.0396564
0.984205 0.0396493
0.984305 0.0396427
0.984396 0.0396368
0.984478 0.0396314
0.984551 0.0396267
0.984615 0.0396225
0.98467 0.039619
0.984715 0.039616
0.984752 0.0396136
0.984779 0.0396118
0.984797 0.0396107
0.984807 0.0396101
