-0.999989 -3.15006
-0.999969 -3.14669
-0.99994 -3.14165
-0.9999 -3.13492
-0.999851 -3.12654
-0.999792 -3.11649
-0.999723 -3.1048
-0.999644 -3.09148
-0.999556 -3.07654
-0.999457 -3.06
-0.999349 -3.04189
-0.999231 -3.02221
-0.999103 -3.00099
-0.998965 -2.97826
-0.998817 -2.95404
-0.998659 -2.92835
-0.998492 -2.90124
-0.998315 -2.87272
-0.998128 -2.84284
-0.997931 -2.81161
-0.997724 -2.77909
-0.997508 -2.7453
-0.997281 -2.71028
-0.997045 -2.67407
-0.996799 -2.63671
-0.996543 -2.59824
-0.996278 -2.55871
-0.996002 -2.51815
-0.995717 -2.47661
-0.995422 -2.43414
-0.995117 -2.39078
-0.994803 -2.34658
-0.994478 -2.30158
-0.994144 -2.25584
-0.9938 -2.2094
-0.993446 -2.16231
-0.993082 -2.11462
-0.992709 -2.06638
-0.992326 -2.01764
-0.991933 -1.96845
-0.99153 -1.91886
-0.991117 -1.86892
-0.990695 -1.81869
-0.990263 -1.76821
-0.989821 -1.71753
-0.98937 -1.6667
-0.988909 -1.61578
-0.988438 -1.56481
-0.987957 -1.51384
-0.987466 -1.46292
-0.986966 -1.4121
-0.986456 -1.36143
-0.985937 -1.31095
-0.985407 -1.26071
-0.984868 -1.21076
-0.984319 -1.16113
-0.983761 -1.11188
-0.983193 -1.06305
-0.982615 -1.01467
-0.982028 -0.966799
-0.98143 -0.919462
-0.980824 -0.872704
-0.980207 -0.826561
-0.979581 -0.781069
-0.978945 -0.736265
-0.9783 -0.69218
-0.977645 -0.648849
-0.97698 -0.606301
-0.976305 -0.564566
-0.975621 -0.523674
-0.974928 -0.483649
-0.974225 -0.444518
-0.973512 -0.406305
-0.97279 -0.369031
-0.972058 -0.332718
-0.971316 -0.297384
-0.970565 -0.263048
-0.969804 -0.229725
-0.969034 -0.197429
-0.968255 -0.166175
-0.967465 -0.135972
-0.966666 -0.106831
-0.965858 -0.0787608
-0.96504 -0.0517667
-0.964213 -0.0258544
-0.963376 -0.00102733
-0.96253 0.0227125
-0.961674 0.0453645
-0.960809 0.0669298
-0.959934 0.0874109
-0.95905 0.106812
-0.958156 0.125138
-0.957253 0.142395
-0.95634 0.158593
-0.955418 0.173741
-0.954487 0.187848
-0.953546 0.200929
-0.952596 0.212995
-0.951637 0.224061
-0.950668 0.234144
-0.94969 0.243259
-0.948702 0.251425
-0.947705 0.258661
-0.946699 0.264987
-0.945683 0.270424
-0.944658 0.274993
-0.943624 0.278717
-0.94258 0.281619
-0.941528 0.283725
-0.940465 0.285058
-0.939394 0.285645
-0.938313 0.285511
-0.937224 0.284683
-0.936125 0.283188
-0.935016 0.281055
-0.933899 0.278311
-0.932772 0.274985
-0.931636 0.271105
-0.930491 0.2667
-0.929337 0.2618
-0.928173 0.256433
-0.927001 0.250629
-0.925819 0.244417
-0.924628 0.237827
-0.923429 0.230888
-0.92222 0.223629
-0.921001 0.216078
-0.919774 0.208266
-0.918538 0.20022
-0.917293 0.191968
-0.916039 0.183539
-0.914775 0.174959
-0.913503 0.166256
-0.912222 0.157456
-0.910931 0.148585
-0.909632 0.139669
-0.908324 0.130733
-0.907007 0.121801
-0.90568 0.112896
-0.904345 0.104041
-0.903001 0.0952588
-0.901649 0.0865705
-0.900287 0.077997
-0.898916 0.0695579
-0.897537 0.0612725
-0.896149 0.0531588
-0.894751 0.0452344
-0.893346 0.0375157
-0.891931 0.0300182
-0.890507 0.0227568
-0.889075 0.0157452
-0.887634 0.00899635
-0.886184 0.00252211
-0.884726 -0.00366645
-0.883258 -0.00955927
-0.881783 -0.0151472
-0.880298 -0.020422
-0.878805 -0.0253765
-0.877303 -0.0300043
-0.875792 -0.0343001
-0.874273 -0.0382592
-0.872745 -0.0418783
-0.871209 -0.0451545
-0.869664 -0.0480862
-0.86811 -0.0506725
-0.866548 -0.0529132
-0.864977 -0.0548092
-0.863398 -0.0563622
-0.861811 -0.0575745
-0.860214 -0.0584495
-0.85861 -0.058991
-0.856997 -0.0592038
-0.855375 -0.0590934
-0.853745 -0.0586658
-0.852107 -0.057928
-0.85046 -0.0568872
-0.848805 -0.0555516
-0.847141 -0.0539297
-0.84547 -0.0520307
-0.843789 -0.0498642
-0.842101 -0.0474405
-0.840404 -0.0447702
-0.838699 -0.0418642
-0.836986 -0.0387339
-0.835264 -0.0353912
-0.833534 -0.0318482
-0.831796 -0.0281171
-0.83005 -0.0242107
-0.828296 -0.0201417
-0.826533 -0.0159233
-0.824763 -0.0115685
-0.822984 -0.00709065
-0.821197 -0.00250317
-0.819402 0.00218054
-0.817599 0.00694704
-0.815788 0.0117829
-0.813969 0.0166747
-0.812142 0.0216092
-0.810306 0.0265732
-0.808463 0.0315536
-0.806612 0.0365375
-0.804753 0.0415123
-0.802886 0.0464654
-0.801011 0.0513847
-0.799128 0.0562582
-0.797238 0.0610743
-0.795339 0.0658217
-0.793433 0.0704894
-0.791519 0.0750668
-0.789597 0.0795437
-0.787667 0.0839104
-0.78573 0.0881575
-0.783784 0.092276
-0.781831 0.0962575
-0.779871 0.100094
-0.777903 0.103778
-0.775927 0.107303
-0.773943 0.110662
-0.771952 0.113848
-0.769953 0.116858
-0.767946 0.119686
-0.765932 0.122327
-0.763911 0.124777
-0.761882 0.127034
-0.759845 0.129095
-0.757801 0.130958
-0.75575 0.13262
-0.753691 0.134081
-0.751624 0.135341
-0.74955 0.1364
-0.747469 0.137257
-0.745381 0.137914
-0.743285 0.138374
-0.741182 0.138637
-0.739071 0.138706
-0.736953 0.138585
-0.734828 0.138277
-0.732696 0.137786
-0.730556 0.137117
-0.72841 0.136274
-0.726256 0.135262
-0.724095 0.134088
-0.721927 0.132758
-0.719751 0.131277
-0.717569 0.129654
-0.71538 0.127893
-0.713183 0.126004
-0.71098 0.123994
-0.708769 0.12187
-0.706552 0.119641
-0.704327 0.117315
-0.702096 0.1149
-0.699858 0.112406
-0.697612 0.109841
-0.69536 0.107214
-0.693102 0.104534
-0.690836 0.101811
-0.688563 0.0990526
-0.686284 0.0962689
-0.683998 0.093469
-0.681705 0.0906621
-0.679405 0.0878571
-0.677099 0.0850633
-0.674786 0.0822895
-0.672467 0.0795446
-0.670141 0.0768374
-0.667808 0.0741765
-0.665469 0.0715701
-0.663123 0.0690267
-0.66077 0.066554
-0.658411 0.06416
-0.656046 0.0618522
-0.653674 0.0596378
-0.651296 0.0575238
-0.648911 0.0555169
-0.64652 0.0536235
-0.644122 0.0518498
-0.641718 0.0502013
-0.639308 0.0486835
-0.636892 0.0473014
-0.634469 0.0460597
-0.63204 0.0449627
-0.629605 0.0440142
-0.627163 0.0432178
-0.624716 0.0425766
-0.622262 0.0420934
-0.619802 0.0417703
-0.617336 0.0416094
-0.614864 0.041612
-0.612386 0.0417793
-0.609902 0.042112
-0.607412 0.0426103
-0.604916 0.043274
-0.602414 0.0441026
-0.599906 0.0450951
-0.597392 0.0462503
-0.594872 0.0475662
-0.592346 0.0490409
-0.589815 0.0506717
-0.587277 0.0524559
-0.584734 0.0543903
-0.582185 0.0564712
-0.579631 0.0586947
-0.57707 0.0610567
-0.574504 0.0635526
-0.571933 0.0661776
-0.569355 0.0689265
-0.566773 0.071794
-0.564184 0.0747745
-0.56159 0.0778621
-0.558991 0.0810508
-0.556385 0.0843342
-0.553775 0.0877059
-0.551159 0.0911592
-0.548537 0.0946874
-0.545911 0.0982836
-0.543278 0.101941
-0.540641 0.105652
-0.537998 0.109409
-0.53535 0.113206
-0.532696 0.117036
-0.530038 0.12089
-0.527374 0.124762
-0.524704 0.128644
-0.52203 0.132529
-0.519351 0.13641
-0.516666 0.140281
-0.513977 0.144133
-0.511282 0.14796
-0.508582 0.151756
-0.505877 0.155514
-0.503168 0.159227
-0.500453 0.16289
-0.497733 0.166496
-0.495009 0.17004
-0.492279 0.173516
-0.489545 0.176919
-0.486806 0.180244
-0.484062 0.183486
-0.481314 0.186641
-0.47856 0.189705
-0.475802 0.192673
-0.473039 0.195543
-0.470272 0.198311
-0.4675 0.200975
-0.464723 0.203532
-0.461942 0.205979
-0.459156 0.208317
-0.456366 0.210542
-0.453571 0.212654
-0.450772 0.214653
-0.447968 0.216538
-0.44516 0.21831
-0.442347 0.219969
-0.43953 0.221516
-0.436709 0.222953
-0.433884 0.224281
-0.431054 0.225503
-0.42822 0.226621
-0.425382 0.227637
-0.422539 0.228556
-0.419693 0.229381
-0.416842 0.230116
-0.413987 0.230765
-0.411128 0.231333
-0.408265 0.231825
-0.405398 0.232247
-0.402527 0.232603
-0.399652 0.2329
-0.396773 0.233145
-0.393891 0.233343
-0.391004 0.233502
-0.388113 0.233629
-0.385219 0.23373
-0.382321 0.233813
-0.379419 0.233886
-0.376513 0.233957
-0.373604 0.234033
-0.370691 0.234124
-0.367774 0.234236
-0.364854 0.234379
-0.36193 0.234561
-0.359003 0.23479
-0.356072 0.235075
-0.353137 0.235425
-0.350199 0.235848
-0.347258 0.236353
-0.344313 0.236949
-0.341365 0.237643
-0.338413 0.238445
-0.335458 0.239362
-0.3325 0.240404
-0.329538 0.241578
-0.326574 0.242892
-0.323606 0.244354
-0.320634 0.245972
-0.31766 0.247753
-0.314683 0.249705
-0.311702 0.251833
-0.308718 0.254146
-0.305732 0.25665
-0.302742 0.25935
-0.299749 0.262253
-0.296754 0.265364
-0.293755 0.268689
-0.290754 0.272232
-0.28775 0.275998
-0.284742 0.279991
-0.281733 0.284214
-0.27872 0.288672
-0.275704 0.293366
-0.272686 0.298301
-0.269665 0.303477
-0.266642 0.308896
-0.263616 0.31456
-0.260587 0.320469
-0.257556 0.326625
-0.254522 0.333026
-0.251486 0.339672
-0.248447 0.346562
-0.245405 0.353695
-0.242362 0.361068
-0.239316 0.36868
-0.236267 0.376527
-0.233216 0.384605
-0.230163 0.392913
-0.227108 0.401444
-0.224051 0.410194
-0.220991 0.419158
-0.217929 0.428331
-0.214865 0.437706
-0.211799 0.447277
-0.20873 0.457037
-0.20566 0.466979
-0.202588 0.477095
-0.199513 0.487377
-0.196437 0.497817
-0.193359 0.508406
-0.190278 0.519134
-0.187196 0.529993
-0.184112 0.540972
-0.181027 0.552061
-0.177939 0.56325
-0.17485 0.574529
-0.171759 0.585886
-0.168666 0.597311
-0.165572 0.608791
-0.162476 0.620316
-0.159379 0.631874
-0.156279 0.643452
-0.153179 0.655039
-0.150077 0.666622
-0.146973 0.67819
-0.143868 0.68973
-0.140761 0.701229
-0.137654 0.712676
-0.134544 0.724057
-0.131434 0.73536
-0.128322 0.746572
-0.125209 0.757682
-0.122094 0.768677
-0.118979 0.779545
-0.115862 0.790272
-0.112744 0.800849
-0.109625 0.811261
-0.106505 0.821498
-0.103384 0.831549
-0.100262 0.841401
-0.0971387 0.851043
-0.0940146 0.860466
-0.0908896 0.869656
-0.0877637 0.878606
-0.0846369 0.887304
-0.0815093 0.89574
-0.0783809 0.903905
-0.0752517 0.91179
-0.0721218 0.919386
-0.0689911 0.926684
-0.0658598 0.933677
-0.0627279 0.940356
-0.0595953 0.946714
-0.0564621 0.952745
-0.0533284 0.958442
-0.0501942 0.963798
-0.0470594 0.968808
-0.0439242 0.973467
-0.0407886 0.97777
-0.0376525 0.981713
-0.0345161 0.985292
-0.0313794 0.988503
-0.0282423 0.991344
-0.025105 0.993812
-0.0219674 0.995906
-0.0188296 0.997623
-0.0156916 0.998962
-0.0125535 0.999924
-0.00941522 1.00051
-0.00627687 1.00072
-0.00313845 1.00055
6.12323e-17 1
0.00313845 0.999081
0.00627687 0.997792
0.00941522 0.996133
0.0125535 0.99411
0.0156916 0.991725
0.0188296 0.988982
0.0219674 0.985886
0.025105 0.982442
0.0282423 0.978654
0.0313794 0.974529
0.0345161 0.970073
0.0376525 0.965292
0.0407886 0.960192
0.0439242 0.954782
0.0470594 0.949068
0.0501942 0.943057
0.0533284 0.936759
0.0564621 0.930181
0.0595953 0.923332
0.0627279 0.916221
0.0658598 0.908857
0.0689911 0.901248
0.0721218 0.893406
0.0752517 0.885339
0.0783809 0.877057
0.0815093 0.86857
0.0846369 0.859889
0.0877637 0.851024
0.0908896 0.841985
0.0940146 0.832782
0.0971387 0.823427
0.100262 0.813929
0.103384 0.8043
0.106505 0.794549
0.109625 0.784689
0.112744 0.774729
0.115862 0.764679
0.118979 0.754551
0.122094 0.744356
0.125209 0.734102
0.128322 0.723802
0.131434 0.713464
0.134544 0.7031
0.137654 0.692718
0.140761 0.68233
0.143868 0.671943
0.146973 0.661569
0.150077 0.651216
0.153179 0.640893
0.156279 0.630609
0.159379 0.620373
0.162476 0.610192
0.165572 0.600076
0.168666 0.590033
0.171759 0.580068
0.17485 0.570191
0.177939 0.560408
0.181027 0.550725
0.184112 0.54115
0.187196 0.531688
0.190278 0.522346
0.193359 0.513129
0.196437 0.504041
0.199513 0.495089
0.202588 0.486276
0.20566 0.477607
0.20873 0.469087
0.211799 0.460717
0.214865 0.452503
0.217929 0.444446
0.220991 0.43655
0.224051 0.428817
0.227108 0.421249
0.230163 0.413847
0.233216 0.406613
0.236267 0.399549
0.239316 0.392654
0.242362 0.38593
0.245405 0.379377
0.248447 0.372994
0.251486 0.366781
0.254522 0.360738
0.257556 0.354863
0.260587 0.349156
0.263616 0.343615
0.266642 0.338238
0.269665 0.333024
0.272686 0.32797
0.275704 0.323075
0.27872 0.318335
0.281733 0.313748
0.284742 0.309311
0.28775 0.30502
0.290754 0.300874
0.293755 0.296867
0.296754 0.292997
0.299749 0.28926
0.302742 0.285653
0.305732 0.28217
0.308718 0.278809
0.311702 0.275565
0.314683 0.272434
0.31766 0.269412
0.320634 0.266494
0.323606 0.263677
0.326574 0.260955
0.329538 0.258324
0.3325 0.255781
0.335458 0.25332
0.338413 0.250936
0.341365 0.248627
0.344313 0.246387
0.347258 0.244212
0.350199 0.242098
0.353137 0.24004
0.356072 0.238034
0.359003 0.236077
0.36193 0.234164
0.364854 0.232291
0.367774 0.230455
0.370691 0.228651
0.373604 0.226876
0.376513 0.225127
0.379419 0.223399
0.382321 0.221691
0.385219 0.219998
0.388113 0.218318
0.391004 0.216648
0.393891 0.214984
0.396773 0.213325
0.399652 0.211668
0.402527 0.210011
0.405398 0.208351
0.408265 0.206686
0.411128 0.205016
0.413987 0.203337
0.416842 0.201648
0.419693 0.199949
0.422539 0.198237
0.425382 0.196512
0.42822 0.194773
0.431054 0.193019
0.433884 0.191249
0.436709 0.189463
0.43953 0.187661
0.442347 0.185842
0.44516 0.184007
0.447968 0.182155
0.450772 0.180287
0.453571 0.178403
0.456366 0.176504
0.459156 0.174589
0.461942 0.172661
0.464723 0.170719
0.4675 0.168765
0.470272 0.1668
0.473039 0.164825
0.475802 0.16284
0.47856 0.160848
0.481314 0.158849
0.484062 0.156846
0.486806 0.154839
0.489545 0.15283
0.492279 0.150822
0.495009 0.148814
0.497733 0.14681
0.500453 0.144811
0.503168 0.142818
0.505877 0.140834
0.508582 0.13886
0.511282 0.136898
0.513977 0.13495
0.516666 0.133018
0.519351 0.131103
0.52203 0.129207
0.524704 0.127332
0.527374 0.12548
0.530038 0.123652
0.532696 0.121851
0.53535 0.120077
0.537998 0.118332
0.540641 0.116618
0.543278 0.114936
0.545911 0.113288
0.548537 0.111674
0.551159 0.110097
0.553775 0.108558
0.556385 0.107057
0.558991 0.105595
0.56159 0.104174
0.564184 0.102795
0.566773 0.101458
0.569355 0.100163
0.571933 0.0989123
0.574504 0.0977056
0.57707 0.0965433
0.579631 0.0954259
0.582185 0.0943536
0.584734 0.0933266
0.587277 0.0923448
0.589815 0.0914084
0.592346 0.0905171
0.594872 0.0896708
0.597392 0.0888691
0.599906 0.0881116
0.602414 0.0873979
0.604916 0.0867274
0.607412 0.0860994
0.609902 0.0855132
0.612386 0.084968
0.614864 0.0844628
0.617336 0.0839967
0.619802 0.0835686
0.622262 0.0831775
0.624716 0.0828221
0.627163 0.0825012
0.629605 0.0822134
0.63204 0.0819575
0.634469 0.081732
0.636892 0.0815355
0.639308 0.0813664
0.641718 0.0812232
0.644122 0.0811043
0.64652 0.0810081
0.648911 0.080933
0.651296 0.0808773
0.653674 0.0808393
0.656046 0.0808174
0.658411 0.0808098
0.66077 0.0808148
0.663123 0.0808308
0.665469 0.080856
0.667808 0.0808887
0.670141 0.0809272
0.672467 0.0809699
0.674786 0.0810152
0.677099 0.0810613
0.679405 0.0811068
0.681705 0.08115
0.683998 0.0811894
0.686284 0.0812236
0.688563 0.0812511
0.690836 0.0812704
0.693102 0.0812804
0.69536 0.0812796
0.697612 0.0812668
0.699858 0.0812409
0.702096 0.0812008
0.704327 0.0811453
0.706552 0.0810735
0.708769 0.0809844
0.71098 0.0808773
0.713183 0.0807513
0.71538 0.0806058
0.717569 0.08044
0.719751 0.0802535
0.721927 0.0800457
0.724095 0.0798162
0.726256 0.0795647
0.72841 0.079291
0.730556 0.0789948
0.732696 0.078676
0.734828 0.0783347
0.736953 0.0779708
0.739071 0.0775845
0.741182 0.0771759
0.743285 0.0767454
0.745381 0.0762932
0.747469 0.0758198
0.74955 0.0753256
0.751624 0.0748112
0.753691 0.0742771
0.75575 0.0737241
0.757801 0.0731528
0.759845 0.072564
0.761882 0.0719585
0.763911 0.0713373
0.765932 0.0707012
0.767946 0.0700512
0.769953 0.0693883
0.771952 0.0687136
0.773943 0.0680282
0.775927 0.0673331
0.777903 0.0666296
0.779871 0.0659188
0.781831 0.0652018
0.783784 0.06448
0.78573 0.0637545
0.787667 0.0630266
0.789597 0.0622976
0.791519 0.0615686
0.793433 0.0608409
0.795339 0.0601158
0.797238 0.0593945
0.799128 0.0586783
0.801011 0.0579683
0.802886 0.0572658
0.804753 0.056572
0.806612 0.055888
0.808463 0.055215
0.810306 0.054554
0.812142 0.0539061
0.813969 0.0532724
0.815788 0.0526539
0.817599 0.0520515
0.819402 0.0514661
0.821197 0.0508986
0.822984 0.0503499
0.824763 0.0498207
0.826533 0.0493117
0.828296 0.0488237
0.83005 0.0483571
0.831796 0.0479126
0.833534 0.0474907
0.835264 0.0470918
0.836986 0.0467164
0.838699 0.0463646
0.840404 0.0460368
0.842101 0.0457333
0.843789 0.045454
0.84547 0.0451992
0.847141 0.0449688
0.848805 0.0447628
0.85046 0.044581
0.852107 0.0444233
0.853745 0.0442895
0.855375 0.0441793
0.856997 0.0440923
0.85861 0.0440282
0.860214 0.0439864
0.861811 0.0439665
0.863398 0.0439679
0.864977 0.04399
0.866548 0.0440321
0.86811 0.0440935
0.869664 0.0441735
0.871209 0.0442712
0.872745 0.0443858
0.874273 0.0445165
0.875792 0.0446622
0.877303 0.0448222
0.878805 0.0449954
0.880298 0.0451807
0.881783 0.0453773
0.883258 0.045584
0.884726 0.0457997
0.886184 0.0460234
0.887634 0.046254
0.889075 0.0464904
0.890507 0.0467314
0.891931 0.046976
0.893346 0.047223
0.894751 0.0474714
0.896149 0.0477199
0.897537 0.0479676
0.898916 0.0482133
0.900287 0.048456
0.901649 0.0486945
0.903001 0.0489279
0.904345 0.0491552
0.90568 0.0493753
0.907007 0.0495873
0.908324 0.0497903
0.909632 0.0499833
0.910931 0.0501656
0.912222 0.0503362
0.913503 0.0504944
0.914775 0.0506394
0.916039 0.0507706
0.917293 0.0508873
0.918538 0.0509888
0.919774 0.0510746
0.921001 0.0511442
0.92222 0.0511972
0.923429 0.0512331
0.924628 0.0512515
0.925819 0.0512521
0.927001 0.0512348
0.928173 0.0511992
0.929337 0.0511453
0.930491 0.051073
0.931636 0.0509822
0.932772 0.0508729
0.933899 0.0507452
0.935016 0.0505993
0.936125 0.0504353
0.937224 0.0502535
0.938313 0.0500542
0.939394 0.0498376
0.940465 0.0496042
0.941528 0.0493544
0.94258 0.0490888
0.943624 0.0488077
0.944658 0.0485119
0.945683 0.0482018
0.946699 0.0478783
0.947705 0.0475419
0.948702 0.0471934
0.94969 0.0468335
0.950668 0.0464632
0.951637 0.0460831
0.952596 0.0456942
0.953546 0.0452973
0.954487 0.0448933
0.955418 0.0444832
0.95634 0.0440679
0.957253 0.0436484
0.958156 0.0432256
0.95905 0.0428005
0.959934 0.042374
0.960809 0.0419473
0.961674 0.0415212
0.96253 0.0410967
0.963376 0.0406749
0.964213 0.0402567
0.96504 0.0398431
0.965858 0.039435
0.966666 0.0390334
0.967465 0.0386392
0.968255 0.0382532
0.969034 0.0378765
0.969804 0.0375098
0.970565 0.037154
0.971316 0.0368098
0.972058 0.036478
0.97279 0.0361594
0.973512 0.0358547
0.974225 0.0355645
0.974928 0.0352894
0.975621 0.0350301
0.976305 0.034787
0.97698 0.0345607
0.977645 0.0343516
0.9783 0.0341601
0.978945 0.0339866
0.979581 0.0338314
0.980207 0.0336947
0.980824 0.0335767
0.98143 0.0334777
0.982028 0.0333977
0.982615 0.0333368
0.983193 0.0332949
0.983761 0.0332721
0.984319 0.0332683
0.984868 0.0332833
0.985407 0.0333169
0.985937 0.0333689
0.986456 0.0334389
0.986966 0.0335268
0.987466 0.033632
0.987957 0.0337541
0.988438 0.0338928
0.988909 0.0340473
0.98937 0.0342173
0.989821 0.0344021
0.990263 0.0346011
0.990695 0.0348135
0.991117 0.0350387
0.99153 0.035276
0.991933 0.0355246
0.992326 0.0357837
0.992709 0.0360524
0.993082 0.03633
0.993446 0.0366155
0.9938 0.036908
0.994144 0.0372068
0.994478 0.0375107
0.994803 0.037819
0.995117 0.0381307
0.995422 0.0384448
0.995717 0.0387604
0.996002 0.0390765
0.996278 0.0393922
0.996543 0.0397066
0.996799 0.0400187
0.997045 0.0403275
0.997281 0.0406322
0.997508 0.0409319
0.997724 0.0412257
0.997931 0.0415126
0.998128 0.041792
0.998315 0.0420628
0.998492 0.0423245
0.998659 0.0425761
0.998817 0.0428169
0.998965 0.0430463
0.999103 0.0432636
0.999231 0.0434681
0.999349 0.0436593
0.999457 0.0438365
0.999556 0.0439993
0.999644 0.0441473
0.999723 0.0442798
0.999792 0.0443967
0.999851 0.0444975
0.9999 0.044582
0.99994 0.0446498
0.999969 0.0447009
0.999989 0.044735
0.999999 0.0447521
