-1 0.0384615
-0.997998 0.0393062
-0.995996 0.0401509
-0.993994 0.0409955
-0.991992 0.0418401
-0.98999 0.0426847
-0.987988 0.0435293
-0.985986 0.0443738
-0.983984 0.0452182
-0.981982 0.0460625
-0.97998 0.0469068
-0.977978 0.047751
-0.975976 0.0485951
-0.973974 0.049439
-0.971972 0.0502829
-0.96997 0.0511266
-0.967968 0.0519702
-0.965966 0.0528137
-0.963964 0.053657
-0.961962 0.0545001
-0.95996 0.0553431
-0.957958 0.0561859
-0.955956 0.0570285
-0.953954 0.0578709
-0.951952 0.0587131
-0.94995 0.0595551
-0.947948 0.0603969
-0.945946 0.0612384
-0.943944 0.0620797
-0.941942 0.0629208
-0.93994 0.0637615
-0.937938 0.0646021
-0.935936 0.0654423
-0.933934 0.0662823
-0.931932 0.0671219
-0.92993 0.0679613
-0.927928 0.0688003
-0.925926 0.069639
-0.923924 0.0704774
-0.921922 0.0713155
-0.91992 0.0721532
-0.917918 0.0729905
-0.915916 0.0738275
-0.913914 0.0746641
-0.911912 0.0755003
-0.90991 0.0763361
-0.907908 0.0771715
-0.905906 0.0780065
-0.903904 0.0788411
-0.901902 0.0796753
-0.8999 0.080509
-0.897898 0.0813423
-0.895896 0.0821751
-0.893894 0.0830074
-0.891892 0.0838393
-0.88989 0.0846707
-0.887888 0.0855016
-0.885886 0.086332
-0.883884 0.0871619
-0.881882 0.0879913
-0.87988 0.0888201
-0.877878 0.0896484
-0.875876 0.0904762
-0.873874 0.0913034
-0.871872 0.09213
-0.86987 0.0929561
-0.867868 0.0937816
-0.865866 0.0946065
-0.863864 0.0954308
-0.861862 0.0962545
-0.85986 0.0970776
-0.857858 0.0979
-0.855856 0.0987219
-0.853854 0.099543
-0.851852 0.100364
-0.84985 0.101183
-0.847848 0.102003
-0.845846 0.102821
-0.843844 0.103639
-0.841842 0.104456
-0.83984 0.105272
-0.837838 0.106088
-0.835836 0.106903
-0.833834 0.107717
-0.831832 0.108531
-0.82983 0.109344
-0.827828 0.110156
-0.825826 0.110967
-0.823824 0.111777
-0.821822 0.112587
-0.81982 0.113396
-0.817818 0.114204
-0.815816 0.115011
-0.813814 0.115818
-0.811812 0.116623
-0.80981 0.117428
-0.807808 0.118232
-0.805806 0.119035
-0.803804 0.119837
-0.801802 0.120638
-0.7998 0.121439
-0.797798 0.122238
-0.795796 0.123037
-0.793794 0.123835
-0.791792 0.124631
-0.78979 0.125427
-0.787788 0.126222
-0.785786 0.127016
-0.783784 0.127809
-0.781782 0.128601
-0.77978 0.129392
-0.777778 0.130182
-0.775776 0.130971
-0.773774 0.131759
-0.771772 0.132546
-0.76977 0.133333
-0.767768 0.134118
-0.765766 0.134902
-0.763764 0.135685
-0.761762 0.136466
-0.75976 0.137247
-0.757758 0.138027
-0.755756 0.138806
-0.753754 0.139583
-0.751752 0.14036
-0.74975 0.141135
-0.747748 0.141909
-0.745746 0.142682
-0.743744 0.143454
-0.741742 0.144225
-0.73974 0.144995
-0.737738 0.145764
-0.735736 0.146531
-0.733734 0.147297
-0.731732 0.148062
-0.72973 0.148826
-0.727728 0.149588
-0.725726 0.15035
-0.723724 0.15111
-0.721722 0.151869
-0.71972 0.152627
-0.717718 0.153383
-0.715716 0.154138
-0.713714 0.154892
-0.711712 0.155645
-0.70971 0.156396
-0.707708 0.157146
-0.705706 0.157895
-0.703704 0.158642
-0.701702 0.159388
-0.6997 0.160133
-0.697698 0.160876
-0.695696 0.161618
-0.693694 0.162359
-0.691692 0.163098
-0.68969 0.163836
-0.687688 0.164573
-0.685686 0.165308
-0.683684 0.166042
-0.681682 0.166774
-0.67968 0.167505
-0.677678 0.168235
-0.675676 0.168963
-0.673674 0.169689
-0.671672 0.170414
-0.66967 0.171138
-0.667668 0.17186
-0.665666 0.172581
-0.663664 0.1733
-0.661662 0.174018
-0.65966 0.174734
-0.657658 0.175449
-0.655656 0.176162
-0.653654 0.176874
-0.651652 0.177584
-0.64965 0.178292
-0.647648 0.178999
-0.645646 0.179705
-0.643644 0.180409
-0.641642 0.181111
-0.63964 0.181811
-0.637638 0.18251
-0.635636 0.183208
-0.633634 0.183904
-0.631632 0.184598
-0.62963 0.18529
-0.627628 0.185981
-0.625626 0.18667
-0.623624 0.187358
-0.621622 0.188043
-0.61962 0.188728
-0.617618 0.18941
-0.615616 0.190091
-0.613614 0.19077
-0.611612 0.191447
-0.60961 0.192122
-0.607608 0.192796
-0.605606 0.193468
-0.603604 0.194139
-0.601602 0.194807
-0.5996 0.195474
-0.597598 0.196139
-0.595596 0.196802
-0.593594 0.197463
-0.591592 0.198123
-0.58959 0.19878
-0.587588 0.199436
-0.585586 0.20009
-0.583584 0.200742
-0.581582 0.201393
-0.57958 0.202041
-0.577578 0.202688
-0.575576 0.203332
-0.573574 0.203975
-0.571572 0.204616
-0.56957 0.205255
-0.567568 0.205892
-0.565566 0.206527
-0.563564 0.20716
-0.561562 0.207792
-0.55956 0.208421
-0.557558 0.209048
-0.555556 0.209673
-0.553554 0.210297
-0.551552 0.210918
-0.54955 0.211537
-0.547548 0.212155
-0.545546 0.21277
-0.543544 0.213383
-0.541542 0.213995
-0.53954 0.214604
-0.537538 0.215211
-0.535536 0.215816
-0.533534 0.216419
-0.531532 0.21702
-0.52953 0.217619
-0.527528 0.218215
-0.525526 0.21881
-0.523524 0.219402
-0.521522 0.219993
-0.51952 0.220581
-0.517518 0.221167
-0.515516 0.221751
-0.513514 0.222333
-0.511512 0.222912
-0.50951 0.22349
-0.507508 0.224065
-0.505506 0.224638
-0.503504 0.225209
-0.501502 0.225777
-0.499499 0.226344
-0.497497 0.226908
-0.495495 0.22747
-0.493493 0.228029
-0.491491 0.228587
-0.489489 0.229142
-0.487487 0.229695
-0.485485 0.230245
-0.483483 0.230793
-0.481481 0.231339
-0.479479 0.231883
-0.477477 0.232424
-0.475475 0.232963
-0.473473 0.2335
-0.471471 0.234034
-0.469469 0.234566
-0.467467 0.235095
-0.465465 0.235622
-0.463463 0.236147
-0.461461 0.236669
-0.459459 0.237189
-0.457457 0.237707
-0.455455 0.238222
-0.453453 0.238735
-0.451451 0.239245
-0.449449 0.239753
-0.447447 0.240258
-0.445445 0.240761
-0.443443 0.241261
-0.441441 0.241759
-0.439439 0.242255
-0.437437 0.242747
-0.435435 0.243238
-0.433433 0.243726
-0.431431 0.244211
-0.429429 0.244694
-0.427427 0.245174
-0.425425 0.245652
-0.423423 0.246127
-0.421421 0.246599
-0.419419 0.247069
-0.417417 0.247537
-0.415415 0.248001
-0.413413 0.248464
-0.411411 0.248923
-0.409409 0.24938
-0.407407 0.249834
-0.405405 0.250286
-0.403403 0.250735
-0.401401 0.251181
-0.399399 0.251625
-0.397397 0.252066
-0.395395 0.252504
-0.393393 0.25294
-0.391391 0.253372
-0.389389 0.253802
-0.387387 0.25423
-0.385385 0.254655
-0.383383 0.255076
-0.381381 0.255496
-0.379379 0.255912
-0.377377 0.256326
-0.375375 0.256736
-0.373373 0.257145
-0.371371 0.25755
-0.369369 0.257952
-0.367367 0.258352
-0.365365 0.258749
-0.363363 0.259143
-0.361361 0.259534
-0.359359 0.259922
-0.357357 0.260307
-0.355355 0.26069
-0.353353 0.26107
-0.351351 0.261446
-0.349349 0.26182
-0.347347 0.262191
-0.345345 0.262559
-0.343343 0.262924
-0.341341 0.263287
-0.339339 0.263646
-0.337337 0.264002
-0.335335 0.264356
-0.333333 0.264706
-0.331331 0.265163
-0.329329 0.265618
-0.327327 0.26607
-0.325325 0.266518
-0.323323 0.266964
-0.321321 0.267407
-0.319319 0.267846
-0.317317 0.268283
-0.315315 0.268717
-0.313313 0.269148
-0.311311 0.269576
-0.309309 0.270001
-0.307307 0.270423
-0.305305 0.270842
-0.303303 0.271258
-0.301301 0.271671
-0.299299 0.272081
-0.297297 0.272489
-0.295295 0.272893
-0.293293 0.273294
-0.291291 0.273693
-0.289289 0.274088
-0.287287 0.274481
-0.285285 0.27487
-0.283283 0.275257
-0.281281 0.275641
-0.279279 0.276022
-0.277277 0.2764
-0.275275 0.276775
-0.273273 0.277147
-0.271271 0.277516
-0.269269 0.277882
-0.267267 0.278245
-0.265265 0.278606
-0.263263 0.278963
-0.261261 0.279318
-0.259259 0.27967
-0.257257 0.280019
-0.255255 0.280364
-0.253253 0.280707
-0.251251 0.281048
-0.249249 0.281385
-0.247247 0.281719
-0.245245 0.28205
-0.243243 0.282379
-0.241241 0.282705
-0.239239 0.283027
-0.237237 0.283347
-0.235235 0.283664
-0.233233 0.283978
-0.231231 0.284289
-0.229229 0.284598
-0.227227 0.284903
-0.225225 0.285206
-0.223223 0.285506
-0.221221 0.285803
-0.219219 0.286096
-0.217217 0.286388
-0.215215 0.286676
-0.213213 0.286961
-0.211211 0.287244
-0.209209 0.287524
-0.207207 0.2878
-0.205205 0.288074
-0.203203 0.288345
-0.201201 0.288614
-0.199199 0.288879
-0.197197 0.289142
-0.195195 0.289402
-0.193193 0.289658
-0.191191 0.289913
-0.189189 0.290164
-0.187187 0.290412
-0.185185 0.290658
-0.183183 0.2909
-0.181181 0.29114
-0.179179 0.291377
-0.177177 0.291612
-0.175175 0.291843
-0.173173 0.292072
-0.171171 0.292298
-0.169169 0.292521
-0.167167 0.292741
-0.165165 0.292958
-0.163163 0.293173
-0.161161 0.293384
-0.159159 0.293593
-0.157157 0.293799
-0.155155 0.294003
-0.153153 0.294203
-0.151151 0.294401
-0.149149 0.294596
-0.147147 0.294788
-0.145145 0.294977
-0.143143 0.295164
-0.141141 0.295348
-0.139139 0.295529
-0.137137 0.295707
-0.135135 0.295882
-0.133133 0.296055
-0.131131 0.296225
-0.129129 0.296392
-0.127127 0.296556
-0.125125 0.296718
-0.123123 0.296876
-0.121121 0.297032
-0.119119 0.297185
-0.117117 0.297336
-0.115115 0.297484
-0.113113 0.297628
-0.111111 0.297771
-0.109109 0.29791
-0.107107 0.298047
-0.105105 0.298181
-0.103103 0.298312
-0.101101 0.29844
-0.0990991 0.298566
-0.0970971 0.298689
-0.0950951 0.298809
-0.0930931 0.298926
-0.0910911 0.299041
-0.0890891 0.299153
-0.0870871 0.299262
-0.0850851 0.299369
-0.0830831 0.299472
-0.0810811 0.299573
-0.0790791 0.299672
-0.0770771 0.299767
-0.0750751 0.29986
-0.0730731 0.29995
-0.0710711 0.300037
-0.0690691 0.300122
-0.0670671 0.300204
-0.0650651 0.300283
-0.0630631 0.30036
-0.0610611 0.300434
-0.0590591 0.300505
-0.0570571 0.300573
-0.0550551 0.300639
-0.0530531 0.300702
-0.0510511 0.300762
-0.049049 0.30082
-0.047047 0.300875
-0.045045 0.300927
-0.043043 0.300977
-0.041041 0.301023
-0.039039 0.301068
-0.037037 0.301109
-0.035035 0.301148
-0.033033 0.301184
-0.031031 0.301217
-0.029029 0.301248
-0.027027 0.301276
-0.025025 0.301301
-0.023023 0.301324
-0.021021 0.301344
-0.019019 0.301362
-0.017017 0.301376
-0.015015 0.301388
-0.013013 0.301398
-0.011011 0.301405
-0.00900901 0.301409
-0.00700701 0.30141
-0.00500501 0.301409
-0.003003 0.301405
-0.001001 0.301398
0.001001 0.301389
0.003003 0.301377
0.00500501 0.301363
0.00700701 0.301346
0.00900901 0.301326
0.011011 0.301304
0.013013 0.301279
0.015015 0.301251
0.017017 0.301221
0.019019 0.301188
0.021021 0.301152
0.023023 0.301114
0.025025 0.301073
0.027027 0.30103
0.029029 0.300984
0.031031 0.300935
0.033033 0.300884
0.035035 0.30083
0.037037 0.300773
0.039039 0.300714
0.041041 0.300653
0.043043 0.300588
0.045045 0.300521
0.047047 0.300452
0.049049 0.30038
0.0510511 0.300305
0.0530531 0.300228
0.0550551 0.300148
0.0570571 0.300065
0.0590591 0.29998
0.0610611 0.299892
0.0630631 0.299802
0.0650651 0.299709
0.0670671 0.299614
0.0690691 0.299516
0.0710711 0.299415
0.0730731 0.299312
0.0750751 0.299206
0.0770771 0.299098
0.0790791 0.298987
0.0810811 0.298874
0.0830831 0.298758
0.0850851 0.298639
0.0870871 0.298518
0.0890891 0.298394
0.0910911 0.298268
0.0930931 0.298139
0.0950951 0.298008
0.0970971 0.297874
0.0990991 0.297737
0.101101 0.297598
0.103103 0.297457
0.105105 0.297312
0.107107 0.297166
0.109109 0.297016
0.111111 0.296865
0.113113 0.29671
0.115115 0.296554
0.117117 0.296394
0.119119 0.296232
0.121121 0.296068
0.123123 0.295901
0.125125 0.295732
0.127127 0.29556
0.129129 0.295385
0.131131 0.295208
0.133133 0.295028
0.135135 0.294846
0.137137 0.294662
0.139139 0.294475
0.141141 0.294285
0.143143 0.294093
0.145145 0.293898
0.147147 0.293701
0.149149 0.293502
0.151151 0.2933
0.153153 0.293095
0.155155 0.292888
0.157157 0.292678
0.159159 0.292466
0.161161 0.292252
0.163163 0.292035
0.165165 0.291815
0.167167 0.291593
0.169169 0.291369
0.171171 0.291142
0.173173 0.290912
0.175175 0.29068
0.177177 0.290446
0.179179 0.290209
0.181181 0.28997
0.183183 0.289728
0.185185 0.289483
0.187187 0.289237
0.189189 0.288988
0.191191 0.288736
0.193193 0.288482
0.195195 0.288225
0.197197 0.287966
0.199199 0.287705
0.201201 0.287441
0.203203 0.287174
0.205205 0.286906
0.207207 0.286634
0.209209 0.286361
0.211211 0.286084
0.213213 0.285806
0.215215 0.285525
0.217217 0.285241
0.219219 0.284955
0.221221 0.284667
0.223223 0.284376
0.225225 0.284083
0.227227 0.283788
0.229229 0.28349
0.231231 0.283189
0.233233 0.282886
0.235235 0.282581
0.237237 0.282273
0.239239 0.281963
0.241241 0.281651
0.243243 0.281336
0.245245 0.281019
0.247247 0.280699
0.249249 0.280377
0.251251 0.280052
0.253253 0.279725
0.255255 0.279396
0.257257 0.279064
0.259259 0.27873
0.261261 0.278394
0.263263 0.278055
0.265265 0.277714
0.267267 0.27737
0.269269 0.277024
0.271271 0.276676
0.273273 0.276325
0.275275 0.275972
0.277277 0.275616
0.279279 0.275258
0.281281 0.274898
0.283283 0.274535
0.285285 0.27417
0.287287 0.273803
0.289289 0.273433
0.291291 0.273061
0.293293 0.272687
0.295295 0.27231
0.297297 0.271931
0.299299 0.271549
0.301301 0.271165
0.303303 0.270779
0.305305 0.270391
0.307307 0.27
0.309309 0.269607
0.311311 0.269211
0.313313 0.268813
0.315315 0.268413
0.317317 0.26801
0.319319 0.267605
0.321321 0.267198
0.323323 0.266789
0.325325 0.266377
0.327327 0.265962
0.329329 0.265546
0.331331 0.265127
0.333333 0.264706
0.335335 0.264282
0.337337 0.263857
0.339339 0.263428
0.341341 0.262998
0.343343 0.262565
0.345345 0.26213
0.347347 0.261693
0.349349 0.261254
0.351351 0.260812
0.353353 0.260368
0.355355 0.259922
0.357357 0.259473
0.359359 0.259022
0.361361 0.258569
0.363363 0.258114
0.365365 0.257657
0.367367 0.257197
0.369369 0.256735
0.371371 0.256271
0.373373 0.255805
0.375375 0.255337
0.377377 0.254866
0.379379 0.254394
0.381381 0.253919
0.383383 0.253442
0.385385 0.252963
0.387387 0.252481
0.389389 0.251998
0.391391 0.251512
0.393393 0.251025
0.395395 0.250535
0.397397 0.250043
0.399399 0.249549
0.401401 0.249053
0.403403 0.248555
0.405405 0.248055
0.407407 0.247553
0.409409 0.247049
0.411411 0.246542
0.413413 0.246034
0.415415 0.245523
0.417417 0.245011
0.419419 0.244496
0.421421 0.24398
0.423423 0.243461
0.425425 0.242941
0.427427 0.242418
0.429429 0.241894
0.431431 0.241367
0.433433 0.240839
0.435435 0.240308
0.437437 0.239776
0.439439 0.239242
0.441441 0.238705
0.443443 0.238167
0.445445 0.237627
0.447447 0.237085
0.449449 0.236541
0.451451 0.235995
0.453453 0.235447
0.455455 0.234898
0.457457 0.234346
0.459459 0.233792
0.461461 0.233237
0.463463 0.23268
0.465465 0.232121
0.467467 0.23156
0.469469 0.230997
0.471471 0.230432
0.473473 0.229866
0.475475 0.229297
0.477477 0.228727
0.479479 0.228155
0.481481 0.227581
0.483483 0.227006
0.485485 0.226428
0.487487 0.225849
0.489489 0.225268
0.491491 0.224686
0.493493 0.224101
0.495495 0.223515
0.497497 0.222927
0.499499 0.222337
0.501502 0.221746
0.503504 0.221153
0.505506 0.220558
0.507508 0.219961
0.50951 0.219363
0.511512 0.218763
0.513514 0.218161
0.515516 0.217557
0.517518 0.216952
0.51952 0.216345
0.521522 0.215737
0.523524 0.215127
0.525526 0.214515
0.527528 0.213901
0.52953 0.213286
0.531532 0.21267
0.533534 0.212051
0.535536 0.211431
0.537538 0.21081
0.53954 0.210187
0.541542 0.209562
0.543544 0.208935
0.545546 0.208307
0.547548 0.207678
0.54955 0.207047
0.551552 0.206414
0.553554 0.20578
0.555556 0.205144
0.557558 0.204507
0.55956 0.203868
0.561562 0.203227
0.563564 0.202586
0.565566 0.201942
0.567568 0.201297
0.56957 0.200651
0.571572 0.200003
0.573574 0.199353
0.575576 0.198702
0.577578 0.19805
0.57958 0.197396
0.581582 0.196741
0.583584 0.196084
0.585586 0.195426
0.587588 0.194766
0.58959 0.194105
0.591592 0.193442
0.593594 0.192779
0.595596 0.192113
0.597598 0.191446
0.5996 0.190778
0.601602 0.190109
0.603604 0.189438
0.605606 0.188766
0.607608 0.188092
0.60961 0.187417
0.611612 0.18674
0.613614 0.186063
0.615616 0.185384
0.617618 0.184703
0.61962 0.184021
0.621622 0.183338
0.623624 0.182654
0.625626 0.181968
0.627628 0.181281
0.62963 0.180593
0.631632 0.179903
0.633634 0.179213
0.635636 0.17852
0.637638 0.177827
0.63964 0.177132
0.641642 0.176436
0.643644 0.175739
0.645646 0.175041
0.647648 0.174341
0.64965 0.17364
0.651652 0.172938
0.653654 0.172235
0.655656 0.171531
0.657658 0.170825
0.65966 0.170118
0.661662 0.16941
0.663664 0.168701
0.665666 0.16799
0.667668 0.167279
0.66967 0.166566
0.671672 0.165852
0.673674 0.165137
0.675676 0.164421
0.677678 0.163704
0.67968 0.162986
0.681682 0.162266
0.683684 0.161546
0.685686 0.160824
0.687688 0.160101
0.68969 0.159377
0.691692 0.158652
0.693694 0.157926
0.695696 0.157199
0.697698 0.156471
0.6997 0.155742
0.701702 0.155012
0.703704 0.15428
0.705706 0.153548
0.707708 0.152815
0.70971 0.15208
0.711712 0.151345
0.713714 0.150609
0.715716 0.149871
0.717718 0.149133
0.71972 0.148394
0.721722 0.147654
0.723724 0.146912
0.725726 0.14617
0.727728 0.145427
0.72973 0.144683
0.731732 0.143938
0.733734 0.143192
0.735736 0.142445
0.737738 0.141697
0.73974 0.140948
0.741742 0.140199
0.743744 0.139448
0.745746 0.138697
0.747748 0.137944
0.74975 0.137191
0.751752 0.136437
0.753754 0.135682
0.755756 0.134927
0.757758 0.13417
0.75976 0.133413
0.761762 0.132654
0.763764 0.131895
0.765766 0.131135
0.767768 0.130374
0.76977 0.129613
0.771772 0.12885
0.773774 0.128087
0.775776 0.127323
0.777778 0.126559
0.77978 0.125793
0.781782 0.125027
0.783784 0.12426
0.785786 0.123492
0.787788 0.122724
0.78979 0.121954
0.791792 0.121184
0.793794 0.120414
0.795796 0.119642
0.797798 0.11887
0.7998 0.118097
0.801802 0.117324
0.803804 0.11655
0.805806 0.115775
0.807808 0.114999
0.80981 0.114223
0.811812 0.113446
0.813814 0.112669
0.815816 0.11189
0.817818 0.111111
0.81982 0.110332
0.821822 0.109552
0.823824 0.108771
0.825826 0.10799
0.827828 0.107208
0.82983 0.106425
0.831832 0.105642
0.833834 0.104859
0.835836 0.104074
0.837838 0.103289
0.83984 0.102504
0.841842 0.101718
0.843844 0.100932
0.845846 0.100144
0.847848 0.0993569
0.84985 0.0985688
0.851852 0.0977801
0.853854 0.096991
0.855856 0.0962013
0.857858 0.0954111
0.85986 0.0946204
0.861862 0.0938293
0.863864 0.0930377
0.865866 0.0922456
0.867868 0.091453
0.86987 0.09066
0.871872 0.0898665
0.873874 0.0890725
0.875876 0.0882782
0.877878 0.0874834
0.87988 0.0866882
0.881882 0.0858925
0.883884 0.0850965
0.885886 0.0843
0.887888 0.0835032
0.88989 0.0827059
0.891892 0.0819083
0.893894 0.0811103
0.895896 0.0803119
0.897898 0.0795132
0.8999 0.0787141
0.901902 0.0779147
0.903904 0.0771149
0.905906 0.0763148
0.907908 0.0755144
0.90991 0.0747137
0.911912 0.0739126
0.913914 0.0731112
0.915916 0.0723096
0.917918 0.0715076
0.91992 0.0707053
0.921922 0.0699028
0.923924 0.0691
0.925926 0.068297
0.927928 0.0674937
0.92993 0.0666901
0.931932 0.0658863
0.933934 0.0650822
0.935936 0.064278
0.937938 0.0634735
0.93994 0.0626687
0.941942 0.0618638
0.943944 0.0610587
0.945946 0.0602534
0.947948 0.0594479
0.94995 0.0586422
0.951952 0.0578363
0.953954 0.0570303
0.955956 0.0562241
0.957958 0.0554178
0.95996 0.0546113
0.961962 0.0538046
0.963964 0.0529979
0.965966 0.052191
0.967968 0.051384
0.96997 0.0505769
0.971972 0.0497697
0.973974 0.0489623
0.975976 0.0481549
0.977978 0.0473474
0.97998 0.0465399
0.981982 0.0457322
0.983984 0.0449245
0.985986 0.0441168
0.987988 0.043309
0.98999 0.0425011
0.991992 0.0416933
0.993994 0.0408854
0.995996 0.0400774
0.997998 0.0392695
1 0.0384615
