-1 0.0384615
-0.997998 0.0394796
-0.995996 0.0404957
-0.993994 0.0415097
-0.991992 0.0425217
-0.98999 0.0435316
-0.987988 0.0445395
-0.985986 0.0455454
-0.983984 0.0465492
-0.981982 0.047551
-0.97998 0.0485507
-0.977978 0.0495484
-0.975976 0.0505441
-0.973974 0.0515377
-0.971972 0.0525293
-0.96997 0.0535188
-0.967968 0.0545063
-0.965966 0.0554917
-0.963964 0.0564751
-0.961962 0.0574565
-0.95996 0.0584359
-0.957958 0.0594131
-0.955956 0.0603884
-0.953954 0.0613616
-0.951952 0.0623328
-0.94995 0.0633019
-0.947948 0.064269
-0.945946 0.0652341
-0.943944 0.0661971
-0.941942 0.067158
-0.93994 0.068117
-0.937938 0.0690739
-0.935936 0.0700287
-0.933934 0.0709815
-0.931932 0.0719323
-0.92993 0.072881
-0.927928 0.0738277
-0.925926 0.0747724
-0.923924 0.075715
-0.921922 0.0766555
-0.91992 0.0775941
-0.917918 0.0785306
-0.915916 0.079465
-0.913914 0.0803974
-0.911912 0.0813278
-0.90991 0.0822561
-0.907908 0.0831824
-0.905906 0.0841066
-0.903904 0.0850288
-0.901902 0.085949
-0.8999 0.0868671
-0.897898 0.0877832
-0.895896 0.0886973
-0.893894 0.0896093
-0.891892 0.0905192
-0.88989 0.0914271
-0.887888 0.092333
-0.885886 0.0932369
-0.883884 0.0941387
-0.881882 0.0950384
-0.87988 0.0959362
-0.877878 0.0968318
-0.875876 0.0977255
-0.873874 0.0986171
-0.871872 0.0995066
-0.86987 0.100394
-0.867868 0.10128
-0.865866 0.102163
-0.863864 0.103044
-0.861862 0.103924
-0.85986 0.104801
-0.857858 0.105676
-0.855856 0.10655
-0.853854 0.107421
-0.851852 0.10829
-0.84985 0.109157
-0.847848 0.110022
-0.845846 0.110885
-0.843844 0.111746
-0.841842 0.112605
-0.83984 0.113462
-0.837838 0.114317
-0.835836 0.11517
-0.833834 0.116021
-0.831832 0.116869
-0.82983 0.117716
-0.827828 0.118561
-0.825826 0.119403
-0.823824 0.120244
-0.821822 0.121083
-0.81982 0.121919
-0.817818 0.122754
-0.815816 0.123586
-0.813814 0.124416
-0.811812 0.125245
-0.80981 0.126071
-0.807808 0.126895
-0.805806 0.127718
-0.803804 0.128538
-0.801802 0.129356
-0.7998 0.130172
-0.797798 0.130986
-0.795796 0.131798
-0.793794 0.132608
-0.791792 0.133416
-0.78979 0.134222
-0.787788 0.135026
-0.785786 0.135828
-0.783784 0.136627
-0.781782 0.137425
-0.77978 0.138221
-0.777778 0.139015
-0.775776 0.139806
-0.773774 0.140596
-0.771772 0.141383
-0.76977 0.142169
-0.767768 0.142952
-0.765766 0.143734
-0.763764 0.144513
-0.761762 0.14529
-0.75976 0.146066
-0.757758 0.146839
-0.755756 0.14761
-0.753754 0.148379
-0.751752 0.149147
-0.74975 0.149912
-0.747748 0.150675
-0.745746 0.151436
-0.743744 0.152195
-0.741742 0.152952
-0.73974 0.153707
-0.737738 0.154459
-0.735736 0.15521
-0.733734 0.155959
-0.731732 0.156706
-0.72973 0.157451
-0.727728 0.158193
-0.725726 0.158934
-0.723724 0.159672
-0.721722 0.160409
-0.71972 0.161143
-0.717718 0.161876
-0.715716 0.162606
-0.713714 0.163335
-0.711712 0.164061
-0.70971 0.164785
-0.707708 0.165508
-0.705706 0.166228
-0.703704 0.166946
-0.701702 0.167662
-0.6997 0.168376
-0.697698 0.169088
-0.695696 0.169798
-0.693694 0.170506
-0.691692 0.171212
-0.68969 0.171916
-0.687688 0.172618
-0.685686 0.173318
-0.683684 0.174016
-0.681682 0.174711
-0.67968 0.175405
-0.677678 0.176097
-0.675676 0.176786
-0.673674 0.177474
-0.671672 0.178159
-0.66967 0.178843
-0.667668 0.179524
-0.665666 0.180204
-0.663664 0.180881
-0.661662 0.181556
-0.65966 0.18223
-0.657658 0.182901
-0.655656 0.18357
-0.653654 0.184237
-0.651652 0.184902
-0.64965 0.185566
-0.647648 0.186227
-0.645646 0.186886
-0.643644 0.187543
-0.641642 0.188198
-0.63964 0.18885
-0.637638 0.189501
-0.635636 0.19015
-0.633634 0.190797
-0.631632 0.191442
-0.62963 0.192084
-0.627628 0.192725
-0.625626 0.193363
-0.623624 0.194
-0.621622 0.194635
-0.61962 0.195267
-0.617618 0.195898
-0.615616 0.196526
-0.613614 0.197152
-0.611612 0.197777
-0.60961 0.198399
-0.607608 0.199019
-0.605606 0.199637
-0.603604 0.200254
-0.601602 0.200868
-0.5996 0.20148
-0.597598 0.20209
-0.595596 0.202698
-0.593594 0.203304
-0.591592 0.203908
-0.58959 0.20451
-0.587588 0.205109
-0.585586 0.205707
-0.583584 0.206303
-0.581582 0.206897
-0.57958 0.207488
-0.577578 0.208078
-0.575576 0.208666
-0.573574 0.209251
-0.571572 0.209835
-0.56957 0.210416
-0.567568 0.210996
-0.565566 0.211573
-0.563564 0.212148
-0.561562 0.212722
-0.55956 0.213293
-0.557558 0.213862
-0.555556 0.214429
-0.553554 0.214995
-0.551552 0.215558
-0.54955 0.216119
-0.547548 0.216678
-0.545546 0.217235
-0.543544 0.21779
-0.541542 0.218343
-0.53954 0.218893
-0.537538 0.219442
-0.535536 0.219989
-0.533534 0.220534
-0.531532 0.221077
-0.52953 0.221617
-0.527528 0.222156
-0.525526 0.222692
-0.523524 0.223227
-0.521522 0.22376
-0.51952 0.22429
-0.517518 0.224818
-0.515516 0.225345
-0.513514 0.225869
-0.511512 0.226392
-0.50951 0.226912
-0.507508 0.22743
-0.505506 0.227946
-0.503504 0.22846
-0.501502 0.228972
-0.499499 0.229483
-0.497497 0.229991
-0.495495 0.230497
-0.493493 0.231
-0.491491 0.231502
-0.489489 0.232002
-0.487487 0.2325
-0.485485 0.232996
-0.483483 0.23349
-0.481481 0.233981
-0.479479 0.234471
-0.477477 0.234959
-0.475475 0.235444
-0.473473 0.235928
-0.471471 0.236409
-0.469469 0.236889
-0.467467 0.237366
-0.465465 0.237842
-0.463463 0.238315
-0.461461 0.238786
-0.459459 0.239255
-0.457457 0.239723
-0.455455 0.240188
-0.453453 0.240651
-0.451451 0.241112
-0.449449 0.241571
-0.447447 0.242028
-0.445445 0.242483
-0.443443 0.242936
-0.441441 0.243387
-0.439439 0.243836
-0.437437 0.244283
-0.435435 0.244727
-0.433433 0.24517
-0.431431 0.245611
-0.429429 0.24605
-0.427427 0.246486
-0.425425 0.246921
-0.423423 0.247353
-0.421421 0.247784
-0.419419 0.248212
-0.417417 0.248639
-0.415415 0.249063
-0.413413 0.249485
-0.411411 0.249906
-0.409409 0.250324
-0.407407 0.25074
-0.405405 0.251154
-0.403403 0.251566
-0.401401 0.251977
-0.399399 0.252385
-0.397397 0.252791
-0.395395 0.253195
-0.393393 0.253597
-0.391391 0.253996
-0.389389 0.254394
-0.387387 0.25479
-0.385385 0.255184
-0.383383 0.255576
-0.381381 0.255965
-0.379379 0.256353
-0.377377 0.256739
-0.375375 0.257122
-0.373373 0.257504
-0.371371 0.257883
-0.369369 0.258261
-0.367367 0.258636
-0.365365 0.259009
-0.363363 0.259381
-0.361361 0.25975
-0.359359 0.260117
-0.357357 0.260483
-0.355355 0.260846
-0.353353 0.261207
-0.351351 0.261566
-0.349349 0.261923
-0.347347 0.262278
-0.345345 0.262631
-0.343343 0.262982
-0.341341 0.263331
-0.339339 0.263678
-0.337337 0.264022
-0.335335 0.264365
-0.333333 0.264706
-0.331331 0.265045
-0.329329 0.265381
-0.327327 0.265716
-0.325325 0.266048
-0.323323 0.266379
-0.321321 0.266707
-0.319319 0.267034
-0.317317 0.267358
-0.315315 0.267681
-0.313313 0.268001
-0.311311 0.268319
-0.309309 0.268635
-0.307307 0.26895
-0.305305 0.269262
-0.303303 0.269572
-0.301301 0.26988
-0.299299 0.270186
-0.297297 0.27049
-0.295295 0.270792
-0.293293 0.271092
-0.291291 0.27139
-0.289289 0.271686
-0.287287 0.271979
-0.285285 0.272271
-0.283283 0.272561
-0.281281 0.272849
-0.279279 0.273134
-0.277277 0.273418
-0.275275 0.273699
-0.273273 0.273979
-0.271271 0.274256
-0.269269 0.274532
-0.267267 0.274805
-0.265265 0.275077
-0.263263 0.275346
-0.261261 0.275613
-0.259259 0.275878
-0.257257 0.276142
-0.255255 0.276403
-0.253253 0.276662
-0.251251 0.276919
-0.249249 0.277174
-0.247247 0.277427
-0.245245 0.277678
-0.243243 0.277927
-0.241241 0.278174
-0.239239 0.278419
-0.237237 0.278661
-0.235235 0.278902
-0.233233 0.279141
-0.231231 0.279378
-0.229229 0.279612
-0.227227 0.279845
-0.225225 0.280075
-0.223223 0.280304
-0.221221 0.28053
-0.219219 0.280755
-0.217217 0.280977
-0.215215 0.281197
-0.213213 0.281416
-0.211211 0.281632
-0.209209 0.281846
-0.207207 0.282058
-0.205205 0.282269
-0.203203 0.282477
-0.201201 0.282683
-0.199199 0.282887
-0.197197 0.283089
-0.195195 0.283289
-0.193193 0.283487
-0.191191 0.283683
-0.189189 0.283876
-0.187187 0.284068
-0.185185 0.284258
-0.183183 0.284446
-0.181181 0.284631
-0.179179 0.284815
-0.177177 0.284996
-0.175175 0.285176
-0.173173 0.285353
-0.171171 0.285529
-0.169169 0.285702
-0.167167 0.285874
-0.165165 0.286043
-0.163163 0.28621
-0.161161 0.286376
-0.159159 0.286539
-0.157157 0.2867
-0.155155 0.286859
-0.153153 0.287016
-0.151151 0.287171
-0.149149 0.287324
-0.147147 0.287475
-0.145145 0.287624
-0.143143 0.287771
-0.141141 0.287916
-0.139139 0.288059
-0.137137 0.2882
-0.135135 0.288338
-0.133133 0.288475
-0.131131 0.28861
-0.129129 0.288742
-0.127127 0.288873
-0.125125 0.289002
-0.123123 0.289128
-0.121121 0.289252
-0.119119 0.289375
-0.117117 0.289495
-0.115115 0.289614
-0.113113 0.28973
-0.111111 0.289844
-0.109109 0.289956
-0.107107 0.290067
-0.105105 0.290175
-0.103103 0.290281
-0.101101 0.290385
-0.0990991 0.290487
-0.0970971 0.290587
-0.0950951 0.290685
-0.0930931 0.290781
-0.0910911 0.290874
-0.0890891 0.290966
-0.0870871 0.291056
-0.0850851 0.291144
-0.0830831 0.291229
-0.0810811 0.291313
-0.0790791 0.291395
-0.0770771 0.291474
-0.0750751 0.291552
-0.0730731 0.291627
-0.0710711 0.291701
-0.0690691 0.291772
-0.0670671 0.291842
-0.0650651 0.291909
-0.0630631 0.291974
-0.0610611 0.292037
-0.0590591 0.292099
-0.0570571 0.292158
-0.0550551 0.292215
-0.0530531 0.29227
-0.0510511 0.292323
-0.049049 0.292374
-0.047047 0.292423
-0.045045 0.29247
-0.043043 0.292515
-0.041041 0.292558
-0.039039 0.292599
-0.037037 0.292637
-0.035035 0.292674
-0.033033 0.292709
-0.031031 0.292741
-0.029029 0.292772
-0.027027 0.292801
-0.025025 0.292827
-0.023023 0.292852
-0.021021 0.292874
-0.019019 0.292894
-0.017017 0.292913
-0.015015 0.292929
-0.013013 0.292943
-0.011011 0.292956
-0.00900901 0.292966
-0.00700701 0.292974
-0.00500501 0.29298
-0.003003 0.292984
-0.001001 0.292986
0.001001 0.292986
0.003003 0.292984
0.00500501 0.29298
0.00700701 0.292974
0.00900901 0.292966
0.011011 0.292956
0.013013 0.292943
0.015015 0.292929
0.017017 0.292913
0.019019 0.292894
0.021021 0.292874
0.023023 0.292852
0.025025 0.292827
0.027027 0.292801
0.029029 0.292772
0.031031 0.292741
0.033033 0.292709
0.035035 0.292674
0.037037 0.292637
0.039039 0.292599
0.041041 0.292558
0.043043 0.292515
0.045045 0.29247
0.047047 0.292423
0.049049 0.292374
0.0510511 0.292323
0.0530531 0.29227
0.0550551 0.292215
0.0570571 0.292158
0.0590591 0.292099
0.0610611 0.292037
0.0630631 0.291974
0.0650651 0.291909
0.0670671 0.291842
0.0690691 0.291772
0.0710711 0.291701
0.0730731 0.291627
0.0750751 0.291552
0.0770771 0.291474
0.0790791 0.291395
0.0810811 0.291313
0.0830831 0.291229
0.0850851 0.291144
0.0870871 0.291056
0.0890891 0.290966
0.0910911 0.290874
0.0930931 0.290781
0.0950951 0.290685
0.0970971 0.290587
0.0990991 0.290487
0.101101 0.290385
0.103103 0.290281
0.105105 0.290175
0.107107 0.290067
0.109109 0.289956
0.111111 0.289844
0.113113 0.28973
0.115115 0.289614
0.117117 0.289495
0.119119 0.289375
0.121121 0.289252
0.123123 0.289128
0.125125 0.289002
0.127127 0.288873
0.129129 0.288742
0.131131 0.28861
0.133133 0.288475
0.135135 0.288338
0.137137 0.2882
0.139139 0.288059
0.141141 0.287916
0.143143 0.287771
0.145145 0.287624
0.147147 0.287475
0.149149 0.287324
0.151151 0.287171
0.153153 0.287016
0.155155 0.286859
0.157157 0.2867
0.159159 0.286539
0.161161 0.286376
0.163163 0.28621
0.165165 0.286043
0.167167 0.285874
0.169169 0.285702
0.171171 0.285529
0.173173 0.285353
0.175175 0.285176
0.177177 0.284996
0.179179 0.284815
0.181181 0.284631
0.183183 0.284446
0.185185 0.284258
0.187187 0.284068
0.189189 0.283876
0.191191 0.283683
0.193193 0.283487
0.195195 0.283289
0.197197 0.283089
0.199199 0.282887
0.201201 0.282683
0.203203 0.282477
0.205205 0.282269
0.207207 0.282058
0.209209 0.281846
0.211211 0.281632
0.213213 0.281416
0.215215 0.281197
0.217217 0.280977
0.219219 0.280755
0.221221 0.28053
0.223223 0.280304
0.225225 0.280075
0.227227 0.279845
0.229229 0.279612
0.231231 0.279378
0.233233 0.279141
0.235235 0.278902
0.237237 0.278661
0.239239 0.278419
0.241241 0.278174
0.243243 0.277927
0.245245 0.277678
0.247247 0.277427
0.249249 0.277174
0.251251 0.276919
0.253253 0.276662
0.255255 0.276403
0.257257 0.276142
0.259259 0.275878
0.261261 0.275613
0.263263 0.275346
0.265265 0.275077
0.267267 0.274805
0.269269 0.274532
0.271271 0.274256
0.273273 0.273979
0.275275 0.273699
0.277277 0.273418
0.279279 0.273134
0.281281 0.272849
0.283283 0.272561
0.285285 0.272271
0.287287 0.271979
0.289289 0.271686
0.291291 0.27139
0.293293 0.271092
0.295295 0.270792
0.297297 0.27049
0.299299 0.270186
0.301301 0.26988
0.303303 0.269572
0.305305 0.269262
0.307307 0.26895
0.309309 0.268635
0.311311 0.268319
0.313313 0.268001
0.315315 0.267681
0.317317 0.267358
0.319319 0.267034
0.321321 0.266707
0.323323 0.266379
0.325325 0.266048
0.327327 0.265716
0.329329 0.265381
0.331331 0.265045
0.333333 0.264706
0.335335 0.264365
0.337337 0.264022
0.339339 0.263678
0.341341 0.263331
0.343343 0.262982
0.345345 0.262631
0.347347 0.262278
0.349349 0.261923
0.351351 0.261566
0.353353 0.261207
0.355355 0.260846
0.357357 0.260483
0.359359 0.260117
0.361361 0.25975
0.363363 0.259381
0.365365 0.259009
0.367367 0.258636
0.369369 0.258261
0.371371 0.257883
0.373373 0.257504
0.375375 0.257122
0.377377 0.256739
0.379379 0.256353
0.381381 0.255965
0.383383 0.255576
0.385385 0.255184
0.387387 0.25479
0.389389 0.254394
0.391391 0.253996
0.393393 0.253597
0.395395 0.253195
0.397397 0.252791
0.399399 0.252385
0.401401 0.251977
0.403403 0.251566
0.405405 0.251154
0.407407 0.25074
0.409409 0.250324
0.411411 0.249906
0.413413 0.249485
0.415415 0.249063
0.417417 0.248639
0.419419 0.248212
0.421421 0.247784
0.423423 0.247353
0.425425 0.246921
0.427427 0.246486
0.429429 0.24605
0.431431 0.245611
0.433433 0.24517
0.435435 0.244727
0.437437 0.244283
0.439439 0.243836
0.441441 0.243387
0.443443 0.242936
0.445445 0.242483
0.447447 0.242028
0.449449 0.241571
0.451451 0.241112
0.453453 0.240651
0.455455 0.240188
0.457457 0.239723
0.459459 0.239255
0.461461 0.238786
0.463463 0.238315
0.465465 0.237842
0.467467 0.237366
0.469469 0.236889
0.471471 0.236409
0.473473 0.235928
0.475475 0.235444
0.477477 0.234959
0.479479 0.234471
0.481481 0.233981
0.483483 0.23349
0.485485 0.232996
0.487487 0.2325
0.489489 0.232002
0.491491 0.231502
0.493493 0.231
0.495495 0.230497
0.497497 0.229991
0.499499 0.229483
0.501502 0.228972
0.503504 0.22846
0.505506 0.227946
0.507508 0.22743
0.50951 0.226912
0.511512 0.226392
0.513514 0.225869
0.515516 0.225345
0.517518 0.224818
0.51952 0.22429
0.521522 0.22376
0.523524 0.223227
0.525526 0.222692
0.527528 0.222156
0.52953 0.221617
0.531532 0.221077
0.533534 0.220534
0.535536 0.219989
0.537538 0.219442
0.53954 0.218893
0.541542 0.218343
0.543544 0.21779
0.545546 0.217235
0.547548 0.216678
0.54955 0.216119
0.551552 0.215558
0.553554 0.214995
0.555556 0.214429
0.557558 0.213862
0.55956 0.213293
0.561562 0.212722
0.563564 0.212148
0.565566 0.211573
0.567568 0.210996
0.56957 0.210416
0.571572 0.209835
0.573574 0.209251
0.575576 0.208666
0.577578 0.208078
0.57958 0.207488
0.581582 0.206897
0.583584 0.206303
0.585586 0.205707
0.587588 0.205109
0.58959 0.20451
0.591592 0.203908
0.593594 0.203304
0.595596 0.202698
0.597598 0.20209
0.5996 0.20148
0.601602 0.200868
0.603604 0.200254
0.605606 0.199637
0.607608 0.199019
0.60961 0.198399
0.611612 0.197777
0.613614 0.197152
0.615616 0.196526
0.617618 0.195898
0.61962 0.195267
0.621622 0.194635
0.623624 0.194
0.625626 0.193363
0.627628 0.192725
0.62963 0.192084
0.631632 0.191442
0.633634 0.190797
0.635636 0.19015
0.637638 0.189501
0.63964 0.18885
0.641642 0.188198
0.643644 0.187543
0.645646 0.186886
0.647648 0.186227
0.64965 0.185566
0.651652 0.184902
0.653654 0.184237
0.655656 0.18357
0.657658 0.182901
0.65966 0.18223
0.661662 0.181556
0.663664 0.180881
0.665666 0.180204
0.667668 0.179524
0.66967 0.178843
0.671672 0.178159
0.673674 0.177474
0.675676 0.176786
0.677678 0.176097
0.67968 0.175405
0.681682 0.174711
0.683684 0.174016
0.685686 0.173318
0.687688 0.172618
0.68969 0.171916
0.691692 0.171212
0.693694 0.170506
0.695696 0.169798
0.697698 0.169088
0.6997 0.168376
0.701702 0.167662
0.703704 0.166946
0.705706 0.166228
0.707708 0.165508
0.70971 0.164785
0.711712 0.164061
0.713714 0.163335
0.715716 0.162606
0.717718 0.161876
0.71972 0.161143
0.721722 0.160409
0.723724 0.159672
0.725726 0.158934
0.727728 0.158193
0.72973 0.157451
0.731732 0.156706
0.733734 0.155959
0.735736 0.15521
0.737738 0.154459
0.73974 0.153707
0.741742 0.152952
0.743744 0.152195
0.745746 0.151436
0.747748 0.150675
0.74975 0.149912
0.751752 0.149147
0.753754 0.148379
0.755756 0.14761
0.757758 0.146839
0.75976 0.146066
0.761762 0.14529
0.763764 0.144513
0.765766 0.143734
0.767768 0.142952
0.76977 0.142169
0.771772 0.141383
0.773774 0.140596
0.775776 0.139806
0.777778 0.139015
0.77978 0.138221
0.781782 0.137425
0.783784 0.136627
0.785786 0.135828
0.787788 0.135026
0.78979 0.134222
0.791792 0.133416
0.793794 0.132608
0.795796 0.131798
0.797798 0.130986
0.7998 0.130172
0.801802 0.129356
0.803804 0.128538
0.805806 0.127718
0.807808 0.126895
0.80981 0.126071
0.811812 0.125245
0.813814 0.124416
0.815816 0.123586
0.817818 0.122754
0.81982 0.121919
0.821822 0.121083
0.823824 0.120244
0.825826 0.119403
0.827828 0.118561
0.82983 0.117716
0.831832 0.116869
0.833834 0.116021
0.835836 0.11517
0.837838 0.114317
0.83984 0.113462
0.841842 0.112605
0.843844 0.111746
0.845846 0.110885
0.847848 0.110022
0.84985 0.109157
0.851852 0.10829
0.853854 0.107421
0.855856 0.10655
0.857858 0.105676
0.85986 0.104801
0.861862 0.103924
0.863864 0.103044
0.865866 0.102163
0.867868 0.10128
0.86987 0.100394
0.871872 0.0995066
0.873874 0.0986171
0.875876 0.0977255
0.877878 0.0968318
0.87988 0.0959362
0.881882 0.0950384
0.883884 0.0941387
0.885886 0.0932369
0.887888 0.092333
0.88989 0.0914271
0.891892 0.0905192
0.893894 0.0896093
0.895896 0.0886973
0.897898 0.0877832
0.8999 0.0868671
0.901902 0.085949
0.903904 0.0850288
0.905906 0.0841066
0.907908 0.0831824
0.90991 0.0822561
0.911912 0.0813278
0.913914 0.0803974
0.915916 0.079465
0.917918 0.0785306
0.91992 0.0775941
0.921922 0.0766555
0.923924 0.075715
0.925926 0.0747724
0.927928 0.0738277
0.92993 0.072881
0.931932 0.0719323
0.933934 0.0709815
0.935936 0.0700287
0.937938 0.0690739
0.93994 0.068117
0.941942 0.067158
0.943944 0.0661971
0.945946 0.0652341
0.947948 0.064269
0.94995 0.0633019
0.951952 0.0623328
0.953954 0.0613616
0.955956 0.0603884
0.957958 0.0594131
0.95996 0.0584359
0.961962 0.0574565
0.963964 0.0564751
0.965966 0.0554917
0.967968 0.0545063
0.96997 0.0535188
0.971972 0.0525293
0.973974 0.0515377
0.975976 0.0505441
0.977978 0.0495484
0.97998 0.0485507
0.981982 0.047551
0.983984 0.0465492
0.985986 0.0455454
0.987988 0.0445395
0.98999 0.0435316
0.991992 0.0425217
0.993994 0.0415097
0.995996 0.0404957
0.997998 0.0394796
1 0.0384615
