-0.999989 -3.30358
-0.999969 -3.30334
-0.99994 -3.30298
-0.9999 -3.30251
-0.999851 -3.30191
-0.999792 -3.30119
-0.999723 -3.30036
-0.999644 -3.2994
-0.999556 -3.29833
-0.999457 -3.29714
-0.999349 -3.29583
-0.999231 -3.2944
-0.999103 -3.29285
-0.998965 -3.29118
-0.998817 -3.28939
-0.998659 -3.28749
-0.998492 -3.28546
-0.998315 -3.28332
-0.998128 -3.28106
-0.997931 -3.27868
-0.997724 -3.27618
-0.997508 -3.27357
-0.997281 -3.27084
-0.997045 -3.26799
-0.996799 -3.26502
-0.996543 -3.26194
-0.996278 -3.25874
-0.996002 -3.25542
-0.995717 -3.25199
-0.995422 -3.24844
-0.995117 -3.24478
-0.994803 -3.24099
-0.994478 -3.2371
-0.994144 -3.23308
-0.9938 -3.22896
-0.993446 -3.22472
-0.993082 -3.22036
-0.992709 -3.21589
-0.992326 -3.2113
-0.991933 -3.2066
-0.99153 -3.20179
-0.991117 -3.19686
-0.990695 -3.19183
-0.990263 -3.18667
-0.989821 -3.18141
-0.98937 -3.17603
-0.988909 -3.17055
-0.988438 -3.16495
-0.987957 -3.15924
-0.987466 -3.15342
-0.986966 -3.14749
-0.986456 -3.14145
-0.985937 -3.1353
-0.985407 -3.12904
-0.984868 -3.12267
-0.984319 -3.11619
-0.983761 -3.10961
-0.983193 -3.10292
-0.982615 -3.09612
-0.982028 -3.08921
-0.98143 -3.0822
-0.980824 -3.07508
-0.980207 -3.06785
-0.979581 -3.06052
-0.978945 -3.05309
-0.9783 -3.04555
-0.977645 -3.03791
-0.97698 -3.03016
-0.976305 -3.02231
-0.975621 -3.01436
-0.974928 -3.00631
-0.974225 -2.99815
-0.973512 -2.9899
-0.97279 -2.98154
-0.972058 -2.97309
-0.971316 -2.96453
-0.970565 -2.95588
-0.969804 -2.94713
-0.969034 -2.93827
-0.968255 -2.92933
-0.967465 -2.92028
-0.966666 -2.91114
-0.965858 -2.9019
-0.96504 -2.89257
-0.964213 -2.88315
-0.963376 -2.87362
-0.96253 -2.86401
-0.961674 -2.8543
-0.960809 -2.8445
-0.959934 -2.83461
-0.95905 -2.82463
-0.958156 -2.81456
-0.957253 -2.80439
-0.95634 -2.79414
-0.955418 -2.7838
-0.954487 -2.77337
-0.953546 -2.76285
-0.952596 -2.75225
-0.951637 -2.74156
-0.950668 -2.73078
-0.94969 -2.71992
-0.948702 -2.70898
-0.947705 -2.69795
-0.946699 -2.68684
-0.945683 -2.67564
-0.944658 -2.66437
-0.943624 -2.65301
-0.94258 -2.64157
-0.941528 -2.63005
-0.940465 -2.61846
-0.939394 -2.60678
-0.938313 -2.59503
-0.937224 -2.5832
-0.936125 -2.5713
-0.935016 -2.55932
-0.933899 -2.54726
-0.932772 -2.53513
-0.931636 -2.52292
-0.930491 -2.51065
-0.929337 -2.4983
-0.928173 -2.48588
-0.927001 -2.47339
-0.925819 -2.46083
-0.924628 -2.4482
-0.923429 -2.4355
-0.92222 -2.42274
-0.921001 -2.4099
-0.919774 -2.39701
-0.918538 -2.38404
-0.917293 -2.37101
-0.916039 -2.35792
-0.914775 -2.34477
-0.913503 -2.33155
-0.912222 -2.31827
-0.910931 -2.30493
-0.909632 -2.29153
-0.908324 -2.27807
-0.907007 -2.26455
-0.90568 -2.25098
-0.904345 -2.23734
-0.903001 -2.22366
-0.901649 -2.20991
-0.900287 -2.19611
-0.898916 -2.18226
-0.897537 -2.16836
-0.896149 -2.1544
-0.894751 -2.14039
-0.893346 -2.12633
-0.891931 -2.11222
-0.890507 -2.09807
-0.889075 -2.08386
-0.887634 -2.06961
-0.886184 -2.05531
-0.884726 -2.04096
-0.883258 -2.02657
-0.881783 -2.01214
-0.880298 -1.99766
-0.878805 -1.98315
-0.877303 -1.96858
-0.875792 -1.95398
-0.874273 -1.93934
-0.872745 -1.92466
-0.871209 -1.90994
-0.869664 -1.89519
-0.86811 -1.88039
-0.866548 -1.86557
-0.864977 -1.8507
-0.863398 -1.83581
-0.861811 -1.82088
-0.860214 -1.80591
-0.85861 -1.79092
-0.856997 -1.7759
-0.855375 -1.76084
-0.853745 -1.74576
-0.852107 -1.73065
-0.85046 -1.71551
-0.848805 -1.70034
-0.847141 -1.68515
-0.84547 -1.66994
-0.843789 -1.6547
-0.842101 -1.63944
-0.840404 -1.62415
-0.838699 -1.60885
-0.836986 -1.59352
-0.835264 -1.57817
-0.833534 -1.56281
-0.831796 -1.54743
-0.83005 -1.53203
-0.828296 -1.51661
-0.826533 -1.50118
-0.824763 -1.48574
-0.822984 -1.47028
-0.821197 -1.4548
-0.819402 -1.43932
-0.817599 -1.42383
-0.815788 -1.40832
-0.813969 -1.3928
-0.812142 -1.37728
-0.810306 -1.36175
-0.808463 -1.34621
-0.806612 -1.33067
-0.804753 -1.31512
-0.802886 -1.29956
-0.801011 -1.28401
-0.799128 -1.26845
-0.797238 -1.25288
-0.795339 -1.23732
-0.793433 -1.22176
-0.791519 -1.20619
-0.789597 -1.19063
-0.787667 -1.17507
-0.78573 -1.15952
-0.783784 -1.14397
-0.781831 -1.12842
-0.779871 -1.11288
-0.777903 -1.09734
-0.775927 -1.08182
-0.773943 -1.0663
-0.771952 -1.05078
-0.769953 -1.03528
-0.767946 -1.01979
-0.765932 -1.00431
-0.763911 -0.988846
-0.761882 -0.973392
-0.759845 -0.957952
-0.757801 -0.942526
-0.75575 -0.927116
-0.753691 -0.911721
-0.751624 -0.896344
-0.74955 -0.880984
-0.747469 -0.865643
-0.745381 -0.850322
-0.743285 -0.83502
-0.741182 -0.819739
-0.739071 -0.80448
-0.736953 -0.789244
-0.734828 -0.77403
-0.732696 -0.758841
-0.730556 -0.743676
-0.72841 -0.728537
-0.726256 -0.713424
-0.724095 -0.698339
-0.721927 -0.683281
-0.719751 -0.668252
-0.717569 -0.653252
-0.71538 -0.638282
-0.713183 -0.623343
-0.71098 -0.608435
-0.708769 -0.59356
-0.706552 -0.578718
-0.704327 -0.563909
-0.702096 -0.549135
-0.699858 -0.534397
-0.697612 -0.519694
-0.69536 -0.505028
-0.693102 -0.490399
-0.690836 -0.475808
-0.688563 -0.461256
-0.686284 -0.446743
-0.683998 -0.432271
-0.681705 -0.417839
-0.679405 -0.403449
-0.677099 -0.389102
-0.674786 -0.374797
-0.672467 -0.360536
-0.670141 -0.346319
-0.667808 -0.332146
-0.665469 -0.31802
-0.663123 -0.30394
-0.66077 -0.289906
-0.658411 -0.275921
-0.656046 -0.261983
-0.653674 -0.248094
-0.651296 -0.234255
-0.648911 -0.220466
-0.64652 -0.206727
-0.644122 -0.19304
-0.641718 -0.179405
-0.639308 -0.165823
-0.636892 -0.152293
-0.634469 -0.138818
-0.63204 -0.125397
-0.629605 -0.11203
-0.627163 -0.0987198
-0.624716 -0.0854655
-0.622262 -0.0722678
-0.619802 -0.0591275
-0.617336 -0.0460451
-0.614864 -0.0330212
-0.612386 -0.0200563
-0.609902 -0.00715092
-0.607412 0.0056943
-0.604916 0.0184789
-0.602414 0.0312022
-0.599906 0.0438638
-0.597392 0.0564632
-0.594872 0.0689997
-0.592346 0.081473
-0.589815 0.0938824
-0.587277 0.106227
-0.584734 0.118508
-0.582185 0.130723
-0.579631 0.142872
-0.57707 0.154955
-0.574504 0.166971
-0.571933 0.178919
-0.569355 0.190801
-0.566773 0.202613
-0.564184 0.214358
-0.56159 0.226033
-0.558991 0.237638
-0.556385 0.249174
-0.553775 0.260639
-0.551159 0.272033
-0.548537 0.283357
-0.545911 0.294608
-0.543278 0.305787
-0.540641 0.316894
-0.537998 0.327928
-0.53535 0.338889
-0.532696 0.349775
-0.530038 0.360588
-0.527374 0.371327
-0.524704 0.38199
-0.52203 0.392579
-0.519351 0.403092
-0.516666 0.413529
-0.513977 0.423889
-0.511282 0.434174
-0.508582 0.444381
-0.505877 0.454511
-0.503168 0.464563
-0.500453 0.474538
-0.497733 0.484434
-0.495009 0.494252
-0.492279 0.503991
-0.489545 0.513651
-0.486806 0.523232
-0.484062 0.532733
-0.481314 0.542154
-0.47856 0.551495
-0.475802 0.560756
-0.473039 0.569936
-0.470272 0.579034
-0.4675 0.588052
-0.464723 0.596988
-0.461942 0.605843
-0.459156 0.614616
-0.456366 0.623306
-0.453571 0.631914
-0.450772 0.64044
-0.447968 0.648883
-0.44516 0.657243
-0.442347 0.66552
-0.43953 0.673714
-0.436709 0.681824
-0.433884 0.689851
-0.431054 0.697794
-0.42822 0.705653
-0.425382 0.713428
-0.422539 0.721118
-0.419693 0.728724
-0.416842 0.736246
-0.413987 0.743683
-0.411128 0.751036
-0.408265 0.758303
-0.405398 0.765486
-0.402527 0.772583
-0.399652 0.779596
-0.396773 0.786523
-0.393891 0.793364
-0.391004 0.800121
-0.388113 0.806792
-0.385219 0.813377
-0.382321 0.819877
-0.379419 0.826291
-0.376513 0.832619
-0.373604 0.838862
-0.370691 0.845019
-0.367774 0.85109
-0.364854 0.857076
-0.36193 0.862975
-0.359003 0.868789
-0.356072 0.874517
-0.353137 0.880159
-0.350199 0.885715
-0.347258 0.891186
-0.344313 0.89657
-0.341365 0.901869
-0.338413 0.907082
-0.335458 0.91221
-0.3325 0.917252
-0.329538 0.922208
-0.326574 0.927079
-0.323606 0.931865
-0.320634 0.936565
-0.31766 0.941179
-0.314683 0.945709
-0.311702 0.950153
-0.308718 0.954512
-0.305732 0.958787
-0.302742 0.962976
-0.299749 0.967081
-0.296754 0.971101
-0.293755 0.975037
-0.290754 0.978888
-0.28775 0.982655
-0.284742 0.986338
-0.281733 0.989937
-0.27872 0.993452
-0.275704 0.996883
-0.272686 1.00023
-0.269665 1.0035
-0.266642 1.00668
-0.263616 1.00978
-0.260587 1.01279
-0.257556 1.01573
-0.254522 1.01858
-0.251486 1.02134
-0.248447 1.02403
-0.245405 1.02664
-0.242362 1.02916
-0.239316 1.0316
-0.236267 1.03396
-0.233216 1.03624
-0.230163 1.03844
-0.227108 1.04056
-0.224051 1.0426
-0.220991 1.04455
-0.217929 1.04643
-0.214865 1.04823
-0.211799 1.04995
-0.20873 1.05159
-0.20566 1.05316
-0.202588 1.05464
-0.199513 1.05605
-0.196437 1.05738
-0.193359 1.05863
-0.190278 1.0598
-0.187196 1.0609
-0.184112 1.06192
-0.181027 1.06286
-0.177939 1.06373
-0.17485 1.06452
-0.171759 1.06524
-0.168666 1.06588
-0.165572 1.06645
-0.162476 1.06694
-0.159379 1.06736
-0.156279 1.06771
-0.153179 1.06798
-0.150077 1.06818
-0.146973 1.06831
-0.143868 1.06836
-0.140761 1.06835
-0.137654 1.06826
-0.134544 1.0681
-0.131434 1.06787
-0.128322 1.06757
-0.125209 1.0672
-0.122094 1.06676
-0.118979 1.06625
-0.115862 1.06567
-0.112744 1.06503
-0.109625 1.06431
-0.106505 1.06353
-0.103384 1.06269
-0.100262 1.06177
-0.0971387 1.06079
-0.0940146 1.05974
-0.0908896 1.05863
-0.0877637 1.05746
-0.0846369 1.05621
-0.0815093 1.05491
-0.0783809 1.05354
-0.0752517 1.05211
-0.0721218 1.05061
-0.0689911 1.04906
-0.0658598 1.04744
-0.0627279 1.04576
-0.0595953 1.04402
-0.0564621 1.04221
-0.0533284 1.04035
-0.0501942 1.03843
-0.0470594 1.03645
-0.0439242 1.03441
-0.0407886 1.03232
-0.0376525 1.03016
-0.0345161 1.02795
-0.0313794 1.02568
-0.0282423 1.02336
-0.025105 1.02098
-0.0219674 1.01854
-0.0188296 1.01606
-0.0156916 1.01351
-0.0125535 1.01091
-0.00941522 1.00826
-0.00627687 1.00556
-0.00313845 1.00281
6.12323e-17 1
0.00313845 0.997142
0.00627687 0.994234
0.00941522 0.991275
0.0125535 0.988267
0.0156916 0.98521
0.0188296 0.982105
0.0219674 0.978951
0.025105 0.97575
0.0282423 0.972502
0.0313794 0.969208
0.0345161 0.965868
0.0376525 0.962482
0.0407886 0.959052
0.0439242 0.955577
0.0470594 0.952059
0.0501942 0.948497
0.0533284 0.944893
0.0564621 0.941246
0.0595953 0.937558
0.0627279 0.933829
0.0658598 0.930059
0.0689911 0.926249
0.0721218 0.9224
0.0752517 0.918512
0.0783809 0.914586
0.0815093 0.910622
0.0846369 0.906621
0.0877637 0.902583
0.0908896 0.898508
0.0940146 0.894399
0.0971387 0.890254
0.100262 0.886075
0.103384 0.881861
0.106505 0.877615
0.109625 0.873335
0.112744 0.869023
0.115862 0.86468
0.118979 0.860305
0.122094 0.8559
0.125209 0.851465
0.128322 0.847
0.131434 0.842506
0.134544 0.837984
0.137654 0.833434
0.140761 0.828856
0.143868 0.824252
0.146973 0.819622
0.150077 0.814966
0.153179 0.810285
0.156279 0.805579
0.159379 0.80085
0.162476 0.796097
0.165572 0.791321
0.168666 0.786523
0.171759 0.781703
0.17485 0.776862
0.177939 0.772
0.181027 0.767118
0.184112 0.762217
0.187196 0.757296
0.190278 0.752357
0.193359 0.7474
0.196437 0.742426
0.199513 0.737435
0.202588 0.732427
0.20566 0.727404
0.20873 0.722366
0.211799 0.717312
0.214865 0.712245
0.217929 0.707164
0.220991 0.70207
0.224051 0.696964
0.227108 0.691845
0.230163 0.686716
0.233216 0.681575
0.236267 0.676423
0.239316 0.671262
0.242362 0.666092
0.245405 0.660912
0.248447 0.655725
0.251486 0.650529
0.254522 0.645327
0.257556 0.640117
0.260587 0.634902
0.263616 0.62968
0.266642 0.624454
0.269665 0.619222
0.272686 0.613987
0.275704 0.608748
0.27872 0.603505
0.281733 0.59826
0.284742 0.593013
0.28775 0.587764
0.290754 0.582514
0.293755 0.577264
0.296754 0.572013
0.299749 0.566762
0.302742 0.561512
0.305732 0.556264
0.308718 0.551017
0.311702 0.545772
0.314683 0.540531
0.31766 0.535292
0.320634 0.530057
0.323606 0.524826
0.326574 0.5196
0.329538 0.514378
0.3325 0.509162
0.335458 0.503953
0.338413 0.498749
0.341365 0.493553
0.344313 0.488364
0.347258 0.483182
0.350199 0.478009
0.353137 0.472844
0.356072 0.467689
0.359003 0.462543
0.36193 0.457407
0.364854 0.452282
0.367774 0.447167
0.370691 0.442063
0.373604 0.436971
0.376513 0.431892
0.379419 0.426825
0.382321 0.42177
0.385219 0.416729
0.388113 0.411702
0.391004 0.406689
0.393891 0.40169
0.396773 0.396706
0.399652 0.391738
0.402527 0.386785
0.405398 0.381848
0.408265 0.376928
0.411128 0.372025
0.413987 0.367139
0.416842 0.36227
0.419693 0.357419
0.422539 0.352587
0.425382 0.347773
0.42822 0.342978
0.431054 0.338203
0.433884 0.333447
0.436709 0.328712
0.43953 0.323997
0.442347 0.319302
0.44516 0.314629
0.447968 0.309977
0.450772 0.305347
0.453571 0.300738
0.456366 0.296153
0.459156 0.291589
0.461942 0.287049
0.464723 0.282532
0.4675 0.278039
0.470272 0.27357
0.473039 0.269125
0.475802 0.264704
0.47856 0.260308
0.481314 0.255937
0.484062 0.251592
0.486806 0.247272
0.489545 0.242978
0.492279 0.23871
0.495009 0.234468
0.497733 0.230254
0.500453 0.226066
0.503168 0.221905
0.505877 0.217772
0.508582 0.213666
0.511282 0.209588
0.513977 0.205539
0.516666 0.201518
0.519351 0.197525
0.52203 0.193561
0.524704 0.189626
0.527374 0.185721
0.530038 0.181845
0.532696 0.177999
0.53535 0.174182
0.537998 0.170396
0.540641 0.166639
0.543278 0.162914
0.545911 0.159218
0.548537 0.155554
0.551159 0.151921
0.553775 0.148319
0.556385 0.144748
0.558991 0.141208
0.56159 0.137701
0.564184 0.134225
0.566773 0.130781
0.569355 0.127369
0.571933 0.123989
0.574504 0.120642
0.57707 0.117327
0.579631 0.114045
0.582185 0.110796
0.584734 0.10758
0.587277 0.104396
0.589815 0.101246
0.592346 0.0981291
0.594872 0.0950454
0.597392 0.0919951
0.599906 0.0889784
0.602414 0.0859953
0.604916 0.083046
0.607412 0.0801304
0.609902 0.0772487
0.612386 0.074401
0.614864 0.0715872
0.617336 0.0688076
0.619802 0.0660622
0.622262 0.0633509
0.624716 0.0606739
0.627163 0.0580313
0.629605 0.055423
0.63204 0.0528491
0.634469 0.0503097
0.636892 0.0478047
0.639308 0.0453343
0.641718 0.0428984
0.644122 0.0404971
0.64652 0.0381303
0.648911 0.0357982
0.651296 0.0335006
0.653674 0.0312377
0.656046 0.0290093
0.658411 0.0268156
0.66077 0.0246565
0.663123 0.0225319
0.665469 0.020442
0.667808 0.0183866
0.670141 0.0163658
0.672467 0.0143794
0.674786 0.0124276
0.677099 0.0105102
0.679405 0.00862724
0.681705 0.00677864
0.683998 0.00496438
0.686284 0.0031844
0.688563 0.00143865
0.690836 -0.000272922
0.693102 -0.00195038
0.69536 -0.00359378
0.697612 -0.0052032
0.699858 -0.00677871
0.702096 -0.00832037
0.704327 -0.00982827
0.706552 -0.0113025
0.708769 -0.0127431
0.71098 -0.0141502
0.713183 -0.0155239
0.71538 -0.0168643
0.717569 -0.0181715
0.719751 -0.0194455
0.721927 -0.0206865
0.724095 -0.0218947
0.726256 -0.02307
0.72841 -0.0242127
0.730556 -0.0253228
0.732696 -0.0264004
0.734828 -0.0274458
0.736953 -0.028459
0.739071 -0.0294402
0.741182 -0.0303894
0.743285 -0.0313069
0.745381 -0.0321928
0.747469 -0.0330472
0.74955 -0.0338702
0.751624 -0.0346621
0.753691 -0.0354229
0.75575 -0.0361529
0.757801 -0.0368522
0.759845 -0.0375209
0.761882 -0.0381593
0.763911 -0.0387675
0.765932 -0.0393456
0.767946 -0.0398939
0.769953 -0.0404125
0.771952 -0.0409016
0.773943 -0.0413614
0.775927 -0.041792
0.777903 -0.0421938
0.779871 -0.0425667
0.781831 -0.0429112
0.783784 -0.0432273
0.78573 -0.0435152
0.787667 -0.0437752
0.789597 -0.0440074
0.791519 -0.0442121
0.793433 -0.0443895
0.795339 -0.0445398
0.797238 -0.0446631
0.799128 -0.0447598
0.801011 -0.04483
0.802886 -0.044874
0.804753 -0.044892
0.806612 -0.0448841
0.808463 -0.0448507
0.810306 -0.044792
0.812142 -0.0447082
0.813969 -0.0445995
0.815788 -0.0444662
0.817599 -0.0443085
0.819402 -0.0441267
0.821197 -0.043921
0.822984 -0.0436916
0.824763 -0.0434388
0.826533 -0.0431628
0.828296 -0.0428639
0.83005 -0.0425424
0.831796 -0.0421985
0.833534 -0.0418324
0.835264 -0.0414444
0.836986 -0.0410348
0.838699 -0.0406038
0.840404 -0.0401518
0.842101 -0.0396788
0.843789 -0.0391853
0.84547 -0.0386715
0.847141 -0.0381376
0.848805 -0.037584
0.85046 -0.0370108
0.852107 -0.0364185
0.853745 -0.0358071
0.855375 -0.0351771
0.856997 -0.0345287
0.85861 -0.0338621
0.860214 -0.0331777
0.861811 -0.0324758
0.863398 -0.0317565
0.864977 -0.0310202
0.866548 -0.0302672
0.86811 -0.0294978
0.869664 -0.0287122
0.871209 -0.0279107
0.872745 -0.0270936
0.874273 -0.0262613
0.875792 -0.0254139
0.877303 -0.0245518
0.878805 -0.0236752
0.880298 -0.0227845
0.881783 -0.02188
0.883258 -0.0209619
0.884726 -0.0200305
0.886184 -0.0190861
0.887634 -0.0181291
0.889075 -0.0171596
0.890507 -0.016178
0.891931 -0.0151847
0.893346 -0.0141798
0.894751 -0.0131636
0.896149 -0.0121366
0.897537 -0.0110989
0.898916 -0.0100509
0.900287 -0.00899283
0.901649 -0.00792501
0.903001 -0.00684773
0.904345 -0.0057613
0.90568 -0.00466599
0.907007 -0.00356212
0.908324 -0.00244996
0.909632 -0.00132983
0.910931 -0.000201999
0.912222 0.000933222
0.913503 0.00207554
0.914775 0.00322468
0.916039 0.00438032
0.917293 0.00554219
0.918538 0.00670998
0.919774 0.00788342
0.921001 0.0090622
0.92222 0.010246
0.923429 0.0114346
0.924628 0.0126277
0.925819 0.013825
0.927001 0.0150261
0.928173 0.0162309
0.929337 0.017439
0.930491 0.0186501
0.931636 0.019864
0.932772 0.0210804
0.933899 0.0222989
0.935016 0.0235193
0.936125 0.0247414
0.937224 0.0259647
0.938313 0.0271892
0.939394 0.0284144
0.940465 0.0296401
0.941528 0.0308661
0.94258 0.0320919
0.943624 0.0333175
0.944658 0.0345425
0.945683 0.0357665
0.946699 0.0369895
0.947705 0.038211
0.948702 0.0394309
0.94969 0.0406488
0.950668 0.0418645
0.951637 0.0430777
0.952596 0.0442882
0.953546 0.0454956
0.954487 0.0466999
0.955418 0.0479006
0.95634 0.0490975
0.957253 0.0502904
0.958156 0.051479
0.95905 0.0526631
0.959934 0.0538424
0.960809 0.0550167
0.961674 0.0561857
0.96253 0.0573492
0.963376 0.0585069
0.964213 0.0596587
0.96504 0.0608041
0.965858 0.0619432
0.966666 0.0630755
0.967465 0.0642008
0.968255 0.065319
0.969034 0.0664298
0.969804 0.0675329
0.970565 0.0686282
0.971316 0.0697155
0.972058 0.0707944
0.97279 0.0718648
0.973512 0.0729265
0.974225 0.0739792
0.974928 0.0750228
0.975621 0.076057
0.976305 0.0770817
0.97698 0.0780966
0.977645 0.0791015
0.9783 0.0800962
0.978945 0.0810805
0.979581 0.0820543
0.980207 0.0830173
0.980824 0.0839694
0.98143 0.0849103
0.982028 0.0858399
0.982615 0.086758
0.983193 0.0876644
0.983761 0.088559
0.984319 0.0894415
0.984868 0.0903117
0.985407 0.0911697
0.985937 0.092015
0.986456 0.0928477
0.986966 0.0936675
0.987466 0.0944742
0.987957 0.0952678
0.988438 0.096048
0.988909 0.0968147
0.98937 0.0975678
0.989821 0.0983071
0.990263 0.0990325
0.990695 0.0997438
0.991117 0.100441
0.99153 0.101124
0.991933 0.101792
0.992326 0.102446
0.992709 0.103085
0.993082 0.103709
0.993446 0.104318
0.9938 0.104912
0.994144 0.105491
0.994478 0.106055
0.994803 0.106603
0.995117 0.107136
0.995422 0.107653
0.995717 0.108154
0.996002 0.10864
0.996278 0.109109
0.996543 0.109563
0.996799 0.110001
0.997045 0.110422
0.997281 0.110828
0.997508 0.111217
0.997724 0.111589
0.997931 0.111945
0.998128 0.112285
0.998315 0.112608
0.998492 0.112914
0.998659 0.113204
0.998817 0.113477
0.998965 0.113733
0.999103 0.113972
0.999231 0.114194
0.999349 0.1144
0.999457 0.114588
0.999556 0.11476
0.999644 0.114914
0.999723 0.115051
0.999792 0.115171
0.999851 0.115274
0.9999 0.11536
0.99994 0.115429
0.999969 0.115481
0.999989 0.115515
0.999999 0.115532
