-1 0.0384615
-0.997998 0.0463004
-0.995996 0.0539199
-0.993994 0.0613232
-0.991992 0.0685136
-0.98999 0.0754941
-0.987988 0.0822679
-0.985986 0.088838
-0.983984 0.0952076
-0.981982 0.10138
-0.97998 0.107357
-0.977978 0.113143
-0.975976 0.118741
-0.973974 0.124153
-0.971972 0.129382
-0.96997 0.134431
-0.967968 0.139303
-0.965966 0.144001
-0.963964 0.148528
-0.961962 0.152887
-0.95996 0.157079
-0.957958 0.161109
-0.955956 0.164978
-0.953954 0.16869
-0.951952 0.172247
-0.94995 0.175651
-0.947948 0.178906
-0.945946 0.182014
-0.943944 0.184977
-0.941942 0.187798
-0.93994 0.19048
-0.937938 0.193025
-0.935936 0.195435
-0.933934 0.197714
-0.931932 0.199863
-0.92993 0.201885
-0.927928 0.203782
-0.925926 0.205557
-0.923924 0.207212
-0.921922 0.208749
-0.91992 0.210171
-0.917918 0.211479
-0.915916 0.212677
-0.913914 0.213766
-0.911912 0.214749
-0.90991 0.215628
-0.907908 0.216405
-0.905906 0.217081
-0.903904 0.21766
-0.901902 0.218144
-0.8999 0.218534
-0.897898 0.218832
-0.895896 0.219041
-0.893894 0.219163
-0.891892 0.219199
-0.88989 0.219152
-0.887888 0.219023
-0.885886 0.218815
-0.883884 0.218529
-0.881882 0.218168
-0.87988 0.217733
-0.877878 0.217226
-0.875876 0.216649
-0.873874 0.216003
-0.871872 0.215291
-0.86987 0.214515
-0.867868 0.213676
-0.865866 0.212775
-0.863864 0.211815
-0.861862 0.210798
-0.85986 0.209724
-0.857858 0.208596
-0.855856 0.207416
-0.853854 0.206184
-0.851852 0.204903
-0.84985 0.203575
-0.847848 0.2022
-0.845846 0.20078
-0.843844 0.199317
-0.841842 0.197813
-0.83984 0.196268
-0.837838 0.194685
-0.835836 0.193065
-0.833834 0.191409
-0.831832 0.189719
-0.82983 0.187996
-0.827828 0.186242
-0.825826 0.184458
-0.823824 0.182645
-0.821822 0.180805
-0.81982 0.178938
-0.817818 0.177048
-0.815816 0.175133
-0.813814 0.173197
-0.811812 0.17124
-0.80981 0.169264
-0.807808 0.167269
-0.805806 0.165257
-0.803804 0.16323
-0.801802 0.161188
-0.7998 0.159132
-0.797798 0.157064
-0.795796 0.154985
-0.793794 0.152895
-0.791792 0.150797
-0.78979 0.148691
-0.787788 0.146578
-0.785786 0.14446
-0.783784 0.142336
-0.781782 0.14021
-0.77978 0.13808
-0.777778 0.135949
-0.775776 0.133818
-0.773774 0.131687
-0.771772 0.129557
-0.76977 0.127429
-0.767768 0.125305
-0.765766 0.123185
-0.763764 0.12107
-0.761762 0.118961
-0.75976 0.116858
-0.757758 0.114764
-0.755756 0.112678
-0.753754 0.110601
-0.751752 0.108535
-0.74975 0.106479
-0.747748 0.104436
-0.745746 0.102404
-0.743744 0.100387
-0.741742 0.0983831
-0.73974 0.0963944
-0.737738 0.0944212
-0.735736 0.0924644
-0.733734 0.0905245
-0.731732 0.0886024
-0.72973 0.0866986
-0.727728 0.0848138
-0.725726 0.0829488
-0.723724 0.0811041
-0.721722 0.0792804
-0.71972 0.0774782
-0.717718 0.0756983
-0.715716 0.0739411
-0.713714 0.0722073
-0.711712 0.0704975
-0.70971 0.0688121
-0.707708 0.0671518
-0.705706 0.0655171
-0.703704 0.0639084
-0.701702 0.0623264
-0.6997 0.0607714
-0.697698 0.0592441
-0.695696 0.0577449
-0.693694 0.0562742
-0.691692 0.0548325
-0.68969 0.0534202
-0.687688 0.0520378
-0.685686 0.0506857
-0.683684 0.0493644
-0.681682 0.0480741
-0.67968 0.0468154
-0.677678 0.0455886
-0.675676 0.044394
-0.673674 0.043232
-0.671672 0.042103
-0.66967 0.0410074
-0.667668 0.0399453
-0.665666 0.0389173
-0.663664 0.0379235
-0.661662 0.0369643
-0.65966 0.03604
-0.657658 0.0351508
-0.655656 0.034297
-0.653654 0.0334789
-0.651652 0.0326968
-0.64965 0.0319508
-0.647648 0.0312413
-0.645646 0.0305684
-0.643644 0.0299324
-0.641642 0.0293334
-0.63964 0.0287717
-0.637638 0.0282475
-0.635636 0.0277609
-0.633634 0.0273121
-0.631632 0.0269013
-0.62963 0.0265286
-0.627628 0.0261942
-0.625626 0.0258982
-0.623624 0.0256408
-0.621622 0.025422
-0.61962 0.0252421
-0.617618 0.025101
-0.615616 0.0249989
-0.613614 0.0249358
-0.611612 0.024912
-0.60961 0.0249274
-0.607608 0.024982
-0.605606 0.0250761
-0.603604 0.0252095
-0.601602 0.0253824
-0.5996 0.0255948
-0.597598 0.0258468
-0.595596 0.0261383
-0.593594 0.0264693
-0.591592 0.0268399
-0.58959 0.0272501
-0.587588 0.0276998
-0.585586 0.0281891
-0.583584 0.0287179
-0.581582 0.0292863
-0.57958 0.0298941
-0.577578 0.0305413
-0.575576 0.0312279
-0.573574 0.0319539
-0.571572 0.0327191
-0.56957 0.0335235
-0.567568 0.0343671
-0.565566 0.0352497
-0.563564 0.0361713
-0.561562 0.0371318
-0.55956 0.0381311
-0.557558 0.0391691
-0.555556 0.0402456
-0.553554 0.0413606
-0.551552 0.0425139
-0.54955 0.0437055
-0.547548 0.0449351
-0.545546 0.0462027
-0.543544 0.0475081
-0.541542 0.0488512
-0.53954 0.0502318
-0.537538 0.0516497
-0.535536 0.0531048
-0.533534 0.0545969
-0.531532 0.0561259
-0.52953 0.0576915
-0.527528 0.0592936
-0.525526 0.060932
-0.523524 0.0626066
-0.521522 0.064317
-0.51952 0.0660631
-0.517518 0.0678447
-0.515516 0.0696616
-0.513514 0.0715136
-0.511512 0.0734004
-0.50951 0.0753218
-0.507508 0.0772776
-0.505506 0.0792676
-0.503504 0.0812915
-0.501502 0.0833491
-0.499499 0.0854401
-0.497497 0.0875642
-0.495495 0.0897214
-0.493493 0.0919111
-0.491491 0.0941333
-0.489489 0.0963876
-0.487487 0.0986738
-0.485485 0.100992
-0.483483 0.103341
-0.481481 0.105721
-0.479479 0.108132
-0.477477 0.110573
-0.475475 0.113045
-0.473473 0.115546
-0.471471 0.118077
-0.469469 0.120638
-0.467467 0.123227
-0.465465 0.125845
-0.463463 0.128491
-0.461461 0.131166
-0.459459 0.133868
-0.457457 0.136597
-0.455455 0.139354
-0.453453 0.142137
-0.451451 0.144947
-0.449449 0.147783
-0.447447 0.150645
-0.445445 0.153532
-0.443443 0.156445
-0.441441 0.159382
-0.439439 0.162344
-0.437437 0.165329
-0.435435 0.168339
-0.433433 0.171371
-0.431431 0.174427
-0.429429 0.177506
-0.427427 0.180607
-0.425425 0.18373
-0.423423 0.186874
-0.421421 0.19004
-0.419419 0.193227
-0.417417 0.196434
-0.415415 0.199661
-0.413413 0.202908
-0.411411 0.206175
-0.409409 0.20946
-0.407407 0.212765
-0.405405 0.216087
-0.403403 0.219428
-0.401401 0.222786
-0.399399 0.226161
-0.397397 0.229553
-0.395395 0.232962
-0.393393 0.236386
-0.391391 0.239827
-0.389389 0.243282
-0.387387 0.246752
-0.385385 0.250237
-0.383383 0.253736
-0.381381 0.257249
-0.379379 0.260775
-0.377377 0.264314
-0.375375 0.267865
-0.373373 0.271429
-0.371371 0.275004
-0.369369 0.278591
-0.367367 0.282188
-0.365365 0.285797
-0.363363 0.289415
-0.361361 0.293043
-0.359359 0.296681
-0.357357 0.300328
-0.355355 0.303983
-0.353353 0.307646
-0.351351 0.311317
-0.349349 0.314996
-0.347347 0.318682
-0.345345 0.322374
-0.343343 0.326072
-0.341341 0.329776
-0.339339 0.333486
-0.337337 0.337201
-0.335335 0.34092
-0.333333 0.344643
-0.331331 0.348371
-0.329329 0.352101
-0.327327 0.355835
-0.325325 0.359571
-0.323323 0.36331
-0.321321 0.36705
-0.319319 0.370792
-0.317317 0.374535
-0.315315 0.378279
-0.313313 0.382022
-0.311311 0.385766
-0.309309 0.389509
-0.307307 0.393251
-0.305305 0.396992
-0.303303 0.400731
-0.301301 0.404468
-0.299299 0.408202
-0.297297 0.411934
-0.295295 0.415662
-0.293293 0.419387
-0.291291 0.423107
-0.289289 0.426823
-0.287287 0.430535
-0.285285 0.434241
-0.283283 0.437941
-0.281281 0.441636
-0.279279 0.445324
-0.277277 0.449005
-0.275275 0.452679
-0.273273 0.456346
-0.271271 0.460005
-0.269269 0.463655
-0.267267 0.467297
-0.265265 0.47093
-0.263263 0.474554
-0.261261 0.478168
-0.259259 0.481772
-0.257257 0.485365
-0.255255 0.488947
-0.253253 0.492518
-0.251251 0.496078
-0.249249 0.499626
-0.247247 0.503161
-0.245245 0.506684
-0.243243 0.510194
-0.241241 0.51369
-0.239239 0.517173
-0.237237 0.520642
-0.235235 0.524096
-0.233233 0.527535
-0.231231 0.53096
-0.229229 0.534369
-0.227227 0.537762
-0.225225 0.541139
-0.223223 0.5445
-0.221221 0.547843
-0.219219 0.55117
-0.217217 0.554479
-0.215215 0.557771
-0.213213 0.561044
-0.211211 0.564299
-0.209209 0.567535
-0.207207 0.570752
-0.205205 0.573949
-0.203203 0.577127
-0.201201 0.580285
-0.199199 0.583422
-0.197197 0.586539
-0.195195 0.589635
-0.193193 0.592709
-0.191191 0.595762
-0.189189 0.598793
-0.187187 0.601802
-0.185185 0.604789
-0.183183 0.607752
-0.181181 0.610693
-0.179179 0.61361
-0.177177 0.616504
-0.175175 0.619373
-0.173173 0.622219
-0.171171 0.62504
-0.169169 0.627836
-0.167167 0.630607
-0.165165 0.633353
-0.163163 0.636073
-0.161161 0.638768
-0.159159 0.641436
-0.157157 0.644079
-0.155155 0.646694
-0.153153 0.649283
-0.151151 0.651844
-0.149149 0.654378
-0.147147 0.656885
-0.145145 0.659364
-0.143143 0.661814
-0.141141 0.664237
-0.139139 0.66663
-0.137137 0.668995
-0.135135 0.671331
-0.133133 0.673638
-0.131131 0.675915
-0.129129 0.678163
-0.127127 0.680381
-0.125125 0.682568
-0.123123 0.684725
-0.121121 0.686852
-0.119119 0.688948
-0.117117 0.691013
-0.115115 0.693047
-0.113113 0.695049
-0.111111 0.697021
-0.109109 0.69896
-0.107107 0.700867
-0.105105 0.702743
-0.103103 0.704586
-0.101101 0.706396
-0.0990991 0.708174
-0.0970971 0.70992
-0.0950951 0.711632
-0.0930931 0.713311
-0.0910911 0.714957
-0.0890891 0.71657
-0.0870871 0.718149
-0.0850851 0.719694
-0.0830831 0.721205
-0.0810811 0.722682
-0.0790791 0.724125
-0.0770771 0.725534
-0.0750751 0.726909
-0.0730731 0.728249
-0.0710711 0.729554
-0.0690691 0.730824
-0.0670671 0.732059
-0.0650651 0.73326
-0.0630631 0.734425
-0.0610611 0.735555
-0.0590591 0.736649
-0.0570571 0.737708
-0.0550551 0.738732
-0.0530531 0.739719
-0.0510511 0.740671
-0.049049 0.741587
-0.047047 0.742467
-0.045045 0.743311
-0.043043 0.744119
-0.041041 0.744891
-0.039039 0.745627
-0.037037 0.746326
-0.035035 0.746988
-0.033033 0.747615
-0.031031 0.748204
-0.029029 0.748758
-0.027027 0.749274
-0.025025 0.749754
-0.023023 0.750197
-0.021021 0.750603
-0.019019 0.750973
-0.017017 0.751305
-0.015015 0.751601
-0.013013 0.75186
-0.011011 0.752082
-0.00900901 0.752267
-0.00700701 0.752415
-0.00500501 0.752526
-0.003003 0.7526
-0.001001 0.752637
0.001001 0.752637
0.003003 0.7526
0.00500501 0.752526
0.00700701 0.752415
0.00900901 0.752267
0.011011 0.752082
0.013013 0.75186
0.015015 0.751601
0.017017 0.751305
0.019019 0.750973
0.021021 0.750603
0.023023 0.750197
0.025025 0.749754
0.027027 0.749274
0.029029 0.748758
0.031031 0.748204
0.033033 0.747615
0.035035 0.746988
0.037037 0.746326
0.039039 0.745627
0.041041 0.744891
0.043043 0.744119
0.045045 0.743311
0.047047 0.742467
0.049049 0.741587
0.0510511 0.740671
0.0530531 0.739719
0.0550551 0.738732
0.0570571 0.737708
0.0590591 0.736649
0.0610611 0.735555
0.0630631 0.734425
0.0650651 0.73326
0.0670671 0.732059
0.0690691 0.730824
0.0710711 0.729554
0.0730731 0.728249
0.0750751 0.726909
0.0770771 0.725534
0.0790791 0.724125
0.0810811 0.722682
0.0830831 0.721205
0.0850851 0.719694
0.0870871 0.718149
0.0890891 0.71657
0.0910911 0.714957
0.0930931 0.713311
0.0950951 0.711632
0.0970971 0.70992
0.0990991 0.708174
0.101101 0.706396
0.103103 0.704586
0.105105 0.702743
0.107107 0.700867
0.109109 0.69896
0.111111 0.697021
0.113113 0.695049
0.115115 0.693047
0.117117 0.691013
0.119119 0.688948
0.121121 0.686852
0.123123 0.684725
0.125125 0.682568
0.127127 0.680381
0.129129 0.678163
0.131131 0.675915
0.133133 0.673638
0.135135 0.671331
0.137137 0.668995
0.139139 0.66663
0.141141 0.664237
0.143143 0.661814
0.145145 0.659364
0.147147 0.656885
0.149149 0.654378
0.151151 0.651844
0.153153 0.649283
0.155155 0.646694
0.157157 0.644079
0.159159 0.641436
0.161161 0.638768
0.163163 0.636073
0.165165 0.633353
0.167167 0.630607
0.169169 0.627836
0.171171 0.62504
0.173173 0.622219
0.175175 0.619373
0.177177 0.616504
0.179179 0.61361
0.181181 0.610693
0.183183 0.607752
0.185185 0.604789
0.187187 0.601802
0.189189 0.598793
0.191191 0.595762
0.193193 0.592709
0.195195 0.589635
0.197197 0.586539
0.199199 0.583422
0.201201 0.580285
0.203203 0.577127
0.205205 0.573949
0.207207 0.570752
0.209209 0.567535
0.211211 0.564299
0.213213 0.561044
0.215215 0.557771
0.217217 0.554479
0.219219 0.55117
0.221221 0.547843
0.223223 0.5445
0.225225 0.541139
0.227227 0.537762
0.229229 0.534369
0.231231 0.53096
0.233233 0.527535
0.235235 0.524096
0.237237 0.520642
0.239239 0.517173
0.241241 0.51369
0.243243 0.510194
0.245245 0.506684
0.247247 0.503161
0.249249 0.499626
0.251251 0.496078
0.253253 0.492518
0.255255 0.488947
0.257257 0.485365
0.259259 0.481772
0.261261 0.478168
0.263263 0.474554
0.265265 0.47093
0.267267 0.467297
0.269269 0.463655
0.271271 0.460005
0.273273 0.456346
0.275275 0.452679
0.277277 0.449005
0.279279 0.445324
0.281281 0.441636
0.283283 0.437941
0.285285 0.434241
0.287287 0.430535
0.289289 0.426823
0.291291 0.423107
0.293293 0.419387
0.295295 0.415662
0.297297 0.411934
0.299299 0.408202
0.301301 0.404468
0.303303 0.400731
0.305305 0.396992
0.307307 0.393251
0.309309 0.389509
0.311311 0.385766
0.313313 0.382022
0.315315 0.378279
0.317317 0.374535
0.319319 0.370792
0.321321 0.36705
0.323323 0.36331
0.325325 0.359571
0.327327 0.355835
0.329329 0.352101
0.331331 0.348371
0.333333 0.344643
0.335335 0.34092
0.337337 0.337201
0.339339 0.333486
0.341341 0.329776
0.343343 0.326072
0.345345 0.322374
0.347347 0.318682
0.349349 0.314996
0.351351 0.311317
0.353353 0.307646
0.355355 0.303983
0.357357 0.300328
0.359359 0.296681
0.361361 0.293043
0.363363 0.289415
0.365365 0.285797
0.367367 0.282188
0.369369 0.278591
0.371371 0.275004
0.373373 0.271429
0.375375 0.267865
0.377377 0.264314
0.379379 0.260775
0.381381 0.257249
0.383383 0.253736
0.385385 0.250237
0.387387 0.246752
0.389389 0.243282
0.391391 0.239827
0.393393 0.236386
0.395395 0.232962
0.397397 0.229553
0.399399 0.226161
0.401401 0.222786
0.403403 0.219428
0.405405 0.216087
0.407407 0.212765
0.409409 0.20946
0.411411 0.206175
0.413413 0.202908
0.415415 0.199661
0.417417 0.196434
0.419419 0.193227
0.421421 0.19004
0.423423 0.186874
0.425425 0.18373
0.427427 0.180607
0.429429 0.177506
0.431431 0.174427
0.433433 0.171371
0.435435 0.168339
0.437437 0.165329
0.439439 0.162344
0.441441 0.159382
0.443443 0.156445
0.445445 0.153532
0.447447 0.150645
0.449449 0.147783
0.451451 0.144947
0.453453 0.142137
0.455455 0.139354
0.457457 0.136597
0.459459 0.133868
0.461461 0.131166
0.463463 0.128491
0.465465 0.125845
0.467467 0.123227
0.469469 0.120638
0.471471 0.118077
0.473473 0.115546
0.475475 0.113045
0.477477 0.110573
0.479479 0.108132
0.481481 0.105721
0.483483 0.103341
0.485485 0.100992
0.487487 0.0986738
0.489489 0.0963876
0.491491 0.0941333
0.493493 0.0919111
0.495495 0.0897214
0.497497 0.0875642
0.499499 0.0854401
0.501502 0.0833491
0.503504 0.0812915
0.505506 0.0792676
0.507508 0.0772776
0.50951 0.0753218
0.511512 0.0734004
0.513514 0.0715136
0.515516 0.0696616
0.517518 0.0678447
0.51952 0.0660631
0.521522 0.064317
0.523524 0.0626066
0.525526 0.060932
0.527528 0.0592936
0.52953 0.0576915
0.531532 0.0561259
0.533534 0.0545969
0.535536 0.0531048
0.537538 0.0516497
0.53954 0.0502318
0.541542 0.0488512
0.543544 0.0475081
0.545546 0.0462027
0.547548 0.0449351
0.54955 0.0437055
0.551552 0.0425139
0.553554 0.0413606
0.555556 0.0402456
0.557558 0.0391691
0.55956 0.0381311
0.561562 0.0371318
0.563564 0.0361713
0.565566 0.0352497
0.567568 0.0343671
0.56957 0.0335235
0.571572 0.0327191
0.573574 0.0319539
0.575576 0.0312279
0.577578 0.0305413
0.57958 0.0298941
0.581582 0.0292863
0.583584 0.0287179
0.585586 0.0281891
0.587588 0.0276998
0.58959 0.0272501
0.591592 0.0268399
0.593594 0.0264693
0.595596 0.0261383
0.597598 0.0258468
0.5996 0.0255948
0.601602 0.0253824
0.603604 0.0252095
0.605606 0.0250761
0.607608 0.024982
0.60961 0.0249274
0.611612 0.024912
0.613614 0.0249358
0.615616 0.0249989
0.617618 0.025101
0.61962 0.0252421
0.621622 0.025422
0.623624 0.0256408
0.625626 0.0258982
0.627628 0.0261942
0.62963 0.0265286
0.631632 0.0269013
0.633634 0.0273121
0.635636 0.0277609
0.637638 0.0282475
0.63964 0.0287717
0.641642 0.0293334
0.643644 0.0299324
0.645646 0.0305684
0.647648 0.0312413
0.64965 0.0319508
0.651652 0.0326968
0.653654 0.0334789
0.655656 0.034297
0.657658 0.0351508
0.65966 0.03604
0.661662 0.0369643
0.663664 0.0379235
0.665666 0.0389173
0.667668 0.0399453
0.66967 0.0410074
0.671672 0.042103
0.673674 0.043232
0.675676 0.044394
0.677678 0.0455886
0.67968 0.0468154
0.681682 0.0480741
0.683684 0.0493644
0.685686 0.0506857
0.687688 0.0520378
0.68969 0.0534202
0.691692 0.0548325
0.693694 0.0562742
0.695696 0.0577449
0.697698 0.0592441
0.6997 0.0607714
0.701702 0.0623264
0.703704 0.0639084
0.705706 0.0655171
0.707708 0.0671518
0.70971 0.0688121
0.711712 0.0704975
0.713714 0.0722073
0.715716 0.0739411
0.717718 0.0756983
0.71972 0.0774782
0.721722 0.0792804
0.723724 0.0811041
0.725726 0.0829488
0.727728 0.0848138
0.72973 0.0866986
0.731732 0.0886024
0.733734 0.0905245
0.735736 0.0924644
0.737738 0.0944212
0.73974 0.0963944
0.741742 0.0983831
0.743744 0.100387
0.745746 0.102404
0.747748 0.104436
0.74975 0.106479
0.751752 0.108535
0.753754 0.110601
0.755756 0.112678
0.757758 0.114764
0.75976 0.116858
0.761762 0.118961
0.763764 0.12107
0.765766 0.123185
0.767768 0.125305
0.76977 0.127429
0.771772 0.129557
0.773774 0.131687
0.775776 0.133818
0.777778 0.135949
0.77978 0.13808
0.781782 0.14021
0.783784 0.142336
0.785786 0.14446
0.787788 0.146578
0.78979 0.148691
0.791792 0.150797
0.793794 0.152895
0.795796 0.154985
0.797798 0.157064
0.7998 0.159132
0.801802 0.161188
0.803804 0.16323
0.805806 0.165257
0.807808 0.167269
0.80981 0.169264
0.811812 0.17124
0.813814 0.173197
0.815816 0.175133
0.817818 0.177048
0.81982 0.178938
0.821822 0.180805
0.823824 0.182645
0.825826 0.184458
0.827828 0.186242
0.82983 0.187996
0.831832 0.189719
0.833834 0.191409
0.835836 0.193065
0.837838 0.194685
0.83984 0.196268
0.841842 0.197813
0.843844 0.199317
0.845846 0.20078
0.847848 0.2022
0.84985 0.203575
0.851852 0.204903
0.853854 0.206184
0.855856 0.207416
0.857858 0.208596
0.85986 0.209724
0.861862 0.210798
0.863864 0.211815
0.865866 0.212775
0.867868 0.213676
0.86987 0.214515
0.871872 0.215291
0.873874 0.216003
0.875876 0.216649
0.877878 0.217226
0.87988 0.217733
0.881882 0.218168
0.883884 0.218529
0.885886 0.218815
0.887888 0.219023
0.88989 0.219152
0.891892 0.219199
0.893894 0.219163
0.895896 0.219041
0.897898 0.218832
0.8999 0.218534
0.901902 0.218144
0.903904 0.21766
0.905906 0.217081
0.907908 0.216405
0.90991 0.215628
0.911912 0.214749
0.913914 0.213766
0.915916 0.212677
0.917918 0.211479
0.91992 0.210171
0.921922 0.208749
0.923924 0.207212
0.925926 0.205557
0.927928 0.203782
0.92993 0.201885
0.931932 0.199863
0.933934 0.197714
0.935936 0.195435
0.937938 0.193025
0.93994 0.19048
0.941942 0.187798
0.943944 0.184977
0.945946 0.182014
0.947948 0.178906
0.94995 0.175651
0.951952 0.172247
0.953954 0.16869
0.955956 0.164978
0.957958 0.161109
0.95996 0.157079
0.961962 0.152887
0.963964 0.148528
0.965966 0.144001
0.967968 0.139303
0.96997 0.134431
0.971972 0.129382
0.973974 0.124153
0.975976 0.118741
0.977978 0.113143
0.97998 0.107357
0.981982 0.10138
0.983984 0.0952076
0.985986 0.088838
0.987988 0.0822679
0.98999 0.0754941
0.991992 0.0685136
0.993994 0.0613232
0.995996 0.0539199
0.997998 0.0463004
1 0.0384615
