-0.999989 -0.461491
-0.999969 -0.459471
-0.99994 -0.456451
-0.9999 -0.452446
-0.999851 -0.447473
-0.999792 -0.441553
-0.999723 -0.434713
-0.999644 -0.426982
-0.999556 -0.418394
-0.999457 -0.408986
-0.999349 -0.398799
-0.999231 -0.387877
-0.999103 -0.376265
-0.998965 -0.364013
-0.998817 -0.351172
-0.998659 -0.337797
-0.998492 -0.323942
-0.998315 -0.309664
-0.998128 -0.295022
-0.997931 -0.280073
-0.997724 -0.264877
-0.997508 -0.249494
-0.997281 -0.233984
-0.997045 -0.218403
-0.996799 -0.202812
-0.996543 -0.187267
-0.996278 -0.171824
-0.996002 -0.156538
-0.995717 -0.141459
-0.995422 -0.126639
-0.995117 -0.112125
-0.994803 -0.0979635
-0.994478 -0.0841956
-0.994144 -0.0708613
-0.9938 -0.057997
-0.993446 -0.0456359
-0.993082 -0.0338076
-0.992709 -0.0225386
-0.992326 -0.0118515
-0.991933 -0.00176572
-0.99153 0.00770331
-0.991117 0.0165436
-0.990695 0.0247466
-0.990263 0.0323077
-0.989821 0.0392254
-0.98937 0.0455019
-0.988909 0.0511423
-0.988438 0.0561554
-0.987957 0.0605527
-0.987466 0.0643487
-0.986966 0.0675605
-0.986456 0.070208
-0.985937 0.0723132
-0.985407 0.0739004
-0.984868 0.0749957
-0.984319 0.0756271
-0.983761 0.0758237
-0.983193 0.0756164
-0.982615 0.0750366
-0.982028 0.0741167
-0.98143 0.0728898
-0.980824 0.071389
-0.980207 0.0696478
-0.979581 0.0676992
-0.978945 0.0655763
-0.9783 0.0633113
-0.977645 0.0609359
-0.97698 0.0584806
-0.976305 0.0559751
-0.975621 0.0534475
-0.974928 0.0509249
-0.974225 0.0484324
-0.973512 0.0459939
-0.97279 0.0436312
-0.972058 0.0413643
-0.971316 0.0392114
-0.970565 0.0371887
-0.969804 0.0353103
-0.969034 0.0335884
-0.968255 0.032033
-0.967465 0.0306522
-0.966666 0.0294521
-0.965858 0.0284367
-0.96504 0.0276082
-0.964213 0.0269669
-0.963376 0.0265115
-0.96253 0.0262387
-0.961674 0.0261439
-0.960809 0.0262209
-0.959934 0.0264621
-0.95905 0.0268588
-0.958156 0.0274011
-0.957253 0.0280782
-0.95634 0.0288783
-0.955418 0.0297891
-0.954487 0.0307976
-0.953546 0.0318905
-0.952596 0.0330541
-0.951637 0.0342746
-0.950668 0.0355383
-0.94969 0.0368314
-0.948702 0.0381405
-0.947705 0.0394525
-0.946699 0.0407548
-0.945683 0.0420353
-0.944658 0.0432827
-0.943624 0.0444862
-0.94258 0.045636
-0.941528 0.0467232
-0.940465 0.0477398
-0.939394 0.0486787
-0.938313 0.0495339
-0.937224 0.0503005
-0.936125 0.0509745
-0.935016 0.0515531
-0.933899 0.0520345
-0.932772 0.0524179
-0.931636 0.0527035
-0.930491 0.0528927
-0.929337 0.0529876
-0.928173 0.0529912
-0.927001 0.0529074
-0.925819 0.0527409
-0.924628 0.0524971
-0.923429 0.052182
-0.92222 0.051802
-0.921001 0.0513643
-0.919774 0.0508763
-0.918538 0.0503456
-0.917293 0.0497803
-0.916039 0.0491884
-0.914775 0.0485781
-0.913503 0.0479575
-0.912222 0.0473346
-0.910931 0.0467173
-0.909632 0.0461132
-0.908324 0.0455296
-0.907007 0.0449732
-0.90568 0.0444507
-0.904345 0.0439679
-0.903001 0.0435303
-0.901649 0.0431428
-0.900287 0.0428094
-0.898916 0.0425338
-0.897537 0.042319
-0.896149 0.0421672
-0.894751 0.0420799
-0.893346 0.042058
-0.891931 0.0421018
-0.890507 0.0422108
-0.889075 0.0423839
-0.887634 0.0426194
-0.886184 0.0429151
-0.884726 0.0432681
-0.883258 0.0436751
-0.881783 0.0441323
-0.880298 0.0446354
-0.878805 0.0451801
-0.877303 0.0457612
-0.875792 0.0463738
-0.874273 0.0470126
-0.872745 0.0476719
-0.871209 0.0483464
-0.869664 0.0490305
-0.86811 0.0497186
-0.866548 0.0504052
-0.864977 0.0510852
-0.863398 0.0517535
-0.861811 0.0524051
-0.860214 0.0530355
-0.85861 0.0536404
-0.856997 0.054216
-0.855375 0.0547589
-0.853745 0.0552659
-0.852107 0.0557344
-0.85046 0.0561624
-0.848805 0.0565481
-0.847141 0.0568904
-0.84547 0.0571886
-0.843789 0.0574425
-0.842101 0.0576524
-0.840404 0.057819
-0.838699 0.0579437
-0.836986 0.0580279
-0.835264 0.0580739
-0.833534 0.058084
-0.831796 0.058061
-0.83005 0.0580082
-0.828296 0.0579287
-0.826533 0.0578264
-0.824763 0.0577051
-0.822984 0.0575687
-0.821197 0.0574214
-0.819402 0.0572674
-0.817599 0.0571109
-0.815788 0.056956
-0.813969 0.0568071
-0.812142 0.056668
-0.810306 0.0565428
-0.808463 0.0564351
-0.806612 0.0563485
-0.804753 0.0562863
-0.802886 0.0562514
-0.801011 0.0562467
-0.799128 0.0562744
-0.797238 0.0563367
-0.795339 0.0564352
-0.793433 0.0565713
-0.791519 0.0567458
-0.789597 0.0569594
-0.787667 0.0572122
-0.78573 0.057504
-0.783784 0.0578343
-0.781831 0.0582021
-0.779871 0.0586061
-0.777903 0.0590448
-0.775927 0.0595163
-0.773943 0.0600183
-0.771952 0.0605484
-0.769953 0.0611041
-0.767946 0.0616823
-0.765932 0.06228
-0.763911 0.0628942
-0.761882 0.0635216
-0.759845 0.0641588
-0.757801 0.0648026
-0.75575 0.0654496
-0.753691 0.0660965
-0.751624 0.0667402
-0.74955 0.0673775
-0.747469 0.0680056
-0.745381 0.0686216
-0.743285 0.069223
-0.741182 0.0698074
-0.739071 0.0703727
-0.736953 0.0709171
-0.734828 0.0714391
-0.732696 0.0719374
-0.730556 0.072411
-0.72841 0.0728593
-0.726256 0.073282
-0.724095 0.0736791
-0.721927 0.0740508
-0.719751 0.0743979
-0.717569 0.0747212
-0.71538 0.075022
-0.713183 0.0753017
-0.71098 0.075562
-0.708769 0.075805
-0.706552 0.0760329
-0.704327 0.076248
-0.702096 0.0764529
-0.699858 0.0766502
-0.697612 0.0768428
-0.69536 0.0770336
-0.693102 0.0772254
-0.690836 0.0774213
-0.688563 0.0776241
-0.686284 0.0778368
-0.683998 0.0780622
-0.681705 0.078303
-0.679405 0.0785619
-0.677099 0.0788413
-0.674786 0.0791436
-0.672467 0.0794708
-0.670141 0.0798248
-0.667808 0.0802073
-0.665469 0.0806197
-0.663123 0.0810633
-0.66077 0.0815388
-0.658411 0.082047
-0.656046 0.0825882
-0.653674 0.0831625
-0.651296 0.0837697
-0.648911 0.0844094
-0.64652 0.0850808
-0.644122 0.0857831
-0.641718 0.086515
-0.639308 0.087275
-0.636892 0.0880617
-0.634469 0.0888732
-0.63204 0.0897075
-0.629605 0.0905625
-0.627163 0.0914361
-0.624716 0.0923258
-0.622262 0.0932294
-0.619802 0.0941445
-0.617336 0.0950685
-0.614864 0.0959992
-0.612386 0.0969341
-0.609902 0.097871
-0.607412 0.0988076
-0.604916 0.0997419
-0.602414 0.100672
-0.599906 0.101596
-0.597392 0.102512
-0.594872 0.103419
-0.592346 0.104316
-0.589815 0.105202
-0.587277 0.106076
-0.584734 0.106937
-0.582185 0.107786
-0.579631 0.108622
-0.57707 0.109445
-0.574504 0.110257
-0.571933 0.111058
-0.569355 0.111849
-0.566773 0.11263
-0.564184 0.113405
-0.56159 0.114174
-0.558991 0.114939
-0.556385 0.115702
-0.553775 0.116466
-0.551159 0.117232
-0.548537 0.118004
-0.545911 0.118783
-0.543278 0.119573
-0.540641 0.120376
-0.537998 0.121194
-0.53535 0.122031
-0.532696 0.122888
-0.530038 0.123768
-0.527374 0.124675
-0.524704 0.125609
-0.52203 0.126574
-0.519351 0.127571
-0.516666 0.128603
-0.513977 0.129671
-0.511282 0.130776
-0.508582 0.13192
-0.505877 0.133105
-0.503168 0.13433
-0.500453 0.135597
-0.497733 0.136906
-0.495009 0.138258
-0.492279 0.139652
-0.489545 0.141088
-0.486806 0.142565
-0.484062 0.144084
-0.481314 0.145642
-0.47856 0.14724
-0.475802 0.148876
-0.473039 0.150548
-0.470272 0.152255
-0.4675 0.153996
-0.464723 0.155768
-0.461942 0.157571
-0.459156 0.159402
-0.456366 0.161259
-0.453571 0.163142
-0.450772 0.165047
-0.447968 0.166973
-0.44516 0.16892
-0.442347 0.170884
-0.43953 0.172865
-0.436709 0.174862
-0.433884 0.176873
-0.431054 0.178898
-0.42822 0.180936
-0.425382 0.182986
-0.422539 0.185048
-0.419693 0.187123
-0.416842 0.18921
-0.413987 0.191309
-0.411128 0.193423
-0.408265 0.19555
-0.405398 0.197694
-0.402527 0.199855
-0.399652 0.202034
-0.396773 0.204235
-0.393891 0.206458
-0.391004 0.208707
-0.388113 0.210984
-0.385219 0.213291
-0.382321 0.215632
-0.379419 0.21801
-0.376513 0.220427
-0.373604 0.222886
-0.370691 0.225392
-0.367774 0.227947
-0.364854 0.230555
-0.36193 0.233218
-0.359003 0.235941
-0.356072 0.238726
-0.353137 0.241577
-0.350199 0.244497
-0.347258 0.247489
-0.344313 0.250554
-0.341365 0.253697
-0.338413 0.25692
-0.335458 0.260224
-0.3325 0.263612
-0.329538 0.267086
-0.326574 0.270648
-0.323606 0.274298
-0.320634 0.278039
-0.31766 0.281871
-0.314683 0.285795
-0.311702 0.289812
-0.308718 0.293922
-0.305732 0.298125
-0.302742 0.302422
-0.299749 0.306812
-0.296754 0.311294
-0.293755 0.315869
-0.290754 0.320537
-0.28775 0.325295
-0.284742 0.330144
-0.281733 0.335083
-0.27872 0.340112
-0.275704 0.345228
-0.272686 0.350433
-0.269665 0.355724
-0.266642 0.361102
-0.263616 0.366566
-0.260587 0.372115
-0.257556 0.377749
-0.254522 0.383468
-0.251486 0.389273
-0.248447 0.395162
-0.245405 0.401138
-0.242362 0.407199
-0.239316 0.413348
-0.236267 0.419585
-0.233216 0.425912
-0.230163 0.432329
-0.227108 0.438839
-0.224051 0.445443
-0.220991 0.452144
-0.217929 0.458943
-0.214865 0.465843
-0.211799 0.472846
-0.20873 0.479954
-0.20566 0.487171
-0.202588 0.494499
-0.199513 0.50194
-0.196437 0.509497
-0.193359 0.517172
-0.190278 0.524967
-0.187196 0.532885
-0.184112 0.540928
-0.181027 0.549097
-0.177939 0.557393
-0.17485 0.565818
-0.171759 0.574372
-0.168666 0.583055
-0.165572 0.591866
-0.162476 0.600805
-0.159379 0.60987
-0.156279 0.61906
-0.153179 0.628371
-0.150077 0.637799
-0.146973 0.647341
-0.143868 0.656992
-0.140761 0.666746
-0.137654 0.676596
-0.134544 0.686535
-0.131434 0.696556
-0.128322 0.706648
-0.125209 0.716803
-0.122094 0.72701
-0.118979 0.737257
-0.115862 0.747532
-0.112744 0.757823
-0.109625 0.768116
-0.106505 0.778396
-0.103384 0.788649
-0.100262 0.798858
-0.0971387 0.809008
-0.0940146 0.819081
-0.0908896 0.829062
-0.0877637 0.838931
-0.0846369 0.848671
-0.0815093 0.858263
-0.0783809 0.86769
-0.0752517 0.876933
-0.0721218 0.885972
-0.0689911 0.894789
-0.0658598 0.903366
-0.0627279 0.911684
-0.0595953 0.919726
-0.0564621 0.927472
-0.0533284 0.934906
-0.0501942 0.942011
-0.0470594 0.94877
-0.0439242 0.955168
-0.0407886 0.961189
-0.0376525 0.966819
-0.0345161 0.972045
-0.0313794 0.976854
-0.0282423 0.981235
-0.025105 0.985177
-0.0219674 0.98867
-0.0188296 0.991706
-0.0156916 0.994278
-0.0125535 0.996379
-0.00941522 0.998005
-0.00627687 0.999152
-0.00313845 0.999817
6.12323e-17 1
0.00313845 0.9997
0.00627687 0.998918
0.00941522 0.997657
0.0125535 0.995921
0.0156916 0.993714
0.0188296 0.991043
0.0219674 0.987915
0.025105 0.984338
0.0282423 0.980321
0.0313794 0.975875
0.0345161 0.97101
0.0376525 0.96574
0.0407886 0.960078
0.0439242 0.954036
0.0470594 0.94763
0.0501942 0.940874
0.0533284 0.933786
0.0564621 0.926379
0.0595953 0.918673
0.0627279 0.910682
0.0658598 0.902426
0.0689911 0.893921
0.0721218 0.885184
0.0752517 0.876235
0.0783809 0.867089
0.0815093 0.857766
0.0846369 0.848283
0.0877637 0.838656
0.0908896 0.828904
0.0940146 0.819042
0.0971387 0.809087
0.100262 0.799055
0.103384 0.788962
0.106505 0.778823
0.109625 0.768651
0.112744 0.758462
0.115862 0.748267
0.118979 0.73808
0.122094 0.727913
0.125209 0.717776
0.128322 0.707682
0.131434 0.697638
0.134544 0.687655
0.137654 0.677742
0.140761 0.667905
0.143868 0.658152
0.146973 0.64849
0.150077 0.638924
0.153179 0.62946
0.156279 0.620102
0.159379 0.610854
0.162476 0.601719
0.165572 0.5927
0.168666 0.5838
0.171759 0.575021
0.17485 0.566364
0.177939 0.557829
0.181027 0.549418
0.184112 0.54113
0.187196 0.532967
0.190278 0.524926
0.193359 0.517009
0.196437 0.509213
0.199513 0.501539
0.202588 0.493984
0.20566 0.486548
0.20873 0.479229
0.211799 0.472026
0.214865 0.464936
0.217929 0.45796
0.220991 0.451095
0.224051 0.444339
0.227108 0.437691
0.230163 0.43115
0.233216 0.424713
0.236267 0.418381
0.239316 0.41215
0.242362 0.406021
0.245405 0.399992
0.248447 0.394061
0.251486 0.388228
0.254522 0.382491
0.257556 0.376851
0.260587 0.371305
0.263616 0.365854
0.266642 0.360496
0.269665 0.35523
0.272686 0.350057
0.275704 0.344975
0.27872 0.339984
0.281733 0.335083
0.284742 0.330272
0.28775 0.32555
0.290754 0.320917
0.293755 0.316371
0.296754 0.311912
0.299749 0.307539
0.302742 0.303252
0.305732 0.29905
0.308718 0.294932
0.311702 0.290896
0.314683 0.286942
0.31766 0.283069
0.320634 0.279275
0.323606 0.27556
0.326574 0.271921
0.329538 0.268358
0.3325 0.264868
0.335458 0.261451
0.338413 0.258105
0.341365 0.254827
0.344313 0.251617
0.347258 0.248472
0.350199 0.24539
0.353137 0.24237
0.356072 0.23941
0.359003 0.236508
0.36193 0.233661
0.364854 0.230869
0.367774 0.228128
0.370691 0.225437
0.373604 0.222795
0.376513 0.220199
0.379419 0.217647
0.382321 0.215138
0.385219 0.21267
0.388113 0.210242
0.391004 0.207852
0.393891 0.205498
0.396773 0.203179
0.399652 0.200894
0.402527 0.198641
0.405398 0.19642
0.408265 0.19423
0.411128 0.192069
0.413987 0.189938
0.416842 0.187834
0.419693 0.185758
0.422539 0.183709
0.425382 0.181687
0.42822 0.179691
0.431054 0.177721
0.433884 0.175777
0.436709 0.173859
0.43953 0.171967
0.442347 0.1701
0.44516 0.16826
0.447968 0.166445
0.450772 0.164657
0.453571 0.162895
0.456366 0.16116
0.459156 0.159452
0.461942 0.15777
0.464723 0.156116
0.4675 0.154489
0.470272 0.152889
0.473039 0.151317
0.475802 0.149773
0.47856 0.148257
0.481314 0.146768
0.484062 0.145307
0.486806 0.143874
0.489545 0.142468
0.492279 0.14109
0.495009 0.139739
0.497733 0.138414
0.500453 0.137116
0.503168 0.135844
0.505877 0.134597
0.508582 0.133374
0.511282 0.132176
0.513977 0.131002
0.516666 0.12985
0.519351 0.12872
0.52203 0.127612
0.524704 0.126524
0.527374 0.125456
0.530038 0.124406
0.532696 0.123374
0.53535 0.122359
0.537998 0.12136
0.540641 0.120376
0.543278 0.119406
0.545911 0.11845
0.548537 0.117506
0.551159 0.116574
0.553775 0.115653
0.556385 0.114742
0.558991 0.11384
0.56159 0.112948
0.564184 0.112064
0.566773 0.111187
0.569355 0.110318
0.571933 0.109456
0.574504 0.1086
0.57707 0.10775
0.579631 0.106907
0.582185 0.106069
0.584734 0.105238
0.587277 0.104412
0.589815 0.103591
0.592346 0.102777
0.594872 0.101969
0.597392 0.101166
0.599906 0.100371
0.602414 0.0995814
0.604916 0.0987992
0.607412 0.0980244
0.609902 0.0972571
0.612386 0.0964979
0.614864 0.0957471
0.617336 0.095005
0.619802 0.0942721
0.622262 0.0935488
0.624716 0.0928354
0.627163 0.0921322
0.629605 0.0914397
0.63204 0.0907582
0.634469 0.0900878
0.636892 0.0894289
0.639308 0.0887817
0.641718 0.0881463
0.644122 0.0875229
0.64652 0.0869115
0.648911 0.0863122
0.651296 0.0857249
0.653674 0.0851496
0.656046 0.0845862
0.658411 0.0840345
0.66077 0.0834943
0.663123 0.0829652
0.665469 0.0824472
0.667808 0.0819396
0.670141 0.0814423
0.672467 0.0809547
0.674786 0.0804764
0.677099 0.0800069
0.679405 0.0795458
0.681705 0.0790924
0.683998 0.0786463
0.686284 0.0782069
0.688563 0.0777737
0.690836 0.077346
0.693102 0.0769234
0.69536 0.0765053
0.697612 0.0760912
0.699858 0.0756806
0.702096 0.075273
0.704327 0.074868
0.706552 0.0744651
0.708769 0.074064
0.71098 0.0736643
0.713183 0.0732657
0.71538 0.0728679
0.717569 0.0724708
0.719751 0.0720742
0.721927 0.0716779
0.724095 0.0712818
0.726256 0.070886
0.72841 0.0704905
0.730556 0.0700952
0.732696 0.0697004
0.734828 0.0693061
0.736953 0.0689126
0.739071 0.06852
0.741182 0.0681287
0.743285 0.0677388
0.745381 0.0673508
0.747469 0.0669649
0.74955 0.0665814
0.751624 0.0662008
0.753691 0.0658234
0.75575 0.0654496
0.757801 0.0650797
0.759845 0.0647141
0.761882 0.0643533
0.763911 0.0639974
0.765932 0.0636468
0.767946 0.063302
0.769953 0.062963
0.771952 0.0626302
0.773943 0.0623038
0.775927 0.061984
0.777903 0.0616709
0.779871 0.0613647
0.781831 0.0610654
0.783784 0.0607731
0.78573 0.0604877
0.787667 0.0602093
0.789597 0.0599376
0.791519 0.0596727
0.793433 0.0594143
0.795339 0.0591622
0.797238 0.0589162
0.799128 0.0586761
0.801011 0.0584414
0.802886 0.058212
0.804753 0.0579874
0.806612 0.0577673
0.808463 0.0575513
0.810306 0.057339
0.812142 0.0571301
0.813969 0.0569239
0.815788 0.0567203
0.817599 0.0565187
0.819402 0.0563188
0.821197 0.0561202
0.822984 0.0559225
0.824763 0.0557253
0.826533 0.0555284
0.828296 0.0553313
0.83005 0.0551339
0.831796 0.0549358
0.833534 0.0547369
0.835264 0.054537
0.836986 0.0543359
0.838699 0.0541335
0.840404 0.0539297
0.842101 0.0537246
0.843789 0.0535181
0.84547 0.0533103
0.847141 0.0531012
0.848805 0.0528909
0.85046 0.0526796
0.852107 0.0524676
0.853745 0.0522549
0.855375 0.0520418
0.856997 0.0518287
0.85861 0.0516156
0.860214 0.0514031
0.861811 0.0511913
0.863398 0.0509807
0.864977 0.0507714
0.866548 0.050564
0.86811 0.0503586
0.869664 0.0501557
0.871209 0.0499555
0.872745 0.0497583
0.874273 0.0495645
0.875792 0.0493743
0.877303 0.0491881
0.878805 0.0490059
0.880298 0.048828
0.881783 0.0486547
0.883258 0.0484859
0.884726 0.0483219
0.886184 0.0481628
0.887634 0.0480085
0.889075 0.0478591
0.890507 0.0477146
0.891931 0.0475748
0.893346 0.0474398
0.894751 0.0473094
0.896149 0.0471833
0.897537 0.0470616
0.898916 0.0469438
0.900287 0.0468298
0.901649 0.0467193
0.903001 0.0466121
0.904345 0.0465078
0.90568 0.0464061
0.907007 0.0463066
0.908324 0.0462091
0.909632 0.0461132
0.910931 0.0460186
0.912222 0.0459248
0.913503 0.0458317
0.914775 0.0457388
0.916039 0.0456459
0.917293 0.0455526
0.918538 0.0454587
0.919774 0.045364
0.921001 0.0452681
0.92222 0.0451709
0.923429 0.0450722
0.924628 0.0449719
0.925819 0.0448699
0.927001 0.044766
0.928173 0.0446603
0.929337 0.0445527
0.930491 0.0444432
0.931636 0.0443318
0.932772 0.0442188
0.933899 0.0441041
0.935016 0.0439879
0.936125 0.0438704
0.937224 0.0437518
0.938313 0.0436322
0.939394 0.043512
0.940465 0.0433915
0.941528 0.0432707
0.94258 0.0431502
0.943624 0.0430301
0.944658 0.0429108
0.945683 0.0427925
0.946699 0.0426756
0.947705 0.0425604
0.948702 0.0424472
0.94969 0.0423362
0.950668 0.0422277
0.951637 0.042122
0.952596 0.0420193
0.953546 0.0419198
0.954487 0.0418237
0.955418 0.0417312
0.95634 0.0416424
0.957253 0.0415574
0.958156 0.0414763
0.95905 0.0413992
0.959934 0.041326
0.960809 0.0412567
0.961674 0.0411913
0.96253 0.0411298
0.963376 0.0410719
0.964213 0.0410176
0.96504 0.0409666
0.965858 0.0409189
0.966666 0.0408742
0.967465 0.0408322
0.968255 0.0407927
0.969034 0.0407554
0.969804 0.0407201
0.970565 0.0406864
0.971316 0.0406541
0.972058 0.0406228
0.97279 0.0405923
0.973512 0.0405621
0.974225 0.0405322
0.974928 0.040502
0.975621 0.0404715
0.976305 0.0404402
0.97698 0.040408
0.977645 0.0403746
0.9783 0.0403399
0.978945 0.0403035
0.979581 0.0402655
0.980207 0.0402257
0.980824 0.0401839
0.98143 0.0401401
0.982028 0.0400943
0.982615 0.0400465
0.983193 0.0399966
0.983761 0.0399447
0.984319 0.039891
0.984868 0.0398355
0.985407 0.0397784
0.985937 0.0397199
0.986456 0.03966
0.986966 0.0395991
0.987466 0.0395374
0.987957 0.0394751
0.988438 0.0394124
0.988909 0.0393498
0.98937 0.0392873
0.989821 0.0392255
0.990263 0.0391643
0.990695 0.0391044
0.991117 0.0390458
0.99153 0.0389889
0.991933 0.0389339
0.992326 0.0388812
0.992709 0.0388309
0.993082 0.0387833
0.993446 0.0387385
0.9938 0.0386968
0.994144 0.0386583
0.994478 0.0386232
0.994803 0.0385915
0.995117 0.0385633
0.995422 0.0385387
0.995717 0.0385176
0.996002 0.0385001
0.996278 0.0384862
0.996543 0.0384756
0.996799 0.0384684
0.997045 0.0384644
0.997281 0.0384635
0.997508 0.0384654
0.997724 0.03847
0.997931 0.0384771
0.998128 0.0384864
0.998315 0.0384976
0.998492 0.0385105
0.998659 0.0385247
0.998817 0.0385401
0.998965 0.0385563
0.999103 0.0385731
0.999231 0.0385901
0.999349 0.038607
0.999457 0.0386236
0.999556 0.0386396
0.999644 0.0386549
0.999723 0.038669
0.999792 0.0386819
0.999851 0.0386933
0.9999 0.0387031
0.99994 0.038711
0.999969 0.0387172
0.999989 0.0387213
0.999999 0.0387233
