-1 0.0384615
-0.997998 0.0388087
-0.995996 0.0391558
-0.993994 0.0395028
-0.991992 0.0398498
-0.98999 0.0401966
-0.987988 0.0405433
-0.985986 0.0408897
-0.983984 0.041236
-0.981982 0.041582
-0.97998 0.0419277
-0.977978 0.0422731
-0.975976 0.0426181
-0.973974 0.0429628
-0.971972 0.0433071
-0.96997 0.0436509
-0.967968 0.0439942
-0.965966 0.0443371
-0.963964 0.0446794
-0.961962 0.0450211
-0.95996 0.0453623
-0.957958 0.0457028
-0.955956 0.0460426
-0.953954 0.0463817
-0.951952 0.0467202
-0.94995 0.0470578
-0.947948 0.0473947
-0.945946 0.0477307
-0.943944 0.0480659
-0.941942 0.0484002
-0.93994 0.0487336
-0.937938 0.0490661
-0.935936 0.0493976
-0.933934 0.049728
-0.931932 0.0500574
-0.92993 0.0503858
-0.927928 0.050713
-0.925926 0.0510391
-0.923924 0.051364
-0.921922 0.0516878
-0.91992 0.0520103
-0.917918 0.0523315
-0.915916 0.0526514
-0.913914 0.05297
-0.911912 0.0532873
-0.90991 0.0536032
-0.907908 0.0539176
-0.905906 0.0542306
-0.903904 0.0545421
-0.901902 0.0548521
-0.8999 0.0551605
-0.897898 0.0554674
-0.895896 0.0557726
-0.893894 0.0560762
-0.891892 0.0563782
-0.88989 0.0566784
-0.887888 0.0569769
-0.885886 0.0572736
-0.883884 0.0575685
-0.881882 0.0578616
-0.87988 0.0581528
-0.877878 0.0584422
-0.875876 0.0587296
-0.873874 0.059015
-0.871872 0.0592985
-0.86987 0.0595799
-0.867868 0.0598593
-0.865866 0.0601366
-0.863864 0.0604117
-0.861862 0.0606848
-0.85986 0.0609556
-0.857858 0.0612243
-0.855856 0.0614907
-0.853854 0.0617548
-0.851852 0.0620166
-0.84985 0.0622761
-0.847848 0.0625332
-0.845846 0.0627879
-0.843844 0.0630402
-0.841842 0.06329
-0.83984 0.0635373
-0.837838 0.0637821
-0.835836 0.0640243
-0.833834 0.0642639
-0.831832 0.064501
-0.82983 0.0647353
-0.827828 0.064967
-0.825826 0.065196
-0.823824 0.0654222
-0.821822 0.0656456
-0.81982 0.0658662
-0.817818 0.066084
-0.815816 0.0662989
-0.813814 0.0665109
-0.811812 0.06672
-0.80981 0.0669261
-0.807808 0.0671292
-0.805806 0.0673292
-0.803804 0.0675262
-0.801802 0.0677201
-0.7998 0.0679109
-0.797798 0.0680985
-0.795796 0.0682829
-0.793794 0.0684641
-0.791792 0.0686421
-0.78979 0.0688167
-0.787788 0.0689881
-0.785786 0.0691561
-0.783784 0.0693207
-0.781782 0.0694819
-0.77978 0.0696396
-0.777778 0.0697939
-0.775776 0.0699447
-0.773774 0.070092
-0.771772 0.0702356
-0.76977 0.0703757
-0.767768 0.0705121
-0.765766 0.0706449
-0.763764 0.070774
-0.761762 0.0708993
-0.75976 0.0710209
-0.757758 0.0711387
-0.755756 0.0712527
-0.753754 0.0713628
-0.751752 0.0714691
-0.74975 0.0715714
-0.747748 0.0716698
-0.745746 0.0717642
-0.743744 0.0718545
-0.741742 0.0719409
-0.73974 0.0720232
-0.737738 0.0721013
-0.735736 0.0721753
-0.733734 0.0722452
-0.731732 0.0723108
-0.72973 0.0723722
-0.727728 0.0724294
-0.725726 0.0724822
-0.723724 0.0725308
-0.721722 0.0725749
-0.71972 0.0726147
-0.717718 0.0726501
-0.715716 0.072681
-0.713714 0.0727161
-0.711712 0.0727688
-0.70971 0.0728173
-0.707708 0.072862
-0.705706 0.0729032
-0.703704 0.0729411
-0.701702 0.0729761
-0.6997 0.0730084
-0.697698 0.0730385
-0.695696 0.0730664
-0.693694 0.0730926
-0.691692 0.0731174
-0.68969 0.073141
-0.687688 0.0731638
-0.685686 0.073186
-0.683684 0.0732079
-0.681682 0.0732299
-0.67968 0.0732522
-0.677678 0.0732752
-0.675676 0.0732991
-0.673674 0.0733242
-0.671672 0.0733508
-0.66967 0.0733792
-0.667668 0.0734098
-0.665666 0.0734428
-0.663664 0.0734784
-0.661662 0.0735171
-0.65966 0.0735591
-0.657658 0.0736048
-0.655656 0.0736543
-0.653654 0.073708
-0.651652 0.0737662
-0.64965 0.0738292
-0.647648 0.0738973
-0.645646 0.0739708
-0.643644 0.0740499
-0.641642 0.0741351
-0.63964 0.0742265
-0.637638 0.0743245
-0.635636 0.0744294
-0.633634 0.0745414
-0.631632 0.074661
-0.62963 0.0747882
-0.627628 0.0749236
-0.625626 0.0750673
-0.623624 0.0752197
-0.621622 0.075381
-0.61962 0.0755516
-0.617618 0.0757317
-0.615616 0.0759217
-0.613614 0.0761218
-0.611612 0.0763324
-0.60961 0.0765537
-0.607608 0.0767861
-0.605606 0.0770298
-0.603604 0.0772851
-0.601602 0.0775523
-0.5996 0.0778318
-0.597598 0.0781238
-0.595596 0.0784286
-0.593594 0.0787465
-0.591592 0.0790779
-0.58959 0.0794229
-0.587588 0.079782
-0.585586 0.0801554
-0.583584 0.0805434
-0.581582 0.0809463
-0.57958 0.0813644
-0.577578 0.081798
-0.575576 0.0822473
-0.573574 0.0827128
-0.571572 0.0831947
-0.56957 0.0836932
-0.567568 0.0842088
-0.565566 0.0847416
-0.563564 0.085292
-0.561562 0.0858602
-0.55956 0.0864467
-0.557558 0.0870516
-0.555556 0.0876753
-0.553554 0.088318
-0.551552 0.0889801
-0.54955 0.0896619
-0.547548 0.0903636
-0.545546 0.0910856
-0.543544 0.0918281
-0.541542 0.0925915
-0.53954 0.093376
-0.537538 0.094182
-0.535536 0.0950097
-0.533534 0.0958594
-0.531532 0.0967315
-0.52953 0.0976262
-0.527528 0.0985439
-0.525526 0.0994848
-0.523524 0.100449
-0.521522 0.101437
-0.51952 0.10245
-0.517518 0.103486
-0.515516 0.104548
-0.513514 0.105634
-0.511512 0.106746
-0.50951 0.107884
-0.507508 0.109047
-0.505506 0.110236
-0.503504 0.111452
-0.501502 0.112695
-0.499499 0.113965
-0.497497 0.115262
-0.495495 0.116587
-0.493493 0.11794
-0.491491 0.119322
-0.489489 0.120731
-0.487487 0.12217
-0.485485 0.123638
-0.483483 0.125135
-0.481481 0.126662
-0.479479 0.128219
-0.477477 0.129807
-0.475475 0.131425
-0.473473 0.133074
-0.471471 0.134755
-0.469469 0.136467
-0.467467 0.13821
-0.465465 0.139986
-0.463463 0.141795
-0.461461 0.143636
-0.459459 0.14551
-0.457457 0.147418
-0.455455 0.149359
-0.453453 0.151334
-0.451451 0.153343
-0.449449 0.155387
-0.447447 0.157466
-0.445445 0.159579
-0.443443 0.161729
-0.441441 0.163914
-0.439439 0.166134
-0.437437 0.168392
-0.435435 0.170686
-0.433433 0.173016
-0.431431 0.175384
-0.429429 0.17779
-0.427427 0.180233
-0.425425 0.182714
-0.423423 0.185232
-0.421421 0.187786
-0.419419 0.190377
-0.417417 0.193003
-0.415415 0.195664
-0.413413 0.19836
-0.411411 0.20109
-0.409409 0.203853
-0.407407 0.206649
-0.405405 0.209477
-0.403403 0.212338
-0.401401 0.21523
-0.399399 0.218153
-0.397397 0.221106
-0.395395 0.224089
-0.393393 0.227101
-0.391391 0.230142
-0.389389 0.233212
-0.387387 0.236309
-0.385385 0.239434
-0.383383 0.242585
-0.381381 0.245762
-0.379379 0.248965
-0.377377 0.252194
-0.375375 0.255447
-0.373373 0.258724
-0.371371 0.262025
-0.369369 0.265349
-0.367367 0.268695
-0.365365 0.272064
-0.363363 0.275454
-0.361361 0.278865
-0.359359 0.282297
-0.357357 0.285748
-0.355355 0.289219
-0.353353 0.29271
-0.351351 0.296218
-0.349349 0.299745
-0.347347 0.303289
-0.345345 0.306849
-0.343343 0.310426
-0.341341 0.314019
-0.339339 0.317628
-0.337337 0.321251
-0.335335 0.324888
-0.333333 0.32854
-0.331331 0.332204
-0.329329 0.335881
-0.327327 0.339571
-0.325325 0.343272
-0.323323 0.346984
-0.321321 0.350707
-0.319319 0.354441
-0.317317 0.358183
-0.315315 0.361935
-0.313313 0.365696
-0.311311 0.369464
-0.309309 0.37324
-0.307307 0.377024
-0.305305 0.380813
-0.303303 0.384609
-0.301301 0.38841
-0.299299 0.392216
-0.297297 0.396027
-0.295295 0.399841
-0.293293 0.403659
-0.291291 0.40748
-0.289289 0.411303
-0.287287 0.415128
-0.285285 0.418955
-0.283283 0.422782
-0.281281 0.426609
-0.279279 0.430437
-0.277277 0.434263
-0.275275 0.438088
-0.273273 0.441912
-0.271271 0.445733
-0.269269 0.449552
-0.267267 0.453367
-0.265265 0.457178
-0.263263 0.460985
-0.261261 0.464787
-0.259259 0.468583
-0.257257 0.472374
-0.255255 0.476158
-0.253253 0.479935
-0.251251 0.483705
-0.249249 0.487467
-0.247247 0.49122
-0.245245 0.494964
-0.243243 0.498699
-0.241241 0.502423
-0.239239 0.506137
-0.237237 0.50984
-0.235235 0.513532
-0.233233 0.517211
-0.231231 0.520877
-0.229229 0.52453
-0.227227 0.52817
-0.225225 0.531795
-0.223223 0.535406
-0.221221 0.539001
-0.219219 0.542581
-0.217217 0.546144
-0.215215 0.549691
-0.213213 0.55322
-0.211211 0.556731
-0.209209 0.560224
-0.207207 0.563698
-0.205205 0.567153
-0.203203 0.570587
-0.201201 0.574002
-0.199199 0.577395
-0.197197 0.580767
-0.195195 0.584117
-0.193193 0.587444
-0.191191 0.590748
-0.189189 0.594029
-0.187187 0.597286
-0.185185 0.600518
-0.183183 0.603725
-0.181181 0.606906
-0.179179 0.610062
-0.177177 0.61319
-0.175175 0.616292
-0.173173 0.619365
-0.171171 0.622411
-0.169169 0.625427
-0.167167 0.628415
-0.165165 0.631373
-0.163163 0.6343
-0.161161 0.637197
-0.159159 0.640062
-0.157157 0.642895
-0.155155 0.645696
-0.153153 0.648465
-0.151151 0.651199
-0.149149 0.6539
-0.147147 0.656567
-0.145145 0.659198
-0.143143 0.661794
-0.141141 0.664354
-0.139139 0.666878
-0.137137 0.669366
-0.135135 0.671818
-0.133133 0.674234
-0.131131 0.676614
-0.129129 0.678957
-0.127127 0.681265
-0.125125 0.683536
-0.123123 0.685772
-0.121121 0.687971
-0.119119 0.690135
-0.117117 0.692262
-0.115115 0.694353
-0.113113 0.696408
-0.111111 0.698427
-0.109109 0.70041
-0.107107 0.702357
-0.105105 0.704268
-0.103103 0.706143
-0.101101 0.707982
-0.0990991 0.709784
-0.0970971 0.711551
-0.0950951 0.713282
-0.0930931 0.714976
-0.0910911 0.716634
-0.0890891 0.718257
-0.0870871 0.719843
-0.0850851 0.721393
-0.0830831 0.722908
-0.0810811 0.724386
-0.0790791 0.725828
-0.0770771 0.727234
-0.0750751 0.728604
-0.0730731 0.729938
-0.0710711 0.731235
-0.0690691 0.732497
-0.0670671 0.733723
-0.0650651 0.734913
-0.0630631 0.736066
-0.0610611 0.737184
-0.0590591 0.738265
-0.0570571 0.739311
-0.0550551 0.74032
-0.0530531 0.741293
-0.0510511 0.742231
-0.049049 0.743132
-0.047047 0.743997
-0.045045 0.744826
-0.043043 0.745619
-0.041041 0.746376
-0.039039 0.747097
-0.037037 0.747782
-0.035035 0.74843
-0.033033 0.749043
-0.031031 0.74962
-0.029029 0.75016
-0.027027 0.750665
-0.025025 0.751133
-0.023023 0.751566
-0.021021 0.751962
-0.019019 0.752323
-0.017017 0.752647
-0.015015 0.752935
-0.013013 0.753187
-0.011011 0.753403
-0.00900901 0.753584
-0.00700701 0.753728
-0.00500501 0.753836
-0.003003 0.753907
-0.001001 0.753943
0.001001 0.753943
0.003003 0.753907
0.00500501 0.753835
0.00700701 0.753726
0.00900901 0.753582
0.011011 0.753401
0.013013 0.753185
0.015015 0.752932
0.017017 0.752644
0.019019 0.752319
0.021021 0.751958
0.023023 0.751562
0.025025 0.751129
0.027027 0.75066
0.029029 0.750155
0.031031 0.749614
0.033033 0.749037
0.035035 0.748424
0.037037 0.747775
0.039039 0.74709
0.041041 0.746369
0.043043 0.745612
0.045045 0.744818
0.047047 0.743989
0.049049 0.743124
0.0510511 0.742222
0.0530531 0.741285
0.0550551 0.740311
0.0570571 0.739302
0.0590591 0.738256
0.0610611 0.737174
0.0630631 0.736057
0.0650651 0.734903
0.0670671 0.733713
0.0690691 0.732487
0.0710711 0.731225
0.0730731 0.729928
0.0750751 0.728594
0.0770771 0.727224
0.0790791 0.725818
0.0810811 0.724375
0.0830831 0.722897
0.0850851 0.721383
0.0870871 0.719833
0.0890891 0.718247
0.0910911 0.716624
0.0930931 0.714966
0.0950951 0.713272
0.0970971 0.711541
0.0990991 0.709775
0.101101 0.707972
0.103103 0.706134
0.105105 0.704259
0.107107 0.702348
0.109109 0.700402
0.111111 0.698419
0.113113 0.6964
0.115115 0.694345
0.117117 0.692255
0.119119 0.690128
0.121121 0.687965
0.123123 0.685766
0.125125 0.683531
0.127127 0.68126
0.129129 0.678953
0.131131 0.67661
0.133133 0.674231
0.135135 0.671815
0.137137 0.669364
0.139139 0.666877
0.141141 0.664354
0.143143 0.661794
0.145145 0.659199
0.147147 0.656568
0.149149 0.653903
0.151151 0.651203
0.153153 0.648469
0.155155 0.645702
0.157157 0.642901
0.159159 0.640069
0.161161 0.637205
0.163163 0.634309
0.165165 0.631383
0.167167 0.628426
0.169169 0.62544
0.171171 0.622424
0.173173 0.61938
0.175175 0.616307
0.177177 0.613207
0.179179 0.610079
0.181181 0.606925
0.183183 0.603745
0.185185 0.600539
0.187187 0.597309
0.189189 0.594053
0.191191 0.590774
0.193193 0.58747
0.195195 0.584144
0.197197 0.580796
0.199199 0.577425
0.201201 0.574033
0.203203 0.57062
0.205205 0.567187
0.207207 0.563733
0.209209 0.560261
0.211211 0.556769
0.213213 0.553259
0.215215 0.549731
0.217217 0.546186
0.219219 0.542624
0.221221 0.539046
0.223223 0.535452
0.225225 0.531842
0.227227 0.528218
0.229229 0.52458
0.231231 0.520928
0.233233 0.517263
0.235235 0.513585
0.237237 0.509895
0.239239 0.506193
0.241241 0.502481
0.243243 0.498757
0.245245 0.495024
0.247247 0.491281
0.249249 0.487529
0.251251 0.483768
0.253253 0.48
0.255255 0.476224
0.257257 0.47244
0.259259 0.468651
0.261261 0.464855
0.263263 0.461055
0.265265 0.457249
0.267267 0.453439
0.269269 0.449624
0.271271 0.445807
0.273273 0.441987
0.275275 0.438164
0.277277 0.43434
0.279279 0.430514
0.281281 0.426688
0.283283 0.422861
0.285285 0.419035
0.287287 0.415209
0.289289 0.411385
0.291291 0.407562
0.293293 0.403742
0.295295 0.399925
0.297297 0.396111
0.299299 0.392301
0.301301 0.388495
0.303303 0.384694
0.305305 0.380899
0.307307 0.37711
0.309309 0.373327
0.311311 0.369551
0.313313 0.365783
0.315315 0.362022
0.317317 0.358271
0.319319 0.354528
0.321321 0.350795
0.323323 0.347072
0.325325 0.34336
0.327327 0.339658
0.329329 0.335969
0.331331 0.332291
0.333333 0.328627
0.335335 0.324975
0.337337 0.321337
0.339339 0.317714
0.341341 0.314105
0.343343 0.310511
0.345345 0.306934
0.347347 0.303372
0.349349 0.299828
0.351351 0.296301
0.353353 0.292791
0.355355 0.2893
0.357357 0.285828
0.359359 0.282376
0.361361 0.278943
0.363363 0.275531
0.365365 0.272139
0.367367 0.26877
0.369369 0.265422
0.371371 0.262096
0.373373 0.258794
0.375375 0.255516
0.377377 0.252261
0.379379 0.249031
0.381381 0.245826
0.383383 0.242647
0.385385 0.239494
0.387387 0.236367
0.389389 0.233268
0.391391 0.230196
0.393393 0.227153
0.395395 0.224138
0.397397 0.221153
0.399399 0.218198
0.401401 0.215272
0.403403 0.212378
0.405405 0.209515
0.407407 0.206683
0.409409 0.203884
0.411411 0.201118
0.413413 0.198385
0.415415 0.195687
0.417417 0.193022
0.419419 0.190393
0.421421 0.187799
0.423423 0.185241
0.425425 0.182719
0.427427 0.180235
0.429429 0.177788
0.431431 0.175379
0.433433 0.173007
0.435435 0.170672
0.437437 0.168374
0.439439 0.166113
0.441441 0.163888
0.443443 0.161699
0.445445 0.159545
0.447447 0.157427
0.449449 0.155344
0.451451 0.153295
0.453453 0.151281
0.455455 0.149301
0.457457 0.147355
0.459459 0.145443
0.461461 0.143564
0.463463 0.141718
0.465465 0.139905
0.467467 0.138124
0.469469 0.136375
0.471471 0.134658
0.473473 0.132973
0.475475 0.131318
0.477477 0.129695
0.479479 0.128102
0.481481 0.12654
0.483483 0.125008
0.485485 0.123505
0.487487 0.122032
0.489489 0.120588
0.491491 0.119173
0.493493 0.117787
0.495495 0.116429
0.497497 0.115099
0.499499 0.113796
0.501502 0.112521
0.503504 0.111273
0.505506 0.110052
0.507508 0.108858
0.50951 0.107689
0.511512 0.106547
0.513514 0.10543
0.515516 0.104339
0.517518 0.103272
0.51952 0.102231
0.521522 0.101214
0.523524 0.100221
0.525526 0.0992516
0.527528 0.0983061
0.52953 0.0973839
0.531532 0.0964846
0.533534 0.095608
0.535536 0.0947539
0.537538 0.0939218
0.53954 0.0931116
0.541542 0.0923229
0.543544 0.0915554
0.545546 0.0908089
0.547548 0.0900829
0.54955 0.0893774
0.551552 0.0886918
0.553554 0.0880261
0.555556 0.0873798
0.557558 0.0867526
0.55956 0.0861444
0.561562 0.0855547
0.563564 0.0849832
0.565566 0.0844298
0.567568 0.0838941
0.56957 0.0833758
0.571572 0.0828746
0.573574 0.0823902
0.575576 0.0819223
0.577578 0.0814706
0.57958 0.0810349
0.581582 0.0806148
0.583584 0.08021
0.585586 0.0798203
0.587588 0.0794453
0.58959 0.0790848
0.591592 0.0787385
0.593594 0.078406
0.595596 0.0780872
0.597598 0.0777815
0.5996 0.0774889
0.601602 0.077209
0.603604 0.0769415
0.605606 0.076686
0.607608 0.0764424
0.60961 0.0762103
0.611612 0.0759895
0.613614 0.0757795
0.615616 0.0755802
0.617618 0.0753912
0.61962 0.0752123
0.621622 0.0750431
0.623624 0.0748834
0.625626 0.0747328
0.627628 0.0745911
0.62963 0.074458
0.631632 0.0743332
0.633634 0.0742163
0.635636 0.0741071
0.637638 0.0740054
0.63964 0.0739107
0.641642 0.0738229
0.643644 0.0737415
0.645646 0.0736664
0.647648 0.0735972
0.64965 0.0735336
0.651652 0.0734754
0.653654 0.0734222
0.655656 0.0733738
0.657658 0.0733298
0.65966 0.07329
0.661662 0.073254
0.663664 0.0732216
0.665666 0.0731925
0.667668 0.0731664
0.66967 0.0731429
0.671672 0.0731219
0.673674 0.073103
0.675676 0.0730858
0.677678 0.0730702
0.67968 0.0730558
0.681682 0.0730423
0.683684 0.0730295
0.685686 0.0730169
0.687688 0.0730045
0.68969 0.0729917
0.691692 0.0729785
0.693694 0.0729643
0.695696 0.0729491
0.697698 0.0729324
0.6997 0.072914
0.701702 0.0728936
0.703704 0.0728708
0.705706 0.0728455
0.707708 0.0728172
0.70971 0.0727858
0.711712 0.0727508
0.713714 0.0727121
0.715716 0.0726693
0.717718 0.0726224
0.71972 0.0725714
0.721722 0.0725162
0.723724 0.0724571
0.725726 0.0723939
0.727728 0.0723267
0.72973 0.0722555
0.731732 0.0721804
0.733734 0.0721014
0.735736 0.0720185
0.737738 0.0719318
0.73974 0.0718412
0.741742 0.0717469
0.743744 0.0716488
0.745746 0.0715469
0.747748 0.0714414
0.74975 0.0713322
0.751752 0.0712193
0.753754 0.0711028
0.755756 0.0709827
0.757758 0.0708591
0.75976 0.0707319
0.761762 0.0706013
0.763764 0.0704671
0.765766 0.0703296
0.767768 0.0701886
0.76977 0.0700442
0.771772 0.0698965
0.773774 0.0697454
0.775776 0.0695911
0.777778 0.0694335
0.77978 0.0692726
0.781782 0.0691086
0.783784 0.0689413
0.785786 0.0687709
0.787788 0.0685974
0.78979 0.0684208
0.791792 0.0682412
0.793794 0.0680585
0.795796 0.0678728
0.797798 0.0676841
0.7998 0.0674925
0.801802 0.0672979
0.803804 0.0671005
0.805806 0.0669002
0.807808 0.0666971
0.80981 0.0664912
0.811812 0.0662825
0.813814 0.0660711
0.815816 0.065857
0.817818 0.0656401
0.81982 0.0654207
0.821822 0.0651986
0.823824 0.0649739
0.825826 0.0647466
0.827828 0.0645168
0.82983 0.0642845
0.831832 0.0640497
0.833834 0.0638125
0.835836 0.0635728
0.837838 0.0633307
0.83984 0.0630863
0.841842 0.0628396
0.843844 0.0625905
0.845846 0.0623392
0.847848 0.0620856
0.84985 0.0618298
0.851852 0.0615719
0.853854 0.0613117
0.855856 0.0610495
0.857858 0.0607851
0.85986 0.0605187
0.861862 0.0602502
0.863864 0.0599797
0.865866 0.0597072
0.867868 0.0594328
0.86987 0.0591564
0.871872 0.0588782
0.873874 0.0585981
0.875876 0.0583161
0.877878 0.0580324
0.87988 0.0577468
0.881882 0.0574595
0.883884 0.0571705
0.885886 0.0568798
0.887888 0.0565875
0.88989 0.0562935
0.891892 0.0559978
0.893894 0.0557007
0.895896 0.0554019
0.897898 0.0551017
0.8999 0.0548
0.901902 0.0544968
0.903904 0.0541922
0.905906 0.0538862
0.907908 0.0535788
0.90991 0.05327
0.911912 0.05296
0.913914 0.0526487
0.915916 0.0523361
0.917918 0.0520223
0.91992 0.0517073
0.921922 0.0513911
0.923924 0.0510738
0.925926 0.0507554
0.927928 0.0504359
0.92993 0.0501154
0.931932 0.0497938
0.933934 0.0494713
0.935936 0.0491477
0.937938 0.0488233
0.93994 0.0484979
0.941942 0.0481717
0.943944 0.0478446
0.945946 0.0475167
0.947948 0.0471881
0.94995 0.0468586
0.951952 0.0465285
0.953954 0.0461976
0.955956 0.0458661
0.957958 0.0455339
0.95996 0.0452011
0.961962 0.0448677
0.963964 0.0445338
0.965966 0.0441993
0.967968 0.0438644
0.96997 0.043529
0.971972 0.0431931
0.973974 0.0428568
0.975976 0.0425202
0.977978 0.0421832
0.97998 0.0418459
0.981982 0.0415083
0.983984 0.0411704
0.985986 0.0408323
0.987988 0.040494
0.98999 0.0401555
0.991992 0.0398169
0.993994 0.0394782
0.995996 0.0391393
0.997998 0.0388005
1 0.0384615
