1 0 
0.996669 -0.665926 
0.986696 -1.32741 
0.97015 -1.98006 
0.947139 -2.6195 
0.917818 -3.24149 
0.882382 -3.84188 
0.841067 -4.41667 
0.794148 -4.96204 
0.741938 -5.47434 
0.684784 -5.95017 
0.623068 -6.38636 
0.557201 -6.77999 
0.487621 -7.12845 
0.414792 -7.42942 
0.3392 -7.68088 
0.261347 -7.88117 
0.181754 -8.02895 
0.100949 -8.12324 
0.0194717 -8.1634 
-0.0621352 -8.14917 
-0.143328 -8.08064 
-0.223566 -7.95828 
-0.302314 -7.78289 
-0.379048 -7.55564 
-0.453257 -7.27805 
-0.524445 -6.95198 
-0.59214 -6.57958 
-0.655889 -6.16334 
-0.715267 -5.70604 
-0.769881 -5.21073 
-0.819364 -4.68069 
-0.863389 -4.11947 
-0.901661 -3.5308 
-0.933925 -2.91861 
-0.959967 -2.28697 
-0.979613 -1.64009 
-0.992731 -0.982288 
-0.999236 -0.31794 
-0.999083 0.348526 
-0.992273 1.01267 
-0.978852 1.67007 
-0.958909 2.31634 
-0.932577 2.94717 
-0.900032 3.55837 
-0.861489 4.14586 
-0.817207 4.70573 
-0.767481 5.23424 
-0.71264 5.72788 
-0.653052 6.18336 
-0.589112 6.59764 
-0.521247 6.96795 
-0.44991 7.29185 
-0.375575 7.56716 
-0.298737 7.79205 
-0.219909 7.96502 
-0.139616 8.08493 
-0.0583925 8.15096 
0.0232198 8.16269 
0.104677 8.12004 
0.185438 8.02328 
0.264962 7.87306 
0.342721 7.67039 
0.418197 7.41661 
0.490887 7.11342 
0.560305 6.76283 
0.625991 6.36718 
0.687505 5.92911 
0.744439 5.45154 
0.796413 4.93764 
0.843081 4.39085 
0.884131 3.8148 
0.91929 3.21334 
0.948325 2.59046 
0.971041 1.95033 
0.987287 1.2972 
0.996955 0.635424 
0.999981 -0.0305813 
0.996344 -0.696383 
0.986069 -1.35754 
0.969224 -2.00966 
0.945921 -2.64839 
0.916315 -3.26947 
0.880605 -3.86876 
0.839027 -4.44228 
0.791859 -4.9862 
0.739415 -5.4969 
0.682044 -5.97098 
0.620129 -6.40527 
0.554083 -6.79688 
0.484345 -7.14321 
0.411379 -7.44195 
0.335673 -7.6911 
0.25773 -7.88901 
0.178071 -8.03435 
0.0972243 -8.12616 
0.0157303 -8.16383 
-0.0658685 -8.14711 
-0.147028 -8.07611 
-0.227209 -7.95129 
-0.305875 -7.7735 
-0.382504 -7.54391 
-0.456583 -7.26407 
-0.527621 -6.93582 
-0.595143 -6.56136 
-0.6587 -6.14319 
-0.717869 -5.68408 
-0.772254 -5.1871 
-0.821494 -4.65557 
-0.86526 -4.09301 
-0.903261 -3.50319 
-0.935245 -2.89002 
-0.960996 -2.2576 
-0.980345 -1.61013 
-0.993162 -0.95194 
-0.999362 -0.287406 
-0.998904 0.379043 
-0.99179 1.04297 
-0.978068 1.69994 
-0.957829 2.34559 
-0.931208 2.97561 
-0.898383 3.5858 
-0.859573 4.1721 
-0.815035 4.7306 
-0.765067 5.25759 
-0.710002 5.74954 
-0.650205 6.20319 
-0.586077 6.61551 
-0.518044 6.98374 
-0.446559 7.30545 
-0.3721 7.57848 
-0.29516 7.80102 
-0.216255 7.97159 
-0.135908 8.08904 
-0.0546561 8.15259 
0.0269601 8.16183 
0.108397 8.11668 
0.189111 8.01746 
0.268565 7.86481 
0.34623 7.65977 
0.421588 7.40369 
0.494137 7.09828 
0.563394 6.74558 
0.628896 6.34794 
0.690209 5.908 
0.746923 5.42869 
0.79866 4.91322 
0.845077 4.36501 
0.885862 3.78772 
0.920745 3.18519 
0.949494 2.56144 
0.971916 1.92062 
0.987863 1.26701 
0.997227 0.604953 
0.999948 -0.0611315 
0.996006 -0.726809 
0.985428 -1.38764 
0.968284 -2.03923 
0.944689 -2.67723 
0.914799 -3.2974 
0.878815 -3.89559 
0.836975 -4.46783 
0.789558 -5.0103 
0.736881 -5.51939 
0.679295 -5.9917 
0.617182 -6.42409 
0.550957 -6.81368 
0.481062 -7.15787 
0.407961 -7.45437 
0.332142 -7.70121 
0.25411 -7.89673 
0.174385 -8.03964 
0.0934984 -8.12898 
0.0119887 -8.16416 
-0.0696008 -8.14494 
-0.150727 -8.07146 
-0.230848 -7.9442 
-0.309432 -7.764 
-0.385953 -7.53208 
-0.459903 -7.24998 
-0.530789 -6.91957 
-0.598139 -6.54305 
-0.661503 -6.12294 
-0.72046 -5.66204 
-0.774616 -5.16341 
-0.823611 -4.63038 
-0.867119 -4.0665 
-0.904849 -3.47552 
-0.936551 -2.86139 
-0.962012 -2.22819 
-0.981064 -1.58015 
-0.993579 -0.921579 
-0.999475 -0.256869 
-0.998711 0.409553 
-0.991293 1.07325 
-0.97727 1.72979 
-0.956735 2.3748 
-0.929827 3.004 
-0.896723 3.61318 
-0.857644 4.19828 
-0.812852 4.75541 
-0.762643 5.28086 
-0.707353 5.77112 
-0.64735 6.22293 
-0.583034 6.63328 
-0.514834 6.99944 
-0.443203 7.31895 
-0.368619 7.58971 
-0.29158 7.80989 
-0.212597 7.97804 
-0.132199 8.09303 
-0.0509189 8.1541 
0.0306999 8.16084 
0.112114 8.11321 
0.192781 8.01152 
0.272164 7.85646 
0.349734 7.64904 
0.424973 7.39067 
0.49738 7.08305 
0.566474 6.72824 
0.631793 6.3286 
0.692903 5.88679 
0.749397 5.40577 
0.800897 4.88872 
0.847061 4.33911 
0.887581 3.76058 
0.922187 3.157 
0.950649 2.53238 
0.972777 1.89089 
0.988424 1.2368 
0.997485 0.574475 
0.9999 -0.0916801 
0.995654 -0.757224 
0.984773 -1.41772 
0.967331 -2.06878 
0.943444 -2.70604 
0.91327 -3.32528 
0.877012 -3.92237 
0.834911 -4.49331 
0.787247 -5.03433 
0.734338 -5.54179 
0.676536 -6.01234 
0.614226 -6.44282 
0.547824 -6.83038 
0.477772 -7.17243 
0.404537 -7.46669 
0.328606 -7.7112 
0.250486 -7.90434 
0.170698 -8.04481 
0.0897714 -8.13168 
0.00824711 -8.16437 
-0.0733321 -8.14266 
-0.154423 -8.0667 
-0.234484 -7.93699 
-0.312984 -7.7544 
-0.389398 -7.52015 
-0.463217 -7.23579 
-0.53395 -6.90322 
-0.601126 -6.52465 
-0.664296 -6.10262 
-0.72304 -5.63992 
-0.776967 -5.13965 
-0.825717 -4.60513 
-0.868966 -4.03993 
-0.906425 -3.44781 
-0.937844 -2.83272 
-0.963015 -2.19876 
-0.981769 -1.55015 
-0.993983 -0.891206 
-0.999573 -0.226328 
-0.998504 0.440057 
-0.990782 1.10351 
-0.976458 1.75961 
-0.955629 2.40399 
-0.928432 3.03235 
-0.89505 3.6405 
-0.855704 4.2244 
-0.810657 4.78016 
-0.760208 5.30406 
-0.704695 5.79262 
-0.644486 6.24259 
-0.579983 6.65097 
-0.511616 7.01503 
-0.43984 7.33235 
-0.365134 7.60082 
-0.287995 7.81865 
-0.208937 7.98438 
-0.128487 8.09691 
-0.0471811 8.1555 
0.0344392 8.15975 
0.11583 8.10963 
0.196449 8.00548 
0.275759 7.84799 
0.353232 7.63821 
0.428351 7.37754 
0.500617 7.06772 
0.569546 6.7108 
0.634681 6.30918 
0.695588 5.86551 
0.751859 5.38277 
0.803122 4.86416 
0.849033 4.31314 
0.889287 3.73339 
0.923616 3.12876 
0.951791 2.50329 
0.973625 1.86113 
0.988972 1.20658 
0.997729 0.54399 
0.999839 -0.122227 
0.995287 -0.787628 
0.984104 -1.44778 
0.966364 -2.09829 
0.942185 -2.73482 
0.911729 -3.35312 
0.875198 -3.94908 
0.832836 -4.51874 
0.784925 -5.05828 
0.731784 -5.56412 
0.673767 -6.03289 
0.611262 -6.46147 
0.544683 -6.84699 
0.474476 -7.18689 
0.401107 -7.47891 
0.325066 -7.72109 
0.246859 -7.91184 
0.167008 -8.04987 
0.0860431 -8.13426 
0.00450547 -8.16446 
-0.0770622 -8.14026 
-0.158116 -8.06182 
-0.238117 -7.92967 
-0.316531 -7.74469 
-0.392836 -7.5081 
-0.466524 -7.22149 
-0.537103 -6.88677 
-0.604104 -6.50616 
-0.66708 -6.0822 
-0.725611 -5.61772 
-0.779308 -5.11581 
-0.827812 -4.57981 
-0.8708 -4.0133 
-0.907987 -3.42005 
-0.939124 -2.80401 
-0.964004 -2.16929 
-0.982461 -1.52012 
-0.994372 -0.860822 
-0.999658 -0.195786 
-0.998283 0.470554 
-0.990257 1.13376 
-0.975633 1.78941 
-0.954509 2.43314 
-0.927025 3.06065 
-0.893364 3.66778 
-0.853751 4.25046 
-0.80845 4.80483 
-0.757763 5.32718 
-0.702026 5.81404 
-0.641613 6.26216 
-0.576924 6.66856 
-0.508391 7.03053 
-0.436472 7.34565 
-0.361644 7.61183 
-0.284406 7.82729 
-0.205274 7.99061 
-0.124774 8.10068 
-0.0434428 8.15678 
0.0381779 8.15854 
0.119544 8.10594 
0.200114 7.99932 
0.27935 7.83941 
0.356726 7.62727 
0.431724 7.36431 
0.503846 7.05229 
0.572611 6.69327 
0.63756 6.28966 
0.698262 5.84415 
0.754312 5.35969 
0.805335 4.83953 
0.850993 4.28712 
0.890981 3.70615 
0.925032 3.10048 
0.95292 2.47416 
0.974459 1.83135 
0.989506 1.17634 
0.997959 0.513497 
0.999764 -0.152771 
0.994907 -0.81802 
0.983422 -1.47782 
0.965384 -2.12777 
0.940914 -2.76355 
0.910175 -3.38091 
0.873371 -3.97575 
0.830749 -4.54409 
0.782592 -5.08216 
0.72922 -5.58637 
0.67099 -6.05336 
0.608289 -6.48002 
0.541535 -6.8635 
0.471173 -7.20125 
0.397672 -7.49102 
0.321522 -7.73088 
0.243229 -7.91923 
0.163315 -8.05481 
0.0823138 -8.13673 
0.000763851 -8.16444 
-0.0807911 -8.13775 
-0.161808 -8.05684 
-0.241746 -7.92224 
-0.320074 -7.73487 
-0.396269 -7.49596 
-0.469824 -7.2071 
-0.540249 -6.87023 
-0.607074 -6.48758 
-0.669854 -6.06171 
-0.728171 -5.59544 
-0.781637 -5.0919 
-0.829895 -4.55443 
-0.872623 -3.98662 
-0.909537 -3.39224 
-0.940391 -2.77527 
-0.964979 -2.1398 
-0.983139 -1.49008 
-0.994747 -0.830425 
-0.999728 -0.165241 
-0.998048 0.501044 
-0.989718 1.16399 
-0.974794 1.81918 
-0.953375 2.46225 
-0.925604 3.08892 
-0.891666 3.695 
-0.851787 4.27646 
-0.806233 4.82944 
-0.755307 5.35023 
-0.699348 5.83538 
-0.63873 6.28164 
-0.573857 6.68606 
-0.50516 7.04592 
-0.433097 7.35884 
-0.358149 7.62273 
-0.280814 7.83583 
-0.201608 7.99673 
-0.121059 8.10434 
-0.039704 8.15795 
0.041916 8.15721 
0.123257 8.10213 
0.203776 7.99306 
0.282938 7.83073 
0.360214 7.61623 
0.435091 7.35098 
0.507068 7.03676 
0.575667 6.67565 
0.640431 6.27006 
0.700927 5.8227 
0.756753 5.33654 
0.807537 4.81483 
0.852941 4.26104 
0.892662 3.67886 
0.926435 3.07216 
0.954036 2.445 
0.97528 1.80155 
0.990026 1.14609 
0.998175 0.482998 
0.999675 -0.183312 
0.994513 -0.8484 
0.982725 -1.50784 
0.96439 -2.15722 
0.939629 -2.79224 
0.908608 -3.40865 
0.871533 -4.00235 
0.828651 -4.56939 
0.780247 -5.10597 
0.726646 -5.60854 
0.668203 -6.07374 
0.605308 -6.49847 
0.538379 -6.87991 
0.467864 -7.2155 
0.394232 -7.50302 
0.317973 -7.74055 
0.239595 -7.92651 
0.159621 -8.05965 
0.0785834 -8.13909 
-0.00297768 -8.16431 
-0.0845189 -8.13512 
-0.165497 -8.05174 
-0.245372 -7.91471 
-0.323613 -7.72494 
-0.399697 -7.48371 
-0.473118 -7.19261 
-0.543387 -6.85359 
-0.610035 -6.46891 
-0.672619 -6.04112 
-0.730722 -5.57309 
-0.783955 -5.06792 
-0.831966 -4.52899 
-0.874433 -3.95988 
-0.911074 -3.36439 
-0.941645 -2.74648 
-0.965941 -2.11028 
-0.983802 -1.46001 
-0.995108 -0.800019 
-0.999784 -0.134695 
-0.997799 0.531526 
-0.989166 1.19421 
-0.973941 1.84893 
-0.952228 2.49133 
-0.924171 3.11714 
-0.889956 3.72217 
-0.849811 4.30241 
-0.804004 4.85397 
-0.75284 5.3732 
-0.696661 5.85663 
-0.635839 6.30104 
-0.570782 6.70346 
-0.501921 7.06122 
-0.429716 7.37193 
-0.354648 7.63353 
-0.277218 7.84426 
-0.19794 8.00273 
-0.117343 8.10788 
-0.0359647 8.15901 
0.0456534 8.15578 
0.126967 8.0982 
0.207435 7.98668 
0.286521 7.82193 
0.363697 7.60508 
0.438451 7.33755 
0.510283 7.02113 
0.578715 6.65793 
0.643292 6.25038 
0.703582 5.80118 
0.759184 5.31332 
0.809728 4.79007 
0.854877 4.2349 
0.894331 3.65151 
0.927825 3.0438 
0.955138 2.41581 
0.976087 1.77172 
0.990532 1.11582 
0.998377 0.452493 
0.999571 -0.21385 
0.994105 -0.878768 
0.982015 -1.53783 
0.963383 -2.18665 
0.938331 -2.82089 
0.907028 -3.43635 
0.869682 -4.0289 
0.826541 -4.59461 
0.777892 -5.12971 
0.724062 -5.63063 
0.665406 -6.09404 
0.602318 -6.51684 
0.535216 -6.89622 
0.464548 -7.22966 
0.390786 -7.51492 
0.314419 -7.75012 
0.235958 -7.93367 
0.155924 -8.06437 
0.0748519 -8.14133 
-0.00671908 -8.16406 
-0.0882453 -8.13238 
-0.169184 -8.04653 
-0.248995 -7.90706 
-0.327147 -7.7149 
-0.403119 -7.47135 
-0.476405 -7.17802 
-0.546517 -6.83686 
-0.612988 -6.45014 
-0.675375 -6.02046 
-0.733261 -5.55066 
-0.786263 -5.04387 
-0.834025 -4.50349 
-0.876231 -3.93309 
-0.912598 -3.33649 
-0.942885 -2.71766 
-0.96689 -2.08073 
-0.984452 -1.42993 
-0.995456 -0.769601 
-0.999827 -0.104147 
-0.997536 0.562 
-0.988599 1.2244 
-0.973075 1.87865 
-0.951068 2.52038 
-0.922724 3.14531 
-0.888233 3.74929 
-0.847823 4.32829 
-0.801764 4.87844 
-0.750363 5.3961 
-0.693963 5.8778 
-0.63294 6.32034 
-0.567699 6.72077 
-0.498675 7.07642 
-0.42633 7.38492 
-0.351143 7.64421 
-0.273617 7.85258 
-0.194268 8.00862 
-0.113625 8.11131 
-0.0322249 8.15995 
0.04939 8.15422 
0.130676 8.09417 
0.211091 7.98018 
0.2901 7.81303 
0.367176 7.59382 
0.441805 7.32401 
0.513491 7.0054 
0.581755 6.64012 
0.646143 6.2306 
0.706227 5.77957 
0.761604 5.29003 
0.811908 4.76524 
0.856802 4.2087 
0.895987 3.62412 
0.929202 3.01539 
0.956226 2.38658 
0.97688 1.74186 
0.991024 1.08554 
0.998566 0.421983 
0.999454 -0.244384 
0.993683 -0.909122 
0.981292 -1.5678 
0.962362 -2.21604 
0.93702 -2.84951 
0.905436 -3.46399 
0.867818 -4.05539 
0.824419 -4.61978 
0.775527 -5.15338 
0.721467 -5.65265 
0.662601 -6.11425 
0.59932 -6.53512 
0.532045 -6.91244 
0.461226 -7.24371 
0.387334 -7.52672 
0.310861 -7.75957 
0.232317 -7.94073 
0.152226 -8.06898 
0.0711196 -8.14346 
-0.0104603 -8.16369 
-0.0919704 -8.12953 
-0.172868 -8.0412 
-0.252613 -7.8993 
-0.330676 -7.70476 
-0.406535 -7.45889 
-0.479685 -7.16332 
-0.54964 -6.82003 
-0.615932 -6.43129 
-0.678121 -5.99971 
-0.735791 -5.52815 
-0.788559 -5.01976 
-0.836073 -4.47792 
-0.878016 -3.90625 
-0.914109 -3.30855 
-0.944112 -2.6888 
-0.967825 -2.05115 
-0.985089 -1.39982 
-0.995789 -0.739174 
-0.999855 -0.0735993 
-0.997259 0.592465 
-0.988019 1.25458 
-0.972196 1.90834 
-0.949895 2.54938 
-0.921265 3.17344 
-0.886497 3.77635 
-0.845823 4.3541 
-0.799513 4.90284 
-0.747876 5.41892 
-0.691256 5.89889 
-0.630031 6.33955 
-0.564608 6.73798 
-0.495423 7.09152 
-0.422937 7.3978 
-0.347633 7.65479 
-0.270013 7.86079 
-0.190595 8.0144 
-0.109906 8.11462 
-0.0284848 8.16078 
0.0531259 8.15256 
0.134383 8.09002 
0.214744 7.97358 
0.293675 7.80401 
0.370649 7.58245 
0.445153 7.31037 
0.516691 6.98958 
0.584787 6.62222 
0.648986 6.21074 
0.708862 5.75788 
0.764014 5.26666 
0.814076 4.74034 
0.858714 4.18244 
0.89763 3.59668 
0.930566 2.98695 
0.957302 2.35732 
0.977659 1.71198 
0.991502 1.05524 
0.99874 0.391467 
0.999323 -0.274914 
0.993247 -0.939463 
0.980554 -1.59775 
0.961328 -2.2454 
0.935697 -2.87808 
0.903831 -3.49159 
0.865943 -4.08183 
0.822286 -4.64487 
0.77315 -5.17697 
0.718863 -5.67458 
0.659786 -6.13438 
0.596313 -6.5533 
0.528867 -6.92856 
0.457898 -7.25766 
0.383877 -7.5384 
0.307299 -7.76892 
0.228674 -7.94767 
0.148525 -8.07347 
0.0673863 -8.14548 
-0.0142013 -8.16322 
-0.0956942 -8.12656 
-0.176549 -8.03577 
-0.256228 -7.89143 
-0.3342 -7.69451 
-0.409945 -7.44633 
-0.482959 -7.14853 
-0.552755 -6.8031 
-0.618868 -6.41235 
-0.680857 -5.97887 
-0.73831 -5.50556 
-0.790844 -4.99557 
-0.838109 -4.45229 
-0.879789 -3.87935 
-0.915608 -3.28056 
-0.945326 -2.65991 
-0.968746 -2.02154 
-0.985711 -1.3697 
-0.996109 -0.708737 
-0.99987 -0.043051 
-0.996969 0.622922 
-0.987425 1.28474 
-0.971302 1.93801 
-0.948708 2.57835 
-0.919793 3.20152 
-0.88475 3.80336 
-0.843811 4.37986 
-0.797251 4.92718 
-0.745378 5.44166 
-0.68854 5.91989 
-0.627114 6.35868 
-0.561509 6.7551 
-0.492163 7.10651 
-0.419539 7.41058 
-0.344119 7.66527 
-0.266406 7.86888 
-0.186918 8.02007 
-0.106185 8.11782 
-0.0247445 8.16149 
0.056861 8.15078 
0.138088 8.08576 
0.218394 7.96687 
0.297245 7.79489 
0.374116 7.57098 
0.448494 7.29663 
0.519884 6.97366 
0.58781 6.60423 
0.65182 6.19079 
0.711487 5.73611 
0.766413 5.24321 
0.816233 4.71538 
0.860614 4.15613 
0.899261 3.56918 
0.931917 2.95846 
0.958363 2.32803 
0.978425 1.68208 
0.991967 1.02493 
0.9989 0.360947 
0.999177 -0.305439 
0.992798 -0.96979 
0.979803 -1.62768 
0.96028 -2.27472 
0.93436 -2.90661 
0.902213 -3.51913 
0.864056 -4.1082 
0.820141 -4.66991 
0.770763 -5.20049 
0.716248 -5.69643 
0.656962 -6.15441 
0.593299 -6.57139 
0.525682 -6.94459 
0.454563 -7.27151 
0.380415 -7.54999 
0.303733 -7.77816 
0.225027 -7.95451 
0.144822 -8.07785 
0.0636522 -8.14738 
-0.017942 -8.16262 
-0.0994165 -8.12348 
-0.180229 -8.03022 
-0.25984 -7.88345 
-0.33772 -7.68415 
-0.41335 -7.43366 
-0.486226 -7.13364 
-0.555862 -6.78608 
-0.621794 -6.39332 
-0.683584 -5.95796 
-0.740819 -5.4829 
-0.793118 -4.97131 
-0.840133 -4.4266 
-0.88155 -3.85239 
-0.917094 -3.25252 
-0.946527 -2.63098 
-0.969654 -1.9919 
-0.98632 -1.33956 
-0.996414 -0.678291 
-0.99987 -0.0125028 
-0.996664 0.653368 
-0.986817 1.31489 
-0.970395 1.96764 
-0.947508 2.60729 
-0.918308 3.22956 
-0.882989 3.83032 
-0.841788 4.40556 
-0.794977 4.95144 
-0.74287 5.46433 
-0.685814 5.94081 
-0.624187 6.37772 
-0.558403 6.77213 
-0.488897 7.12141 
-0.416135 7.42325 
-0.340599 7.67563 
-0.262795 7.87687 
-0.183239 8.02563 
-0.102463 8.12091 
-0.0210038 8.16209 
0.0605951 8.14888 
0.14179 8.08138 
0.222041 7.96004 
0.300812 7.78566 
0.377579 7.55941 
0.45183 7.28279 
0.52307 6.95764 
0.590826 6.58614 
0.654644 6.17076 
0.714102 5.71426 
0.768801 5.2197 
0.818378 4.69035 
0.862502 4.12975 
0.900879 3.54164 
0.933255 2.92993 
0.959412 2.2987 
0.979177 1.65216 
0.992417 0.994602 
0.999046 0.330422 
0.999018 -0.335959 
0.992334 -1.0001 
0.979038 -1.65758 
0.959219 -2.30402 
0.933009 -2.9351 
0.900583 -3.54663 
0.862157 -4.13452 
0.817986 -4.69487 
0.768365 -5.22394 
0.713624 -5.7182 
0.654129 -6.17437 
0.590276 -6.58939 
0.522489 -6.96051 
0.451222 -7.28526 
0.376948 -7.56146 
0.300163 -7.78729 
0.221378 -7.96123 
0.141118 -8.08212 
0.0599172 -8.14917 
-0.0216823 -8.16192 
-0.103137 -8.12029 
-0.183905 -8.02455 
-0.263448 -7.87536 
-0.341235 -7.67368 
-0.416748 -7.42089 
-0.489485 -7.11864 
-0.558961 -6.76897 
-0.624712 -6.3742 
-0.686301 -5.93696 
-0.743317 -5.46016 
-0.795381 -4.94698 
-0.842145 -4.40084 
-0.883299 -3.82538 
-0.918567 -3.22444 
-0.947714 -2.60201 
-0.970548 -1.96224 
-0.986915 -1.3094 
-0.996706 -0.647836 
-0.999857 0.0180448 
-0.996345 0.683805 
-0.986195 1.34501 
-0.969475 1.99725 
-0.946295 2.63619 
-0.91681 3.25756 
-0.881217 3.85722 
-0.839752 4.43119 
-0.792693 4.97563 
-0.740352 5.48692 
-0.683078 5.96165 
-0.621253 6.39666 
-0.555288 6.78905 
-0.485624 7.13621 
-0.412725 7.43582 
-0.337075 7.68589 
-0.25918 7.88475 
-0.179558 8.03107 
-0.0987393 8.12389 
-0.017263 8.16257 
0.0643284 8.14687 
0.145491 8.0769 
0.225684 7.9531 
0.304374 7.77632 
0.381035 7.54772 
0.455158 7.26884 
0.526248 6.94153 
0.593832 6.56796 
0.65746 6.15064 
0.716706 5.69234 
0.771178 5.19611 
0.820511 4.66526 
0.864378 4.10332 
0.902485 3.51405 
0.934579 2.90136 
0.960447 2.26935 
0.979915 1.62221 
0.992854 0.964263 
0.999178 0.299893 
0.998845 -0.366474 
0.991856 -1.0304 
0.97826 -1.68746 
0.958145 -2.33328 
0.931646 -2.96355 
0.89894 -3.57407 
0.860245 -4.16078 
0.815818 -4.71977 
0.765956 -5.24732 
0.71099 -5.7399 
0.651287 -6.19423 
0.587244 -6.6073 
0.519289 -6.97634 
0.447875 -7.2989 
0.373476 -7.57283 
0.296588 -7.79631 
0.217725 -7.96784 
0.137411 -8.08628 
0.0561816 -8.15084 
-0.0254222 -8.1611 
-0.106857 -8.11698 
-0.187579 -8.01878 
-0.267052 -7.86715 
-0.344745 -7.66311 
-0.420141 -7.40801 
-0.492738 -7.10355 
-0.562052 -6.75176 
-0.627621 -6.35499 
-0.689009 -5.91588 
-0.745805 -5.43734 
-0.797633 -4.92259 
-0.844146 -4.37503 
-0.885035 -3.79832 
-0.920026 -3.19631 
-0.948888 -2.573 
-0.971428 -1.93255 
-0.987496 -1.27922 
-0.996984 -0.617373 
-0.999829 0.0485914 
-0.996013 0.714231 
-0.98556 1.37511 
-0.968541 2.02683 
-0.945069 2.66505 
-0.9153 3.2855 
-0.879432 3.88407 
-0.837706 4.45676 
-0.790397 4.99975 
-0.737823 5.50943 
-0.680333 5.98241 
-0.618309 6.41552 
-0.552166 6.80589 
-0.482345 7.15091 
-0.409309 7.44829 
-0.333546 7.69604 
-0.255562 7.89251 
-0.175874 8.0364 
-0.0950144 8.12675 
-0.013522 8.16294 
0.0680606 8.14475 
0.14919 8.07229 
0.229325 7.94605 
0.307932 7.76687 
0.384487 7.53594 
0.458481 7.2548 
0.529419 6.92532 
0.596831 6.5497 
0.660266 6.13044 
0.719301 5.67033 
0.773544 5.17245 
0.822633 4.6401 
0.866241 4.07683 
0.904078 3.48641 
0.935891 2.87275 
0.961468 2.23996 
0.980639 1.59224 
0.993277 0.933911 
0.999296 0.269361 
