1 0 
0.996669 -0.665926 
0.986696 -1.32741 
0.97015 -1.98006 
0.947139 -2.61951 
0.917818 -3.24151 
0.882381 -3.84191 
0.841065 -4.41671 
0.794145 -4.96209 
0.741933 -5.4744 
0.684778 -5.95023 
0.623061 -6.38642 
0.557192 -6.78006 
0.48761 -7.12852 
0.414779 -7.42949 
0.339185 -7.68095 
0.261331 -7.88123 
0.181736 -8.029 
0.100929 -8.12328 
0.0194503 -8.16343 
-0.0621582 -8.14918 
-0.143353 -8.08064 
-0.223592 -7.95826 
-0.302341 -7.78285 
-0.379076 -7.55559 
-0.453285 -7.27798 
-0.524474 -6.95188 
-0.592169 -6.57946 
-0.655917 -6.1632 
-0.715296 -5.70587 
-0.769908 -5.21053 
-0.819391 -4.68047 
-0.863414 -4.11922 
-0.901684 -3.53053 
-0.933946 -2.91831 
-0.959985 -2.28665 
-0.979628 -1.63975 
-0.992744 -0.981925 
-0.999245 -0.317559 
-0.999088 0.348923 
-0.992274 1.01308 
-0.978849 1.67049 
-0.958902 2.31676 
-0.932565 2.9476 
-0.900015 3.55881 
-0.861468 4.14629 
-0.817181 4.70616 
-0.76745 5.23466 
-0.712604 5.72829 
-0.653011 6.18375 
-0.589067 6.598 
-0.521198 6.9683 
-0.449856 7.29216 
-0.375516 7.56744 
-0.298675 7.7923 
-0.219843 7.96523 
-0.139547 8.0851 
-0.0583208 8.15109 
0.023294 8.16277 
0.104753 8.12007 
0.185515 8.02326 
0.265041 7.87299 
0.3428 7.67026 
0.418276 7.41643 
0.490964 7.11318 
0.560381 6.76254 
0.626065 6.36683 
0.687577 5.92871 
0.744508 5.45108 
0.796478 4.93714 
0.843141 4.39029 
0.884186 3.8142 
0.91934 3.21269 
0.948369 2.58977 
0.971078 1.9496 
0.987317 1.29644 
0.996978 0.634636 
0.999996 -0.0313933 
0.996351 -0.697213 
0.986067 -1.35839 
0.969214 -2.01051 
0.945902 -2.64924 
0.916288 -3.27031 
0.880568 -3.8696 
0.838982 -4.4431 
0.791805 -4.987 
0.739352 -5.49767 
0.681974 -5.97171 
0.620051 -6.40596 
0.553997 -6.79753 
0.484251 -7.1438 
0.411279 -7.44248 
0.335567 -7.69157 
0.257618 -7.88941 
0.177954 -8.03468 
0.0971032 -8.12642 
0.0156057 -8.16401 
-0.0659958 -8.1472 
-0.147158 -8.07611 
-0.227339 -7.95121 
-0.306005 -7.77333 
-0.382633 -7.54366 
-0.456711 -7.26372 
-0.527746 -6.93538 
-0.595265 -6.56084 
-0.658817 -6.14258 
-0.71798 -5.68339 
-0.772359 -5.18634 
-0.821592 -4.65472 
-0.86535 -4.0921 
-0.903343 -3.5022 
-0.935317 -2.88898 
-0.961059 -2.2565 
-0.980397 -1.60899 
-0.993203 -0.950753 
-0.999391 -0.286185 
-0.99892 0.380289 
-0.991794 1.04423 
-0.978059 1.70121 
-0.957807 2.34686 
-0.931174 2.97687 
-0.898336 3.58705 
-0.859512 4.17333 
-0.814962 4.73179 
-0.764982 5.25874 
-0.709904 5.75064 
-0.650097 6.20423 
-0.585957 6.61647 
-0.517914 6.98464 
-0.44642 7.30626 
-0.371951 7.5792 
-0.295004 7.80164 
-0.216091 7.9721 
-0.135739 8.08945 
-0.0544819 8.15289 
0.0271381 8.16201 
0.108577 8.11675 
0.189293 8.0174 
0.268747 7.86464 
0.346411 7.65947 
0.421767 7.40327 
0.494312 7.09774 
0.563564 6.74492 
0.629061 6.34715 
0.690366 5.9071 
0.747072 5.42769 
0.7988 4.91211 
0.845205 4.3638 
0.885979 3.78642 
0.92085 3.18381 
0.949585 2.55998 
0.971993 1.9191 
0.987924 1.26543 
0.997273 0.603332 
0.999978 -0.0627893 
0.996019 -0.728492 
0.985424 -1.38934 
0.968263 -2.04093 
0.944651 -2.67893 
0.914744 -3.29907 
0.878743 -3.89723 
0.836886 -4.46943 
0.789453 -5.01184 
0.736761 -5.52086 
0.679159 -5.9931 
0.617032 -6.4254 
0.550793 -6.8149 
0.480885 -7.15898 
0.407773 -7.45537 
0.331943 -7.70208 
0.253902 -7.89747 
0.174169 -8.04024 
0.0932757 -8.12943 
0.0117608 -8.16447 
-0.0698324 -8.1451 
-0.15096 -8.07146 
-0.231083 -7.94404 
-0.309665 -7.76369 
-0.386184 -7.53162 
-0.46013 -7.24935 
-0.53101 -6.91879 
-0.598352 -6.54213 
-0.661708 -6.12187 
-0.720654 -5.66083 
-0.774799 -5.16207 
-0.823781 -4.62891 
-0.867274 -4.06491 
-0.904989 -3.47383 
-0.936674 -2.8596 
-0.962118 -2.22632 
-0.981151 -1.5782 
-0.993647 -0.919567 
-0.999522 -0.254807 
-0.998737 0.41165 
-0.991298 1.07537 
-0.977254 1.73191 
-0.956698 2.37692 
-0.929768 3.0061 
-0.896643 3.61524 
-0.857544 4.2003 
-0.812731 4.75736 
-0.762502 5.28273 
-0.707193 5.77291 
-0.647172 6.22461 
-0.582839 6.63484 
-0.514623 7.00087 
-0.442977 7.32025 
-0.36838 7.59085 
-0.291329 7.81088 
-0.212336 7.97886 
-0.131929 8.09368 
-0.0506421 8.15457 
0.0309818 8.16113 
0.112399 8.11331 
0.193068 8.01143 
0.27245 7.85617 
0.350017 7.64857 
0.425252 7.39 
0.497653 7.08219 
0.566738 6.7272 
0.632048 6.32738 
0.693146 5.8854 
0.749625 5.40421 
0.80111 4.88701 
0.847257 4.33725 
0.887759 3.75859 
0.922346 3.15489 
0.950787 2.53016 
0.972893 1.88858 
0.988516 1.23441 
0.997554 0.572019 
0.999944 -0.0941846 
0.995672 -0.759761 
0.984766 -1.42027 
0.967298 -2.07133 
0.943386 -2.70857 
0.913187 -3.32778 
0.876904 -3.92481 
0.834778 -4.49569 
0.78709 -5.03661 
0.734158 -5.54397 
0.676334 -6.0144 
0.614003 -6.44475 
0.547582 -6.83216 
0.477512 -7.17405 
0.40426 -7.46814 
0.328315 -7.71247 
0.250182 -7.90541 
0.170382 -8.04567 
0.0894469 -8.13233 
0.0079158 -8.16481 
-0.073668 -8.14288 
-0.154761 -8.06669 
-0.234823 -7.93676 
-0.31332 -7.75394 
-0.38973 -7.51946 
-0.463542 -7.23488 
-0.534267 -6.90209 
-0.601431 -6.52332 
-0.664588 -6.10107 
-0.723317 -5.63818 
-0.777227 -5.13772 
-0.825958 -4.60303 
-0.869185 -4.03767 
-0.906622 -3.4454 
-0.938017 -2.83018 
-0.963162 -2.1961 
-0.98189 -1.54739 
-0.994076 -0.888366 
-0.999638 -0.223425 
-0.99854 0.443005 
-0.990788 1.10648 
-0.976435 1.76259 
-0.955575 2.40695 
-0.928349 3.03528 
-0.894937 3.64338 
-0.855562 4.2272 
-0.810487 4.78286 
-0.760011 5.30665 
-0.704472 5.79509 
-0.644238 6.24491 
-0.579712 6.65312 
-0.511324 7.017 
-0.439528 7.33413 
-0.364804 7.60239 
-0.287649 7.81999 
-0.208578 7.9855 
-0.128116 8.09779 
-0.0468016 8.15613 
0.0348251 8.16012 
0.11622 8.10975 
0.19684 8.00534 
0.276149 7.84759 
0.353618 7.63755 
0.42873 7.37662 
0.500986 7.06654 
0.569904 6.70938 
0.635025 6.30751 
0.695915 5.86362 
0.752167 5.38066 
0.803409 4.86184 
0.849297 4.31063 
0.889526 3.7307 
0.923828 3.12592 
0.951975 2.5003 
0.973779 1.85803 
0.989094 1.20337 
0.997819 0.540697 
0.999896 -0.125579 
0.995311 -0.791018 
0.984093 -1.45119 
0.966319 -2.10169 
0.942106 -2.73818 
0.911616 -3.35644 
0.875052 -3.95232 
0.832658 -4.52188 
0.784715 -5.0613 
0.731544 -5.567 
0.673499 -6.03561 
0.610966 -6.46401 
0.544362 -6.84933 
0.474131 -7.18902 
0.400741 -7.4808 
0.324681 -7.72275 
0.246458 -7.91323 
0.166592 -8.05099 
0.0856167 -8.13511 
0.00407061 -8.16502 
-0.0775026 -8.14053 
-0.158559 -8.0618 
-0.23856 -7.92936 
-0.316971 -7.74408 
-0.393269 -7.5072 
-0.466948 -7.2203 
-0.537515 -6.88529 
-0.604501 -6.50441 
-0.667459 -6.08019 
-0.72597 -5.61545 
-0.779644 -5.1133 
-0.828122 -4.57708 
-0.871084 -4.01036 
-0.908241 -3.41692 
-0.939346 -2.80072 
-0.964193 -2.16585 
-0.982615 -1.51656 
-0.994491 -0.857153 
-0.99974 -0.192039 
-0.998327 0.474354 
-0.990263 1.13759 
-0.975601 1.79324 
-0.954438 2.43694 
-0.926916 3.06441 
-0.893218 3.67146 
-0.853568 4.25405 
-0.808232 4.80829 
-0.757509 5.3305 
-0.70174 5.81718 
-0.641295 6.26511 
-0.576577 6.67129 
-0.508017 7.03303 
-0.436073 7.3479 
-0.361222 7.61381 
-0.283965 7.829 
-0.204816 7.99201 
-0.124302 8.10178 
-0.0429603 8.15757 
0.038668 8.159 
0.120039 8.10607 
0.200609 7.99913 
0.279844 7.83889 
0.357213 7.62642 
0.432203 7.36313 
0.504312 7.05079 
0.573062 6.69146 
0.637993 6.28755 
0.698674 5.84175 
0.754699 5.35702 
0.805695 4.8366 
0.851323 4.28395 
0.891279 3.70276 
0.925297 3.0969 
0.953149 2.4704 
0.97465 1.82745 
0.989657 1.17231 
0.99807 0.509368 
0.999833 -0.156971 
0.994934 -0.822264 
0.983406 -1.48208 
0.965326 -2.13202 
0.940813 -2.76775 
0.910032 -3.38504 
0.873188 -3.97978 
0.830525 -4.548 
0.782329 -5.08592 
0.72892 -5.58995 
0.670654 -6.05674 
0.607919 -6.48316 
0.541134 -6.8664 
0.470744 -7.20388 
0.397217 -7.49336 
0.321043 -7.73291 
0.24273 -7.92094 
0.1628 -8.05619 
0.0817852 -8.13777 
0.000225327 -8.16512 
-0.081336 -8.13807 
-0.162355 -8.05679 
-0.242293 -7.92184 
-0.320616 -7.7341 
-0.396803 -7.49482 
-0.470347 -7.20561 
-0.540756 -6.86839 
-0.607562 -6.4854 
-0.67032 -6.05921 
-0.728612 -5.59264 
-0.782049 -5.0888 
-0.830275 -4.55106 
-0.872969 -3.983 
-0.909847 -3.3884 
-0.940662 -2.77122 
-0.965209 -2.13557 
-0.983326 -1.4857 
-0.994891 -0.825926 
-0.999826 -0.16065 
-0.9981 0.505696 
-0.989724 1.16867 
-0.974753 1.82386 
-0.953287 2.4669 
-0.92547 3.0935 
-0.891486 3.69949 
-0.851562 4.28083 
-0.805964 4.83365 
-0.754996 5.35426 
-0.698998 5.83919 
-0.638342 6.28522 
-0.573433 6.68937 
-0.504703 7.04895 
-0.43261 7.36156 
-0.357635 7.62513 
-0.280277 7.83788 
-0.201052 7.99841 
-0.120486 8.10565 
-0.0391184 8.15889 
0.0425102 8.15775 
0.123856 8.10227 
0.204376 7.9928 
0.283534 7.83007 
0.360803 7.61517 
0.435669 7.34953 
0.507631 7.03493 
0.576211 6.67344 
0.640952 6.2675 
0.701422 5.81979 
0.757219 5.33331 
0.80797 4.81129 
0.853338 4.25721 
0.89302 3.67477 
0.926752 3.06784 
0.954308 2.44047 
0.975507 1.79684 
0.990205 1.14124 
0.998306 0.47803 
0.999756 -0.188362 
0.994543 -0.853498 
0.982705 -1.51295 
0.964318 -2.16232 
0.939506 -2.79728 
0.908435 -3.4136 
0.87131 -4.00718 
0.82838 -4.57406 
0.779931 -5.11046 
0.726284 -5.61281 
0.667799 -6.07777 
0.604864 -6.50223 
0.537899 -6.88336 
0.46735 -7.21863 
0.393686 -7.5058 
0.3174 -7.74296 
0.238999 -7.92853 
0.159005 -8.06127 
0.0779524 -8.14031 
-0.00361998 -8.1651 
-0.0851683 -8.13548 
-0.166149 -8.05167 
-0.246023 -7.9142 
-0.324257 -7.724 
-0.400332 -7.48234 
-0.473738 -7.19082 
-0.543988 -6.85139 
-0.610614 -6.46631 
-0.673171 -6.03814 
-0.731243 -5.56974 
-0.784442 -5.06423 
-0.832415 -4.52498 
-0.874842 -3.95558 
-0.911439 -3.35982 
-0.941963 -2.74167 
-0.966212 -2.10526 
-0.984022 -1.45482 
-0.995276 -0.794687 
-0.999898 -0.129259 
-0.997858 0.537031 
-0.98917 1.19974 
-0.97389 1.85446 
-0.952122 2.49682 
-0.924009 3.12255 
-0.88974 3.72747 
-0.849543 4.30755 
-0.803685 4.85893 
-0.752472 5.37794 
-0.696245 5.86112 
-0.63538 6.30524 
-0.570281 6.70735 
-0.501382 7.06477 
-0.429142 7.37512 
-0.354043 7.63633 
-0.276585 7.84665 
-0.197284 8.0047 
-0.116669 8.10941 
-0.0352759 8.16008 
0.0463519 8.15639 
0.127671 8.09835 
0.208139 7.98635 
0.287221 7.82114 
0.364388 7.60382 
0.439128 7.33583 
0.510942 7.01896 
0.579352 6.65533 
0.643901 6.24735 
0.70416 5.79775 
0.759728 5.30951 
0.810233 4.7859 
0.855339 4.2304 
0.894747 3.64671 
0.928193 3.03873 
0.955454 2.4105 
0.976349 1.7662 
0.990739 1.11014 
0.998528 0.446685 
0.999663 -0.219749 
0.994138 -0.88472 
0.981988 -1.5438 
0.963296 -2.19259 
0.938185 -2.82677 
0.906824 -3.44211 
0.86942 -4.03452 
0.826223 -4.60005 
0.777521 -5.13493 
0.723638 -5.6356 
0.664934 -6.09871 
0.601799 -6.52119 
0.534655 -6.90022 
0.463948 -7.23327 
0.39015 -7.51813 
0.313752 -7.7529 
0.235264 -7.93601 
0.155208 -8.06624 
0.0741185 -8.14272 
-0.00746527 -8.16495 
-0.0889993 -8.13278 
-0.16994 -8.04642 
-0.249749 -7.90645 
-0.327894 -7.71379 
-0.403854 -7.46974 
-0.477123 -7.17592 
-0.547213 -6.83428 
-0.613657 -6.44711 
-0.676012 -6.01698 
-0.733863 -5.54676 
-0.786824 -5.03958 
-0.834543 -4.49883 
-0.876701 -3.92809 
-0.913018 -3.33119 
-0.943251 -2.71209 
-0.967199 -2.07492 
-0.984703 -1.42392 
-0.995646 -0.763437 
-0.999955 -0.0978655 
-0.997602 0.568358 
-0.988601 1.23079 
-0.973013 1.88503 
-0.950942 2.52671 
-0.922535 3.15155 
-0.887981 3.75539 
-0.847511 4.33421 
-0.801393 4.88415 
-0.749936 5.40155 
-0.693482 5.88295 
-0.632408 6.32516 
-0.56712 6.72523 
-0.498053 7.08049 
-0.425667 7.38856 
-0.350445 7.64741 
-0.272889 7.85531 
-0.193514 8.01086 
-0.112849 8.11304 
-0.0314328 8.16116 
0.0501929 8.1549 
0.131484 8.09431 
0.2119 7.97979 
0.290903 7.81209 
0.367968 7.59235 
0.442581 7.32201 
0.514246 7.00289 
0.582484 6.63711 
0.646841 6.22711 
0.706888 5.77562 
0.762225 5.28564 
0.812484 4.76045 
0.857328 4.20353 
0.896461 3.61861 
0.92962 3.00958 
0.956586 2.38049 
0.977178 1.73554 
0.991258 1.07903 
0.998734 0.415333 
0.999556 -0.251134 
0.993717 -0.915929 
0.981258 -1.57462 
0.96226 -2.22282 
0.936851 -2.85621 
0.905199 -3.47057 
0.867516 -4.0618 
0.824053 -4.62597 
0.7751 -5.15932 
0.720982 -5.65829 
0.662059 -6.11957 
0.598726 -6.54006 
0.531403 -6.91698 
0.46054 -7.24781 
0.386608 -7.53035 
0.3101 -7.76272 
0.231526 -7.94336 
0.151409 -8.07108 
0.0702835 -8.14502 
-0.0113105 -8.16469 
-0.0928291 -8.12996 
-0.173729 -8.04105 
-0.253472 -7.89857 
-0.331525 -7.70347 
-0.40737 -7.45703 
-0.480501 -7.16091 
-0.550429 -6.81708 
-0.616691 -6.42782 
-0.678843 -5.99573 
-0.736473 -5.5237 
-0.789195 -5.01486 
-0.836659 -4.47261 
-0.878548 -3.90055 
-0.914583 -3.30251 
-0.944525 -2.68246 
-0.968173 -2.04454 
-0.98537 -1.393 
-0.996002 -0.732174 
-0.999998 -0.0664703 
-0.99733 0.599677 
-0.988018 1.26183 
-0.972122 1.91557 
-0.949749 2.55655 
-0.921048 3.1805 
-0.886209 3.78325 
-0.845466 4.3608 
-0.79909 4.90929 
-0.74739 5.42507 
-0.690709 5.90471 
-0.629427 6.345 
-0.56395 6.74301 
-0.494716 7.0961 
-0.422186 7.4019 
-0.346842 7.65839 
-0.269188 7.86384 
-0.18974 8.01691 
-0.109028 8.11655 
-0.0275893 8.16212 
0.0540333 8.1533 
0.135296 8.09015 
0.215657 7.9731 
0.294581 7.80293 
0.371542 7.58077 
0.446028 7.30809 
0.517542 6.98672 
0.585607 6.6188 
0.649771 6.20678 
0.709605 5.7534 
0.764712 5.26169 
0.814722 4.73492 
0.859305 4.1766 
0.898162 3.59045 
0.931034 2.98038 
0.957703 2.35045 
0.977991 1.70486 
0.991763 1.04791 
0.998926 0.383975 
0.999434 -0.282516 
0.993282 -0.947124 
0.980512 -1.60542 
0.96121 -2.25302 
0.935502 -2.88561 
0.903561 -3.49898 
0.8656 -4.08903 
0.821872 -4.65183 
0.772667 -5.18364 
0.718314 -5.68091 
0.659175 -6.14033 
0.595644 -6.55883 
0.528144 -6.93364 
0.457125 -7.26225 
0.38306 -7.54246 
0.306443 -7.77243 
0.227784 -7.9506 
0.147608 -8.0758 
0.0664474 -8.14719 
-0.0151555 -8.1643 
-0.0966575 -8.12701 
-0.177515 -8.03557 
-0.257191 -7.89059 
-0.335152 -7.69303 
-0.41088 -7.44421 
-0.483871 -7.1458 
-0.553638 -6.79977 
-0.619716 -6.40843 
-0.681664 -5.9744 
-0.739071 -5.50056 
-0.791553 -4.99006 
-0.838762 -4.44632 
-0.880381 -3.87296 
-0.916135 -3.27378 
-0.945784 -2.6528 
-0.969132 -2.01414 
-0.986023 -1.36206 
-0.996343 -0.700901 
-1.00003 -0.0350739 
-0.997044 0.630987 
-0.98742 1.29284 
-0.971216 1.94609 
-0.948541 2.58636 
-0.919546 3.2094 
-0.884424 3.81106 
-0.84341 4.38733 
-0.796775 4.93436 
-0.744832 5.44852 
-0.687926 5.92637 
-0.626436 6.36473 
-0.560773 6.76069 
-0.491372 7.1116 
-0.418698 7.41513 
-0.343235 7.66925 
-0.265484 7.87227 
-0.185964 8.02283 
-0.105205 8.11994 
-0.0237453 8.16295 
0.0578728 8.15157 
0.139105 8.08587 
0.219411 7.9663 
0.298255 7.79365 
0.375111 7.56907 
0.449468 7.29406 
0.52083 6.97045 
0.588722 6.60039 
0.652692 6.18636 
0.712312 5.7311 
0.767187 5.23766 
0.816949 4.70932 
0.861269 4.1496 
0.899849 3.56224 
0.932434 2.95114 
0.958807 2.32037 
0.97879 1.67415 
0.992253 1.01677 
0.999103 0.352611 
0.999297 -0.313893 
0.992833 -0.978306 
0.979753 -1.6362 
0.960145 -2.28319 
0.93414 -2.91497 
0.90191 -3.52733 
0.863671 -4.11619 
0.819678 -4.67762 
0.770223 -5.20788 
0.715636 -5.70344 
0.656281 -6.161 
0.592553 -6.57751 
0.524877 -6.9502 
0.453703 -7.27657 
0.379507 -7.55446 
0.302782 -7.78202 
0.224039 -7.95772 
0.143804 -8.08041 
0.0626103 -8.14925 
-0.0190004 -8.1638 
-0.100484 -8.12395 
-0.181299 -8.02997 
-0.260906 -7.88248 
-0.338774 -7.68248 
-0.414385 -7.43129 
-0.487235 -7.13058 
-0.556838 -6.78236 
-0.622731 -6.38895 
-0.684475 -5.95297 
-0.741659 -5.47733 
-0.793901 -4.96519 
-0.840853 -4.41997 
-0.882202 -3.8453 
-0.917673 -3.24501 
-0.94703 -2.6231 
-0.970077 -1.9837 
-0.98666 -1.33109 
-0.99667 -0.669617 
-1.00004 -0.00367671 
-0.996743 0.662288 
-0.986807 1.32384 
-0.970296 1.97657 
-0.94732 2.61613 
-0.918031 3.23826 
-0.882626 3.83882 
-0.84134 4.41379 
-0.794448 4.95936 
-0.742263 5.47188 
-0.685132 5.94794 
-0.623436 6.38438 
-0.557587 6.77827 
-0.488021 7.127 
-0.415205 7.42825 
-0.339621 7.67999 
-0.261775 7.88057 
-0.182185 8.02864 
-0.101381 8.12322 
-0.0199009 8.16367 
0.0617115 8.14972 
0.142913 8.08148 
0.223162 7.95938 
0.301924 7.78426 
0.378674 7.55727 
0.452901 7.27992 
0.524111 6.95407 
0.591829 6.58188 
0.655603 6.16584 
0.715009 5.70872 
0.76965 5.21355 
0.819164 4.68365 
0.86322 4.12255 
0.901524 3.53397 
0.933821 2.92185 
0.959896 2.29026 
0.979575 1.64341 
0.992728 0.98561 
0.999266 0.321242 
0.999145 -0.345266 
0.992368 -1.00947 
0.978979 -1.66696 
0.959066 -2.31333 
0.932763 -2.94429 
0.900246 -3.55563 
0.86173 -4.14329 
0.817472 -4.70333 
0.767767 -5.23204 
0.712947 -5.72589 
0.653377 -6.18158 
0.589453 -6.59609 
0.521601 -6.96665 
0.450275 -7.29079 
0.375948 -7.56635 
0.299116 -7.7915 
0.220291 -7.96473 
0.139998 -8.08489 
0.0587722 -8.15119 
-0.022845 -8.16317 
-0.10431 -8.12076 
-0.18508 -8.02424 
-0.264617 -7.87426 
-0.34239 -7.67181 
-0.417883 -7.41825 
-0.490591 -7.11525 
-0.56003 -6.76485 
-0.625738 -6.36938 
-0.687276 -5.93146 
-0.744236 -5.45403 
-0.796236 -4.94025 
-0.842931 -4.39356 
-0.88401 -3.81759 
-0.919198 -3.21619 
-0.948262 -2.59335 
-0.971008 -1.95324 
-0.987284 -1.30011 
-0.996981 -0.638322 
-1.00004 0.0277207 
-0.996427 0.693579 
-0.98618 1.35482 
-0.969361 2.00703 
-0.946084 2.64586 
-0.916503 3.26707 
-0.880815 3.86651 
-0.839258 4.44019 
-0.79211 4.98428 
-0.739684 5.49516 
-0.682329 5.96943 
-0.620427 6.40393 
-0.554392 6.79575 
-0.484663 7.1423 
-0.411705 7.44125 
-0.336003 7.69063 
-0.258063 7.88876 
-0.178403 8.03433 
-0.0975547 8.12637 
-0.0160562 8.16426 
0.0655493 8.14775 
0.146718 8.07696 
0.226909 7.95235 
0.305589 7.77475 
0.382232 7.54535 
0.456328 7.26567 
0.527384 6.93759 
0.594926 6.56328 
0.658504 6.14523 
0.717694 5.68625 
0.772103 5.18937 
0.821367 4.65792 
0.865158 4.09543 
0.903185 3.50566 
0.935193 2.89252 
0.960971 2.26011 
0.980345 1.61265 
0.993188 0.954438 
0.999413 0.289868 
0.998979 -0.376634 
0.991889 -1.04063 
0.97819 -1.69769 
0.957973 -2.34343 
0.931373 -2.97357 
0.898568 -3.58389 
0.859775 -4.17033 
0.815254 -4.72898 
0.765301 -5.25613 
0.710248 -5.74825 
0.650463 -6.20207 
0.586344 -6.61457 
0.518319 -6.983 
0.446839 -7.3049 
0.372383 -7.57812 
0.295445 -7.80086 
0.216539 -7.97161 
0.13619 -8.08926 
0.0549332 -8.153 
-0.0266893 -8.16242 
-0.108134 -8.11745 
-0.188858 -8.0184 
-0.268324 -7.86592 
-0.346002 -7.66103 
-0.421375 -7.4051 
-0.49394 -7.09983 
-0.563214 -6.74724 
-0.628735 -6.34971 
-0.690067 -5.90986 
-0.746801 -5.43064 
-0.798559 -4.91523 
-0.844997 -4.36708 
-0.885804 -3.78982 
-0.920709 -3.18731 
-0.94948 -2.56357 
-0.971924 -1.92275 
-0.987892 -1.26911 
-0.997278 -0.607019 
-1.00002 0.059118 
-0.996097 0.724861 
-0.985538 1.38577 
-0.968412 2.03745 
-0.944834 2.67556 
-0.914961 3.29583 
-0.878991 3.89415 
-0.837164 4.46652 
-0.78976 5.00913 
-0.737093 5.51837 
-0.679515 5.99083 
-0.617409 6.42338 
-0.55119 6.81313 
-0.481298 7.15749 
-0.408199 7.45415 
-0.33238 7.70115 
-0.254347 7.89683 
-0.174619 8.0399 
-0.0937273 8.1294 
-0.0122112 8.16473 
0.0693862 8.14567 
0.150521 8.07232 
0.230654 7.94519 
0.309249 7.76513 
0.385784 7.53332 
0.459748 7.25132 
0.530649 6.921 
0.598015 6.54457 
0.661396 6.12454 
0.72037 5.66369 
0.774544 5.16511 
0.823557 4.63211 
0.867083 4.06825 
0.904832 3.47729 
0.936552 2.86315 
0.962032 2.22994 
0.981101 1.58186 
0.993634 0.923252 
0.999546 0.258489 
