1 0 
1 -0.666667 
0.993333 -1.33333 
0.98 -1.99556 
0.960044 -2.64889 
0.933556 -3.28892 
0.900666 -3.91129 
0.861553 -4.51173 
0.816436 -5.0861 
0.765575 -5.63039 
0.709271 -6.14078 
0.647863 -6.61362 
0.581727 -7.04553 
0.511272 -7.43335 
0.436938 -7.7742 
0.359196 -8.06549 
0.278541 -8.30496 
0.195492 -8.49065 
0.110585 -8.62098 
0.0243756 -8.6947 
-0.0625714 -8.71095 
-0.149681 -8.66924 
-0.236373 -8.56945 
-0.322068 -8.41187 
-0.406186 -8.19716 
-0.488158 -7.92637 
-0.567422 -7.60093 
-0.643431 -7.22265 
-0.715657 -6.79369 
-0.783594 -6.31659 
-0.84676 -5.79419 
-0.904702 -5.22968 
-0.956999 -4.62655 
-1.00326 -3.98855 
-1.04315 -3.31971 
-1.07635 -2.62427 
-1.10259 -1.90671 
-1.12166 -1.17165 
-1.13337 -0.423878 
-1.13761 0.331704 
-1.13429 1.09011 
-1.12339 1.84631 
-1.10493 2.59524 
-1.07898 3.33186 
-1.04566 4.05118 
-1.00515 4.74828 
-0.957665 5.41838 
-0.903481 6.05683 
-0.842913 6.65915 
-0.776322 7.22109 
-0.704111 7.73864 
-0.626724 8.20804 
-0.544644 8.62586 
-0.458385 8.98896 
-0.368496 9.29455 
-0.27555 9.54021 
-0.180148 9.72391 
-0.0829091 9.84401 
0.015531 9.89928 
0.114524 9.88893 
0.213413 9.81258 
0.311539 9.6703 
0.408242 9.46261 
0.502868 9.19045 
0.594773 8.8552 
0.683325 8.45869 
0.767911 8.00314 
0.847943 7.4912 
0.922855 6.9259 
0.992114 6.31067 
1.05522 5.64926 
1.11171 4.94578 
1.16117 4.20463 
1.20322 3.43052 
1.23752 2.62838 
1.26381 1.80336 
1.28184 0.960824 
1.29145 0.106264 
1.29251 -0.754702 
1.28496 -1.61638 
1.2688 -2.47302 
1.24407 -3.31888 
1.21088 -4.14826 
1.1694 -4.95552 
1.11984 -5.73512 
1.06249 -6.48168 
0.997675 -7.19001 
0.925775 -7.85512 
0.847224 -8.47231 
0.762501 -9.03712 
0.672129 -9.54546 
0.576675 -9.99354 
0.476739 -10.378 
0.37296 -10.6958 
0.266001 -10.9445 
0.156557 -11.1218 
0.0453388 -11.2262 
-0.0669228 -11.2564 
-0.179487 -11.2118 
-0.291604 -11.0921 
-0.402526 -10.8977 
-0.511503 -10.6294 
-0.617796 -10.2884 
-0.72068 -9.8765 
-0.819445 -9.39604 
-0.913405 -8.84975 
-1.0019 -8.24081 
-1.08431 -7.57288 
-1.16004 -6.85 
-1.22854 -6.07664 
-1.28931 -5.25762 
-1.34188 -4.39808 
-1.38586 -3.50349 
-1.4209 -2.57958 
-1.44669 -1.63232 
-1.46302 -0.667853 
-1.4697 0.307492 
-1.46662 1.28729 
-1.45375 2.26504 
-1.4311 3.2342 
-1.39876 4.18827 
-1.35687 5.12077 
-1.30567 6.02535 
-1.24541 6.8958 
-1.17645 7.72607 
-1.09919 8.51037 
-1.01409 9.24317 
-0.921657 9.91923 
-0.822465 10.5337 
-0.717129 11.082 
-0.606309 11.5601 
-0.490708 11.9643 
-0.371066 12.2914 
-0.248151 12.5388 
-0.122764 12.7042 
0.0042785 12.7861 
0.132139 12.7832 
0.259971 12.6951 
0.386922 12.5218 
0.51214 12.2639 
0.634779 11.9224 
0.754003 11.4992 
0.868995 10.9966 
0.978961 10.4172 
1.08313 9.7646 
1.18078 9.04251 
1.2712 8.25532 
1.35376 7.40785 
1.42784 6.50535 
1.49289 5.55346 
1.54842 4.5582 
1.59401 3.52591 
1.62927 2.46324 
1.6539 1.37707 
1.66767 0.274468 
1.67041 -0.837311 
1.66204 -1.95092 
1.64253 -3.05895 
1.61194 -4.15397 
1.5704 -5.2286 
1.51812 -6.27553 
1.45536 -7.28761 
1.38248 -8.25785 
1.29991 -9.1795 
1.20811 -10.0461 
1.10765 -10.8515 
0.999135 -11.5899 
0.883235 -12.256 
0.760675 -12.8449 
0.632226 -13.352 
0.498707 -13.7735 
0.360972 -14.1059 
0.219913 -14.3466 
0.0764468 -14.4932 
-0.0684851 -14.5442 
-0.213927 -14.4985 
-0.358912 -14.3559 
-0.50247 -14.1166 
-0.643637 -13.7816 
-0.781453 -13.3525 
-0.914978 -12.8316 
-1.04329 -12.2216 
-1.16551 -11.5261 
-1.28077 -10.749 
-1.38826 -9.8952 
-1.48721 -8.96969 
-1.57691 -7.97822 
-1.65669 -6.92694 
-1.72596 -5.82248 
-1.78419 -4.67184 
-1.8309 -3.48238 
-1.86573 -2.26178 
-1.88835 -1.01796 
-1.89853 0.240935 
-1.89612 1.50662 
-1.88105 2.7707 
-1.85334 4.02473 
-1.8131 5.26029 
-1.76049 6.46902 
-1.6958 7.64268 
-1.61938 8.77322 
-1.53164 9.8528 
-1.43312 10.8739 
-1.32438 11.8293 
-1.20608 12.7122 
-1.07896 13.5163 
-0.943798 14.2356 
-0.801443 14.8648 
-0.652795 15.3991 
-0.498804 15.8343 
-0.340461 16.1668 
-0.178793 16.3938 
-0.0148549 16.513 
0.150275 16.5229 
0.315504 16.4227 
0.479731 16.2124 
0.641855 15.8925 
0.80078 15.4646 
0.955427 14.9308 
1.10473 14.2938 
1.24767 13.5574 
1.38325 12.7256 
1.5105 11.8034 
1.62854 10.7964 
1.7365 9.71071 
1.83361 8.55305 
1.91914 7.33064 
1.99244 6.05122 
2.05296 4.72292 
2.10019 3.35428 
2.13373 1.95416 
2.15327 0.531674 
2.15859 -0.903839 
2.14955 -2.3429 
2.12612 -3.77593 
2.08836 -5.19334 
2.03643 -6.58558 
1.97057 -7.9432 
1.89114 -9.25691 
1.79857 -10.5177 
1.69339 -11.7167 
1.57623 -12.8456 
1.44777 -13.8965 
1.3088 -14.8616 
1.16019 -15.7342 
1.00285 -16.5076 
0.83777 -17.1762 
0.666008 -17.7347 
0.488661 -18.1787 
0.306874 -18.5045 
0.121829 -18.7091 
-0.0652623 -18.7903 
-0.253165 -18.7468 
-0.440633 -18.578 
-0.626413 -18.2843 
-0.809256 -17.8666 
-0.987922 -17.3271 
-1.16119 -16.6685 
-1.32788 -15.8944 
-1.48682 -15.0091 
-1.63691 -14.0179 
-1.77709 -12.9267 
-1.90636 -11.7419 
-2.02378 -10.471 
-2.12849 -9.12183 
-2.21971 -7.70284 
-2.29674 -6.22303 
-2.35897 -4.69188 
-2.40589 -3.11923 
-2.43708 -1.51531 
-2.45223 0.10941 
-2.45114 1.74423 
-2.43369 3.37832 
-2.39991 5.00079 
-2.3499 6.60073 
-2.2839 8.16733 
-2.20222 9.68993 
-2.10532 11.1581 
-1.99374 12.5616 
-1.86813 13.8908 
-1.72922 15.1362 
-1.57786 16.289 
-1.41497 17.3409 
-1.24156 18.2842 
-1.05872 19.1119 
-0.867596 19.8177 
-0.669418 20.3961 
-0.465457 20.8424 
-0.257033 21.1527 
-0.0455054 21.3241 
0.167735 21.3544 
0.38128 21.2426 
0.593706 20.9884 
0.80359 20.5926 
1.00952 20.0569 
1.21008 19.3839 
1.40392 18.5771 
1.58969 17.6412 
1.76611 16.5814 
1.93192 15.404 
2.08596 14.1161 
2.22712 12.7254 
2.35438 11.2407 
2.46678 9.67108 
2.56349 8.02656 
2.64376 6.31756 
2.70693 4.55506 
2.75248 2.75043 
2.77999 0.915444 
2.78914 -0.937882 
2.77976 -2.79731 
2.75179 -4.65049 
2.70529 -6.48502 
2.64044 -8.28854 
2.55755 -10.0488 
2.45706 -11.7539 
2.33952 -13.3919 
2.20561 -14.9516 
2.05609 -16.422 
1.89187 -17.7927 
1.71394 -19.054 
1.5234 -20.1966 
1.32144 -21.2122 
1.10931 -22.0932 
0.888383 -22.8327 
0.660056 -23.425 
0.425807 -23.865 
0.187157 -24.1489 
-0.0543319 -24.2736 
-0.297068 -24.2374 
-0.539442 -24.0394 
-0.779836 -23.6797 
-1.01663 -23.1598 
-1.24823 -22.4821 
-1.47305 -21.6499 
-1.68955 -20.6679 
-1.89623 -19.5415 
-2.09165 -18.2774 
-2.27442 -16.8829 
-2.44325 -15.3667 
-2.59692 -13.7378 
-2.73429 -12.0066 
-2.85436 -10.1837 
-2.9562 -8.28079 
-3.039 -6.30999 
-3.1021 -4.28398 
-3.14494 -2.21592 
-3.1671 -0.119285 
-3.1683 1.99212 
-3.14838 4.10431 
-3.10733 6.20323 
-3.0453 8.27479 
-2.96255 10.305 
-2.8595 12.28 
-2.7367 14.1864 
-2.59484 16.0108 
-2.43473 17.7407 
-2.25732 19.3639 
-2.06368 20.8688 
-1.855 22.2445 
-1.63255 23.4812 
-1.39774 24.5696 
-1.15204 25.5014 
-0.89703 26.2694 
-0.634335 26.8674 
-0.365661 27.2903 
-0.0927575 27.5341 
0.182584 27.596 
0.458543 27.4742 
0.733285 27.1685 
1.00497 26.6797 
1.27177 26.0097 
1.53186 25.1619 
1.78348 24.1406 
2.02489 22.9516 
2.25441 21.6017 
2.47042 20.0988 
2.67141 18.4518 
2.85593 16.6709 
3.02264 14.7669 
3.17031 12.7518 
3.29782 10.6383 
3.40421 8.43974 
3.4886 6.17027 
3.55031 3.84453 
3.58875 1.47766 
3.60353 -0.914842 
3.59438 -3.31719 
3.56121 -5.71345 
3.50407 -8.08759 
3.4232 -10.4236 
3.31896 -12.7058 
3.1919 -14.9184 
3.04272 -17.0463 
2.87226 -19.0748 
2.68151 -20.9897 
2.47161 -22.7773 
2.24384 -24.4251 
1.99959 -25.921 
1.74038 -27.254 
1.46784 -28.4143 
1.18369 -29.3928 
0.889766 -30.182 
0.587947 -30.7751 
0.280195 -31.1671 
-0.0314758 -31.3539 
-0.345015 -31.3329 
-0.658344 -31.1029 
-0.969373 -30.664 
-1.27601 -30.0178 
-1.57619 -29.1671 
-1.86786 -28.1163 
-2.14902 -26.8711 
-2.41774 -25.4384 
-2.67212 -23.8265 
-2.91038 -22.0451 
-3.13084 -20.1049 
-3.33188 -18.0177 
-3.51206 -15.7964 
-3.67003 -13.455 
-3.80458 -11.0083 
-3.91466 -8.47196 
-3.99938 -5.86219 
-4.058 -3.19593 
-4.08996 -0.490599 
-4.09487 2.23604 
-4.07251 4.96595 
-4.02285 7.68095 
-3.94604 10.3629 
-3.84241 12.9935 
-3.71247 15.5551 
-3.55692 18.0301 
-3.37662 20.4014 
-3.17261 22.6525 
-2.94608 24.7676 
-2.69841 26.7316 
-2.43109 28.5306 
-2.14578 30.1513 
-1.84427 31.5818 
-1.52845 32.8113 
-1.20034 33.8303 
-0.862037 34.6305 
-0.515732 35.2052 
-0.16368 35.549 
0.191811 35.6581 
0.548392 35.5303 
0.903695 35.1647 
1.25534 34.5622 
1.60096 33.7253 
1.93822 32.658 
2.2648 31.3659 
2.57846 29.856 
2.87702 28.137 
3.15839 26.219 
3.42058 24.1134 
3.66171 21.833 
3.88004 19.3919 
4.07396 16.8052 
4.24201 14.0892 
4.3829 11.2612 
4.49552 8.33929 
4.57891 5.34228 
4.63233 2.28968 
4.65523 -0.798546 
4.64724 -3.90203 
4.60822 -7.00019 
4.53822 -10.0723 
4.4375 -13.0978 
4.30652 -16.0562 
4.14596 -18.9272 
3.95669 -21.6911 
3.73977 -24.3289 
3.49649 -26.8221 
3.22826 -29.1531 
2.93673 -31.3053 
2.62368 -33.2631 
2.29105 -35.0122 
1.94093 -36.5396 
1.57553 -37.8335 
1.1972 -38.8839 
0.808357 -39.682 
0.411537 -40.2209 
0.0093274 -40.4953 
-0.395625 -40.5015 
-0.80064 -40.2378 
-1.20302 -39.704 
-1.60006 -38.902 
-1.98908 -37.8353 
-2.36743 -36.5092 
-2.73252 -34.9309 
-3.08183 -33.1093 
-3.41292 -31.0547 
-3.72347 -28.7794 
-4.01127 -26.2971 
-4.27424 -23.6229 
-4.51047 -20.7734 
-4.7182 -17.7665 
-4.89587 -14.621 
-5.04207 -11.3571 
-5.15565 -7.9957 
-5.2356 -4.5586 
-5.28119 -1.0682 
-5.29187 2.45259 
-5.26734 5.98051 
-5.20754 9.49207 
-5.11262 12.9638 
-4.98298 16.3722 
-4.81926 19.6942 
-4.62232 22.907 
-4.39325 25.9886 
-4.13336 28.9174 
-3.84419 31.673 
-3.52746 34.2357 
-3.1851 36.5874 
-2.81923 38.7108 
-2.43212 40.5903 
-2.02622 42.2117 
-1.6041 43.5625 
-1.16848 44.6319 
-0.722156 45.4109 
-0.268047 45.8923 
0.190876 46.071 
0.651586 45.9438 
1.11102 45.5094 
1.56612 44.7687 
2.0138 43.7246 
2.45105 42.3821 
2.87487 40.748 
3.28235 38.8315 
3.67067 36.6432 
4.0371 34.1961 
4.37906 31.5047 
4.69411 28.5853 
4.97996 25.4559 
5.23452 22.136 
5.45588 18.6463 
5.64234 15.009 
5.79243 11.2475 
5.90491 7.38585 
5.97877 3.44925 
6.01326 -0.536599 
6.00789 -4.54544 
5.96244 -8.5507 
5.87693 -12.5257 
5.75167 -16.4436 
5.58724 -20.2781 
5.38446 -24.0029 
5.14443 -27.5925 
4.8685 -31.0221 
4.55828 -34.2678 
4.2156 -37.3067 
3.84254 -40.1171 
3.44137 -42.6788 
3.01458 -44.973 
2.56485 -46.9827 
2.09502 -48.6926 
1.6081 -50.0893 
1.1072 -51.1614 
0.595589 -51.8995 
0.0765935 -52.2966 
-0.446372 -52.3476 
-0.969848 -52.05 
-1.49035 -51.4035 
-2.00438 -50.4099 
-2.50848 -49.0737 
-2.99922 -47.4013 
-3.47323 -45.4019 
-3.92725 -43.0864 
-4.35812 -40.4682 
-4.7628 -37.5628 
-5.13843 -34.3876 
-5.4823 -30.962 
-5.79192 -27.3071 
-6.06499 -23.4458 
-6.29945 -19.4025 
-6.49348 -15.2029 
-6.6455 -10.8739 
-6.75424 -6.44355 
-6.81868 -1.94072 
-6.83809 2.60507 
-6.81203 7.16379 
-6.7404 11.7051 
-6.62335 16.1987 
-6.46136 20.6143 
-6.25522 24.9219 
-6.006 29.092 
-5.71508 33.096 
-5.38412 36.9061 
-5.01506 40.4955 
-4.6101 43.8389 
-4.17171 46.9123 
-3.70259 49.6934 
-3.20566 52.1618 
-2.68404 54.2989 
-2.14105 56.0882 
-1.58017 57.5156 
-1.00501 58.5691 
-0.419319 59.2391 
0.173071 59.5186 
0.768257 59.4032 
1.36229 58.8911 
1.9512 57.9829 
2.53103 56.6821 
3.09785 54.9947 
3.6478 52.9295 
4.17709 50.4976 
4.68207 47.7129 
5.1592 44.5915 
5.60511 41.152 
6.01663 37.4153 
6.39078 33.4042 
6.72483 29.1437 
7.01626 24.6605 
7.26287 19.983 
7.4627 15.1411 
7.61411 10.1659 
7.71577 5.08985 
7.76667 -0.0539984 
7.76613 -5.23178 
7.71381 -10.4092 
7.60972 -15.5517 
7.4542 -20.6249 
7.24795 -25.5943 
6.99201 -30.4263 
6.68774 -35.0876 
6.33687 -39.5461 
5.94141 -43.7707 
5.5037 -47.7317 
5.02638 -51.4008 
4.51237 -54.7517 
3.96486 -57.76 
3.38726 -60.4032 
2.78323 -62.6614 
2.15661 -64.5169 
1.51144 -65.9546 
0.851897 -66.9622 
0.182275 -67.5302 
-0.493027 -67.6517 
-1.16954 -67.323 
-1.84277 -66.5433 
-2.50821 -65.3148 
-3.16135 -63.6426 
-3.79778 -61.5351 
-4.41313 -59.0032 
-5.00316 -56.0611 
-5.56377 -52.7257 
-6.09103 -49.0165 
-6.5812 -44.9558 
-7.03076 -40.5684 
-7.43644 -35.8812 
-7.79525 -30.9236 
-8.10449 -25.7267 
-8.36175 -20.3237 
-8.56499 -14.7492 
-8.71248 -9.03924 
-8.80288 -3.23092 
-8.83518 2.63767 
-8.80881 8.52779 
-8.72353 14.4003 
-8.57953 20.216 
-8.37737 25.9357 
-8.11801 31.5206 
-7.8028 36.9326 
-7.43348 42.1345 
-7.01213 47.0901 
-6.54123 51.7649 
-6.02358 56.1257 
-5.46233 60.1414 
-4.86091 63.783 
-4.22308 67.0236 
-3.55285 69.839 
-2.85446 72.2075 
-2.13238 74.1105 
-1.39127 75.5321 
-0.635954 76.4596 
0.128642 76.8836 
0.897478 76.7978 
1.66546 76.1995 
2.42745 75.0892 
3.17834 73.4709 
3.91305 71.352 
4.62657 68.7433 
5.31401 65.6589 
5.97059 62.1162 
6.59176 58.1359 
7.17312 53.7413 
7.71053 48.9593 
8.20012 43.8189 
8.63831 38.3522 
9.02183 32.5933 
9.34777 26.5787 
9.61355 20.3469 
9.81702 13.9379 
9.9564 7.39318 
10.0303 0.755579 
10.0379 -5.93131 
9.97858 -12.6232 
9.85234 -19.2756 
9.65959 -25.8438 
9.40115 -32.2836 
9.07831 -38.551 
8.6928 -44.6032 
8.24677 -50.3984 
7.74279 -55.8963 
7.18382 -61.0581 
6.57324 -65.8473 
5.91477 -70.2295 
5.21247 -74.1727 
4.47075 -77.6477 
3.69427 -80.6282 
2.88799 -83.091 
2.05708 -85.0163 
1.20692 -86.3877 
0.343039 -87.1923 
-0.528885 -87.421 
-1.40309 -87.0684 
-2.27378 -86.133 
-3.13511 -84.6172 
-3.98128 -82.5271 
-4.80655 -79.8729 
-5.60528 -76.6686 
-6.37197 -72.9317 
-7.10128 -68.6837 
-7.78812 -63.9495 
-8.42762 -58.7574 
-9.01519 -53.139 
-9.54658 -47.1289 
-10.0179 -40.7645 
-10.4255 -34.0859 
-10.7664 -27.1356 
-11.0377 -19.958 
-11.2373 -12.5995 
-11.3633 -5.10799 
-11.4144 2.46755 
-11.3897 10.0771 
-11.2889 17.6703 
-11.1122 25.1962 
-10.8603 32.6044 
-10.5342 39.8446 
-10.1358 46.8674 
-9.66711 53.6246 
-9.13086 60.0693 
-8.53017 66.1566 
-7.86861 71.8434 
-7.15017 77.0891 
-6.37928 81.8559 
-5.56072 86.1087 
-4.69964 89.8159 
-3.80148 92.949 
-2.87199 95.4833 
-1.91715 97.3979 
-0.943174 98.676 
0.0435861 99.3048 
1.03663 99.2758 
2.02939 98.5847 
3.01524 97.2318 
3.98756 95.2216 
4.93977 92.5632 
5.8654 89.27 
6.7581 85.3598 
7.6117 80.8544 
8.42025 75.7799 
9.17805 70.1664 
9.87971 64.0477 
10.5202 57.4612 
11.0948 50.4478 
11.5993 43.0512 
12.0298 35.3184 
12.383 27.2985 
12.656 19.0432 
12.8464 10.6059 
12.9524 2.04165 
12.9729 -6.59332 
12.9069 -15.2419 
12.7545 -23.8465 
12.516 -32.3495 
12.1926 -40.6936 
11.7856 -48.8219 
11.2974 -56.679 
10.7306 -64.2106 
10.0885 -71.3643 
9.37486 -78.09 
8.59396 -84.3399 
7.75056 -90.0692 
6.84987 -95.2363 
5.8975 -99.8028 
4.89948 -103.735 
3.86213 -107.001 
2.79212 -109.576 
1.69637 -111.437 
0.581997 -112.568 
-0.543682 -112.956 
-1.67324 -112.593 
-2.79918 -111.478 
-3.91395 -109.612 
-5.01007 -107.003 
-6.0801 -103.662 
-7.11672 -99.6091 
-8.11281 -94.8646 
-9.06146 -89.4561 
-9.95602 -83.4151 
-10.7902 -76.7777 
-11.5579 -69.5843 
-12.2538 -61.879 
-12.8726 -53.7098 
-13.4097 -45.1281 
-13.861 -36.1883 
-14.2228 -26.9477 
-14.4923 -17.4658 
-14.667 -7.80421 
-14.745 1.97378 
-14.7253 11.8038 
-14.6072 21.6206 
-14.391 31.3588 
-14.0775 40.9528 
-13.6679 50.3378 
-13.1645 59.4497 
-12.57 68.2261 
-11.8878 76.6061 
-11.1217 84.5313 
-10.2764 91.9458 
-9.35695 98.7968 
-8.36898 105.035 
-7.31864 110.614 
-6.2125 115.493 
-5.05757 119.635 
-3.86122 123.007 
-2.63115 125.581 
-1.37535 127.335 
-0.101998 128.252 
1.18052 128.32 
2.46371 127.533 
3.73904 125.89 
4.99794 123.397 
6.23192 120.066 
7.43257 115.911 
8.59168 110.956 
9.70124 105.228 
10.7535 98.7606 
11.7411 91.5916 
12.657 83.7641 
13.4947 75.3261 
14.2479 66.3297 
14.9112 56.831 
15.4796 46.8902 
15.9485 36.5705 
16.3142 25.9382 
16.5735 15.0621 
16.7242 4.01306 
16.7643 -7.13638 
16.6929 -18.3126 
16.5098 -29.4412 
16.2154 -40.4477 
15.8109 -51.258 
15.2983 -61.7986 
14.6803 -71.9975 
13.9604 -81.7844 
13.1425 -91.0913 
12.2316 -99.853 
11.2331 -108.007 
10.153 -115.496 
8.99805 -122.265 
7.7754 -128.263 
6.49277 -133.447 
5.1583 -137.776 
3.78054 -141.214 
2.3684 -143.735 
0.931048 -145.314 
-0.52209 -145.934 
-1.98143 -145.586 
-3.4373 -144.265 
-4.87995 -141.974 
-6.29969 -138.721 
-7.6869 -134.521 
-9.03211 -129.396 
-10.3261 -123.375 
-11.5598 -116.491 
-12.7247 -108.784 
-13.8126 -100.301 
-14.8156 -91.0927 
-15.7265 -81.2156 
-16.5387 -70.7313 
-17.246 -59.7055 
-17.843 -48.2082 
-18.3251 -36.3129 
-18.6882 -24.0961 
-18.9292 -11.6373 
-19.0456 0.98217 
-19.0358 13.6792 
-18.899 26.3697 
-18.6353 38.969 
-18.2456 51.3925 
-17.7316 63.5563 
-17.0961 75.3774 
-16.3423 86.7747 
-15.4746 97.6696 
-14.4979 107.986 
-13.418 117.651 
-12.2415 126.597 
-10.9755 134.758 
-9.62795 142.075 
-8.20721 148.493 
-6.72228 153.965 
-5.18263 158.446 
-3.59817 161.901 
-1.97915 164.3 
-0.336153 165.62 
1.32004 165.844 
2.97848 164.964 
4.62811 162.978 
6.25789 159.893 
7.85682 155.721 
9.41402 150.483 
10.9189 144.207 
12.3609 136.927 
13.7302 128.687 
15.0171 119.533 
16.2124 109.522 
17.3076 98.7138 
18.2948 87.1753 
19.1665 74.9788 
19.9163 62.2012 
20.5383 48.9236 
21.0275 35.2314 
21.3799 21.2131 
21.592 6.95983 
21.6616 -7.43483 
21.5872 -21.8759 
21.3685 -36.2674 
21.0058 -50.513 
20.5007 -64.5169 
19.8555 -78.184 
19.0737 -91.421 
18.1595 -104.137 
17.1181 -116.243 
15.9557 -127.655 
14.6791 -138.292 
13.2962 -148.078 
11.8154 -156.942 
10.246 -164.819 
8.59778 -171.65 
6.88128 -177.382 
5.10746 -181.969 
3.28777 -185.374 
1.43402 -187.566 
-0.441639 -188.522 
-2.32686 -188.228 
-4.20914 -186.677 
-6.07591 -183.87 
-7.91461 -179.82 
-9.71281 -174.543 
-11.4582 -168.068 
-13.1389 -160.429 
-14.7432 -151.67 
-16.2599 -141.841 
-17.6783 -131.001 
-18.9884 -119.216 
-20.1805 -106.557 
-21.2461 -93.1033 
-22.1771 -78.9392 
-22.9665 -64.1545 
-23.608 -48.8435 
-24.0965 -33.1048 
-24.4275 -17.0405 
-24.5979 -0.755432 
-24.6055 15.6432 
-24.4491 32.0469 
-24.1286 48.3462 
-23.6451 64.432 
-23.0008 80.1954 
-22.1989 95.5292 
-21.2436 110.328 
-20.1403 124.491 
-18.8954 137.918 
-17.5162 150.515 
-16.011 162.192 
-14.3891 172.866 
-12.6605 182.459 
-10.8359 190.899 
-8.92688 198.123 
-6.94565 204.074 
-4.90491 208.705 
-2.81786 211.975 
-0.698114 213.853 
1.44042 214.319 
3.58361 213.358 
5.71719 210.969 
7.82688 207.158 
9.89846 201.94 
11.9179 195.341 
13.8713 187.396 
15.7452 178.148 
17.5267 167.651 
19.2032 155.967 
20.7629 143.165 
22.1945 129.323 
23.4878 114.526 
24.633 98.868 
25.6217 82.446 
26.4462 65.3648 
27.0998 47.734 
