1 0 
0.996669 -0.665926 
0.986696 -1.32741 
0.97015 -1.98006 
0.947139 -2.61951 
0.917818 -3.24151 
0.882381 -3.84191 
0.841065 -4.41671 
0.794145 -4.96208 
0.741934 -5.47439 
0.684779 -5.95023 
0.623061 -6.38642 
0.557192 -6.78005 
0.487611 -7.12851 
0.41478 -7.42948 
0.339186 -7.68094 
0.261332 -7.88122 
0.181737 -8.029 
0.100931 -8.12327 
0.0194522 -8.16342 
-0.0621561 -8.14918 
-0.14335 -8.08064 
-0.223589 -7.95826 
-0.302339 -7.78285 
-0.379073 -7.55559 
-0.453282 -7.27798 
-0.524471 -6.95188 
-0.592166 -6.57946 
-0.655914 -6.1632 
-0.715293 -5.70588 
-0.769905 -5.21054 
-0.819388 -4.68048 
-0.863411 -4.11924 
-0.901681 -3.53055 
-0.933943 -2.91833 
-0.959983 -2.28667 
-0.979626 -1.63978 
-0.992742 -0.981956 
-0.999243 -0.317592 
-0.999087 0.348888 
-0.992273 1.01304 
-0.978848 1.67045 
-0.958901 2.31672 
-0.932565 2.94756 
-0.900016 3.55876 
-0.861469 4.14625 
-0.817183 4.70611 
-0.767451 5.23462 
-0.712607 5.72824 
-0.653014 6.1837 
-0.58907 6.59796 
-0.521201 6.96826 
-0.44986 7.29212 
-0.375521 7.5674 
-0.29868 7.79226 
-0.219849 7.9652 
-0.139553 8.08507 
-0.0583271 8.15106 
0.0232873 8.16275 
0.104747 8.12005 
0.185508 8.02324 
0.265033 7.87298 
0.342793 7.67026 
0.418268 7.41643 
0.490956 7.11319 
0.560374 6.76255 
0.626057 6.36685 
0.687569 5.92873 
0.7445 5.45111 
0.79647 4.93717 
0.843134 4.39033 
0.884179 3.81424 
0.919334 3.21274 
0.948363 2.58983 
0.971073 1.94966 
0.987313 1.2965 
0.996974 0.634704 
0.999992 -0.0313211 
0.996348 -0.697138 
0.986065 -1.35831 
0.969212 -2.01043 
0.945901 -2.64916 
0.916288 -3.27023 
0.880569 -3.86952 
0.838984 -4.44302 
0.791808 -4.98692 
0.739356 -5.49759 
0.681978 -5.97163 
0.620056 -6.40588 
0.554003 -6.79745 
0.484258 -7.14373 
0.411287 -7.44241 
0.335575 -7.69151 
0.257628 -7.88935 
0.177964 -8.03463 
0.0971137 -8.12637 
0.0156167 -8.16397 
-0.0659843 -8.14717 
-0.147146 -8.07609 
-0.227327 -7.95119 
-0.305993 -7.77332 
-0.38262 -7.54366 
-0.456698 -7.26373 
-0.527733 -6.9354 
-0.595252 -6.56087 
-0.658805 -6.14261 
-0.717968 -5.68343 
-0.772347 -5.18639 
-0.82158 -4.65478 
-0.86534 -4.09216 
-0.903333 -3.50228 
-0.935307 -2.88906 
-0.96105 -2.25659 
-0.980389 -1.60908 
-0.993196 -0.950855 
-0.999385 -0.286293 
-0.998915 0.380177 
-0.99179 1.04411 
-0.978056 1.70109 
-0.957806 2.34674 
-0.931173 2.97675 
-0.898337 3.58693 
-0.859515 4.1732 
-0.814966 4.73167 
-0.764986 5.25861 
-0.70991 5.75052 
-0.650104 6.20411 
-0.585966 6.61636 
-0.517924 6.98453 
-0.44643 7.30616 
-0.371963 7.57911 
-0.295017 7.80156 
-0.216105 7.97203 
-0.135753 8.08938 
-0.0544971 8.15283 
0.0271221 8.16196 
0.108561 8.11671 
0.189276 8.01737 
0.26873 7.86462 
0.346394 7.65946 
0.421749 7.40327 
0.494295 7.09776 
0.563546 6.74495 
0.629044 6.3472 
0.690349 5.90715 
0.747055 5.42775 
0.798784 4.91219 
0.84519 4.36389 
0.885965 3.78652 
0.920836 3.18392 
0.949572 2.5601 
0.971981 1.91923 
0.987914 1.26557 
0.997265 0.603473 
0.99997 -0.0626417 
0.996013 -0.728339 
0.98542 -1.38918 
0.96826 -2.04077 
0.94465 -2.67876 
0.914745 -3.29891 
0.878745 -3.89707 
0.83689 -4.46926 
0.789459 -5.01168 
0.736768 -5.52071 
0.679167 -5.99295 
0.617042 -6.42526 
0.550805 -6.81475 
0.480898 -7.15885 
0.407787 -7.45524 
0.331959 -7.70196 
0.253919 -7.89736 
0.174187 -8.04014 
0.093295 -8.12935 
0.011781 -8.1644 
-0.0698115 -8.14504 
-0.150939 -8.07142 
-0.23106 -7.94401 
-0.309643 -7.76368 
-0.386162 -7.53162 
-0.460107 -7.24937 
-0.530988 -6.91882 
-0.59833 -6.54217 
-0.661686 -6.12193 
-0.720633 -5.6609 
-0.774778 -5.16216 
-0.823761 -4.62901 
-0.867256 -4.06503 
-0.904971 -3.47396 
-0.936658 -2.85974 
-0.962103 -2.22647 
-0.981137 -1.57836 
-0.993635 -0.91974 
-0.999512 -0.254989 
-0.998729 0.411462 
-0.991292 1.07517 
-0.97725 1.73172 
-0.956696 2.37672 
-0.929768 3.00589 
-0.896645 3.61504 
-0.857548 4.20009 
-0.812736 4.75716 
-0.76251 5.28254 
-0.707203 5.77271 
-0.647184 6.22442 
-0.582853 6.63466 
-0.514638 7.0007 
-0.442994 7.32009 
-0.368399 7.5907 
-0.291349 7.81074 
-0.212358 7.97874 
-0.131952 8.09357 
-0.0506664 8.15448 
0.0309566 8.16105 
0.112373 8.11325 
0.193041 8.01138 
0.272423 7.85614 
0.349989 7.64856 
0.425224 7.39001 
0.497625 7.08222 
0.566711 6.72725 
0.632021 6.32745 
0.693119 5.88549 
0.7496 5.40431 
0.801086 4.88713 
0.847234 4.33739 
0.887737 3.75874 
0.922325 3.15505 
0.950768 2.53034 
0.972876 1.88877 
0.988501 1.23461 
0.997541 0.572233 
0.999933 -0.0939614 
0.995663 -0.75953 
0.98476 -1.42004 
0.967294 -2.07108 
0.943384 -2.70833 
0.913188 -3.32753 
0.876907 -3.92456 
0.834784 -4.49544 
0.787098 -5.03637 
0.734168 -5.54374 
0.676347 -6.01417 
0.614019 -6.44453 
0.547599 -6.83195 
0.477531 -7.17385 
0.404282 -7.46796 
0.328338 -7.7123 
0.250207 -7.90525 
0.170409 -8.04554 
0.089475 -8.13221 
0.00794518 -8.1647 
-0.0736376 -8.14279 
-0.15473 -8.06663 
-0.234791 -7.93672 
-0.313288 -7.75392 
-0.389697 -7.51946 
-0.46351 -7.2349 
-0.534234 -6.90214 
-0.601399 -6.52338 
-0.664557 -6.10116 
-0.723287 -5.63829 
-0.777198 -5.13785 
-0.82593 -4.60318 
-0.869159 -4.03784 
-0.906597 -3.44559 
-0.937994 -2.83038 
-0.963142 -2.19632 
-0.981872 -1.54762 
-0.99406 -0.888611 
-0.999624 -0.223681 
-0.998528 0.44274 
-0.990779 1.10621 
-0.976429 1.76231 
-0.955572 2.40667 
-0.928349 3.03499 
-0.89494 3.64309 
-0.855568 4.22692 
-0.810495 4.78258 
-0.760022 5.30638 
-0.704486 5.79482 
-0.644255 6.24465 
-0.579731 6.65287 
-0.511345 7.01676 
-0.439552 7.33391 
-0.36483 7.60218 
-0.287677 7.81981 
-0.208608 7.98533 
-0.128148 8.09764 
-0.0468349 8.156 
0.0347905 8.16002 
0.116184 8.10967 
0.196804 8.00528 
0.276112 7.84755 
0.35358 7.63754 
0.428693 7.37664 
0.500949 7.06658 
0.569867 6.70945 
0.634989 6.3076 
0.695879 5.86373 
0.752133 5.3808 
0.803376 4.862 
0.849265 4.31082 
0.889496 3.73091 
0.923801 3.12614 
0.95195 2.50054 
0.973756 1.85828 
0.989074 1.20364 
0.997802 0.540985 
0.999882 -0.12528 
0.995299 -0.790709 
0.984085 -1.45087 
0.966314 -2.10136 
0.942104 -2.73786 
0.911618 -3.35611 
0.875057 -3.952 
0.832666 -4.52155 
0.784726 -5.06098 
0.731558 -5.56669 
0.673516 -6.03531 
0.610986 -6.46372 
0.544385 -6.84905 
0.474157 -7.18876 
0.40077 -7.48056 
0.324712 -7.72252 
0.246491 -7.91303 
0.166628 -8.05081 
0.0856537 -8.13495 
0.00410921 -8.16489 
-0.0774627 -8.14043 
-0.158518 -8.06172 
-0.238518 -7.9293 
-0.316928 -7.74405 
-0.393227 -7.5072 
-0.466905 -7.22033 
-0.537473 -6.88535 
-0.60446 -6.5045 
-0.667419 -6.0803 
-0.72593 -5.61559 
-0.779606 -5.11347 
-0.828086 -4.57728 
-0.871049 -4.01058 
-0.908209 -3.41717 
-0.939317 -2.80098 
-0.964166 -2.16614 
-0.982591 -1.51686 
-0.99447 -0.85747 
-0.999722 -0.19237 
-0.998313 0.474011 
-0.990252 1.13723 
-0.975593 1.79288 
-0.954434 2.43658 
-0.926916 3.06405 
-0.893221 3.67109 
-0.853576 4.25368 
-0.808242 4.80793 
-0.757524 5.33014 
-0.701758 5.81684 
-0.641316 6.26478 
-0.576601 6.67098 
-0.508045 7.03273 
-0.436103 7.34762 
-0.361256 7.61355 
-0.284001 7.82876 
-0.204855 7.9918 
-0.124343 8.10159 
-0.0430027 8.15741 
0.038624 8.15887 
0.119993 8.10597 
0.200563 7.99905 
0.279797 7.83884 
0.357166 7.62641 
0.432155 7.36315 
0.504265 7.05084 
0.573015 6.69155 
0.637947 6.28767 
0.698629 5.84189 
0.754656 5.3572 
0.805654 4.83681 
0.851284 4.28419 
0.891242 3.70302 
0.925262 3.09718 
0.953117 2.47071 
0.974622 1.82777 
0.989632 1.17266 
0.998049 0.509729 
0.999815 -0.156596 
0.99492 -0.821877 
0.983396 -1.48168 
0.965319 -2.13162 
0.940811 -2.76734 
0.910034 -3.38464 
0.873194 -3.97938 
0.830535 -4.5476 
0.782343 -5.08552 
0.728937 -5.58956 
0.670676 -6.05636 
0.607945 -6.48281 
0.541163 -6.86605 
0.470776 -7.20355 
0.397252 -7.49306 
0.321082 -7.73264 
0.242772 -7.92069 
0.162844 -8.05597 
0.0818311 -8.13758 
0.000273181 -8.16496 
-0.0812866 -8.13794 
-0.162305 -8.0567 
-0.242241 -7.92177 
-0.320564 -7.73407 
-0.396751 -7.49483 
-0.470294 -7.20565 
-0.540704 -6.86847 
-0.607511 -6.48552 
-0.67027 -6.05935 
-0.728563 -5.59282 
-0.782002 -5.08901 
-0.830231 -4.5513 
-0.872927 -3.98327 
-0.909807 -3.38869 
-0.940626 -2.77154 
-0.965177 -2.13592 
-0.983297 -1.48607 
-0.994865 -0.826315 
-0.999805 -0.161056 
-0.998083 0.505276 
-0.98971 1.16824 
-0.974744 1.82342 
-0.953282 2.46646 
-0.925469 3.09305 
-0.89149 3.69904 
-0.851571 4.28039 
-0.805977 4.83321 
-0.755014 5.35383 
-0.69902 5.83878 
-0.638368 6.28482 
-0.573463 6.68899 
-0.504737 7.04859 
-0.432648 7.36122 
-0.357676 7.62481 
-0.280321 7.83759 
-0.201098 7.99816 
-0.120536 8.10543 
-0.0391699 8.15869 
0.0424568 8.1576 
0.123801 8.10215 
0.20432 7.99271 
0.283477 7.83002 
0.360746 7.61516 
0.435611 7.34956 
0.507574 7.03499 
0.576155 6.67355 
0.640897 6.26764 
0.701368 5.81997 
0.757167 5.33352 
0.80792 4.81153 
0.853291 4.25749 
0.892975 3.67508 
0.92671 3.06818 
0.954271 2.44084 
0.975473 1.79723 
0.990176 1.14165 
0.998281 0.478465 
0.999734 -0.18791 
0.994527 -0.853033 
0.982692 -1.51247 
0.964311 -2.16183 
0.939504 -2.79679 
0.908437 -3.41311 
0.871317 -4.00669 
0.828392 -4.57358 
0.779947 -5.10999 
0.726306 -5.61235 
0.667825 -6.07732 
0.604895 -6.5018 
0.537934 -6.88295 
0.467388 -7.21825 
0.393729 -7.50544 
0.317446 -7.74263 
0.239048 -7.92824 
0.159058 -8.06101 
0.0780074 -8.14008 
-0.00356285 -8.16491 
-0.0851093 -8.13533 
-0.166089 -8.05155 
-0.245961 -7.91413 
-0.324195 -7.72397 
-0.400269 -7.48235 
-0.473676 -7.19087 
-0.543927 -6.85148 
-0.610553 -6.46644 
-0.673112 -6.03831 
-0.731185 -5.56995 
-0.784387 -5.06448 
-0.832363 -4.52527 
-0.874792 -3.9559 
-0.911393 -3.36017 
-0.941921 -2.74206 
-0.966173 -2.10567 
-0.983987 -1.45526 
-0.995246 -0.795149 
-0.999873 -0.12974 
-0.997838 0.536533 
-0.989154 1.19923 
-0.97388 1.85394 
-0.952116 2.4963 
-0.924009 3.12202 
-0.889745 3.72694 
-0.849553 4.30703 
-0.803701 4.85842 
-0.752493 5.37744 
-0.696271 5.86063 
-0.635411 6.30477 
-0.570316 6.7069 
-0.501422 7.06434 
-0.429186 7.37472 
-0.354091 7.63596 
-0.276637 7.84632 
-0.197339 8.0044 
-0.116727 8.10914 
-0.0353365 8.15986 
0.0462891 8.1562 
0.127606 8.09821 
0.208073 7.98625 
0.287154 7.82108 
0.364321 7.60381 
0.439061 7.33586 
0.510875 7.01904 
0.579286 6.65545 
0.643837 6.24752 
0.704097 5.79796 
0.759667 5.30976 
0.810175 4.78619 
0.855284 4.23073 
0.894695 3.64708 
0.928145 3.03913 
0.95541 2.41093 
0.97631 1.76667 
0.990704 1.11063 
0.998498 0.447194 
0.999638 -0.219222 
0.994118 -0.884176 
0.981975 -1.54324 
0.963288 -2.19202 
0.938183 -2.8262 
0.906827 -3.44154 
0.869428 -4.03396 
0.826237 -4.59949 
0.777541 -5.13438 
0.723664 -5.63506 
0.664965 -6.09819 
0.601835 -6.5207 
0.534696 -6.89975 
0.463994 -7.23283 
0.3902 -7.51772 
0.313806 -7.75252 
0.235322 -7.93566 
0.155269 -8.06593 
0.0741824 -8.14246 
-0.00739883 -8.16473 
-0.0889308 -8.13261 
-0.16987 -8.04629 
-0.249678 -7.90636 
-0.327822 -7.71376 
-0.403781 -7.46975 
-0.477051 -7.17598 
-0.547142 -6.83439 
-0.613587 -6.44727 
-0.675944 -6.01719 
-0.733797 -5.54701 
-0.786761 -5.03988 
-0.834482 -4.49916 
-0.876644 -3.92847 
-0.912964 -3.3316 
-0.943202 -2.71254 
-0.967155 -2.0754 
-0.984664 -1.42443 
-0.995612 -0.763971 
-0.999926 -0.098422 
-0.997578 0.567783 
-0.988583 1.2302 
-0.973001 1.88443 
-0.950936 2.5261 
-0.922535 3.15094 
-0.887988 3.75478 
-0.847523 4.3336 
-0.801412 4.88355 
-0.749961 5.40097 
-0.693513 5.88239 
-0.632444 6.32462 
-0.567161 6.72471 
-0.498099 7.08 
-0.425718 7.38811 
-0.350501 7.64699 
-0.272948 7.85492 
-0.193577 8.01052 
-0.112916 8.11274 
-0.0315026 8.1609 
0.0501207 8.15469 
0.13141 8.09415 
0.211824 7.97968 
0.290826 7.81203 
0.367891 7.59234 
0.442504 7.32206 
0.514169 7.00299 
0.582408 6.63726 
0.646767 6.22731 
0.706816 5.77586 
0.762156 5.28593 
0.812417 4.76078 
0.857266 4.20391 
0.896402 3.61903 
0.929566 3.01004 
0.956536 2.38099 
0.977133 1.73607 
0.991219 1.07959 
0.9987 0.415917 
0.999528 -0.25053 
0.993695 -0.915307 
0.981242 -1.57398 
0.962251 -2.22218 
0.936848 -2.85556 
0.905203 -3.46992 
0.867527 -4.06116 
0.82407 -4.62534 
0.775123 -5.1587 
0.721011 -5.65768 
0.662095 -6.11898 
0.598767 -6.5395 
0.53145 -6.91644 
0.460592 -7.24731 
0.386665 -7.52989 
0.310162 -7.76229 
0.231592 -7.94297 
0.151479 -8.07074 
0.0703564 -8.14472 
-0.0112347 -8.16444 
-0.092751 -8.12976 
-0.173649 -8.04091 
-0.25339 -7.89848 
-0.331443 -7.70343 
-0.407288 -7.45705 
-0.480419 -7.16098 
-0.550348 -6.8172 
-0.616611 -6.428 
-0.678766 -5.99597 
-0.736397 -5.52399 
-0.789123 -5.0152 
-0.83659 -4.47299 
-0.878483 -3.90098 
-0.914523 -3.30298 
-0.944469 -2.68297 
-0.968123 -2.04509 
-0.985326 -1.39358 
-0.995963 -0.732782 
-0.999965 -0.0671025 
-0.997304 0.599024 
-0.987998 1.26116 
-0.972109 1.91489 
-0.949742 2.55586 
-0.921048 3.17981 
-0.886217 3.78256 
-0.845481 4.36012 
-0.799112 4.90862 
-0.747418 5.42441 
-0.690744 5.90407 
-0.629468 6.34438 
-0.563997 6.74243 
-0.494769 7.09554 
-0.422244 7.40138 
-0.346906 7.65791 
-0.269256 7.86341 
-0.189812 8.01652 
-0.109104 8.11621 
-0.0276683 8.16183 
0.0539515 8.15306 
0.135212 8.08997 
0.215571 7.97298 
0.294494 7.80286 
0.371455 7.58076 
0.445941 7.30814 
0.517455 6.98683 
0.585522 6.61897 
0.649688 6.207 
0.709524 5.75368 
0.764633 5.26202 
0.814648 4.7353 
0.859234 4.17703 
0.898096 3.59093 
0.930973 2.9809 
0.957647 2.35101 
0.977941 1.70546 
0.991719 1.04854 
0.998888 0.384633 
0.999403 -0.281834 
0.993258 -0.946423 
0.980495 -1.60471 
0.961199 -2.2523 
0.935499 -2.88488 
0.903566 -3.49824 
0.865612 -4.0883 
0.821891 -4.65111 
0.772693 -5.18293 
0.718347 -5.68022 
0.659215 -6.13967 
0.59569 -6.5582 
0.528197 -6.93304 
0.457184 -7.26168 
0.383125 -7.54194 
0.306513 -7.77195 
0.227858 -7.95017 
0.147686 -8.07542 
0.0665294 -8.14686 
-0.0150704 -8.16403 
-0.0965697 -8.12679 
-0.177426 -8.03541 
-0.257099 -7.89049 
-0.33506 -7.69299 
-0.410788 -7.44424 
-0.483779 -7.14588 
-0.553547 -6.79991 
-0.619627 -6.40864 
-0.681577 -5.97466 
-0.738987 -5.50088 
-0.791473 -4.99044 
-0.838685 -4.44675 
-0.880309 -3.87344 
-0.916068 -3.27431 
-0.945723 -2.65337 
-0.969076 -2.01475 
-0.985973 -1.36271 
-0.9963 -0.701581 
-0.999989 -0.035782 
-0.997015 0.630256 
-0.987398 1.29209 
-0.971202 1.94532 
-0.948535 2.58559 
-0.919547 3.20863 
-0.884433 3.81029 
-0.843426 4.38656 
-0.796799 4.93361 
-0.744864 5.44778 
-0.687965 5.92566 
-0.626482 6.36405 
-0.560825 6.76004 
-0.491432 7.11099 
-0.418763 7.41455 
-0.343305 7.66872 
-0.26556 7.87179 
-0.186044 8.0224 
-0.10529 8.11957 
-0.0238335 8.16263 
0.0577815 8.15131 
0.139012 8.08568 
0.219315 7.96617 
0.298158 7.79358 
0.375014 7.56907 
0.449371 7.29412 
0.520734 6.97057 
0.588628 6.60058 
0.652599 6.18661 
0.712222 5.73141 
0.7671 5.23803 
0.816866 4.70975 
0.86119 4.15009 
0.899776 3.56277 
0.932366 2.95172 
0.958745 2.321 
0.978735 1.67481 
0.992204 1.01747 
0.999062 0.353344 
0.999263 -0.313134 
0.992806 -0.977526 
0.979734 -1.6354 
0.960134 -2.28239 
0.934137 -2.91416 
0.901916 -3.52652 
0.863685 -4.11538 
0.8197 -4.67682 
0.770252 -5.2071 
0.715673 -5.70268 
0.656326 -6.16027 
0.592605 -6.57681 
0.524936 -6.94953 
0.453769 -7.27595 
0.379578 -7.55388 
0.302859 -7.78149 
0.224121 -7.95725 
0.143891 -8.07998 
0.0627013 -8.14889 
-0.0189059 -8.16349 
-0.100387 -8.12371 
-0.181199 -8.02979 
-0.260805 -7.88238 
-0.338672 -7.68244 
-0.414283 -7.43132 
-0.487133 -7.13068 
-0.556738 -6.78253 
-0.622633 -6.38918 
-0.684379 -5.95327 
-0.741566 -5.47769 
-0.793811 -4.96562 
-0.840768 -4.42045 
-0.882122 -3.84584 
-0.917599 -3.2456 
-0.946962 -2.62373 
-0.970015 -1.98438 
-0.986606 -1.33181 
-0.996622 -0.670371 
-0.999998 -0.00446103 
-0.996711 0.661479 
-0.986783 1.32301 
-0.97028 1.97573 
-0.947313 2.61528 
-0.918033 3.23741 
-0.882636 3.83796 
-0.841359 4.41295 
-0.794476 4.95853 
-0.742299 5.47107 
-0.685176 5.94716 
-0.623487 6.38362 
-0.557645 6.77755 
-0.488087 7.12633 
-0.415277 7.42761 
-0.3397 7.67941 
-0.261859 7.88004 
-0.182274 8.02817 
-0.101474 8.12281 
-0.0199984 8.16332 
0.0616107 8.14944 
0.142809 8.08126 
0.223056 7.95924 
0.301817 7.78418 
0.378567 7.55726 
0.452795 7.27999 
0.524005 6.95421 
0.591724 6.58209 
0.655501 6.16612 
0.71491 5.70906 
0.769555 5.21397 
0.819073 4.68413 
0.863134 4.12308 
0.901443 3.53456 
0.933746 2.92249 
0.959828 2.29095 
0.979514 1.64414 
0.992674 0.986383 
0.99922 0.32205 
0.999108 -0.34443 
0.992339 -1.00861 
0.978958 -1.66608 
0.959055 -2.31244 
0.932761 -2.9434 
0.900252 -3.55474 
0.861745 -4.1424 
0.817496 -4.70246 
0.7678 -5.23118 
0.712989 -5.72505 
0.653426 -6.18078 
0.58951 -6.59532 
0.521667 -6.96592 
0.450347 -7.2901 
0.376027 -7.56571 
0.299201 -7.79092 
0.220381 -7.96421 
0.140094 -8.08443 
0.0588724 -8.15079 
-0.0227411 -8.16284 
-0.104203 -8.1205 
-0.184971 -8.02406 
-0.264506 -7.87415 
-0.342279 -7.67177 
-0.417771 -7.41828 
-0.490479 -7.11537 
-0.55992 -6.76504 
-0.62563 -6.36963 
-0.687171 -5.93179 
-0.744134 -5.45442 
-0.796138 -4.94072 
-0.842838 -4.39409 
-0.883923 -3.81818 
-0.919117 -3.21683 
-0.948188 -2.59405 
-0.97094 -1.95399 
-0.987224 -1.3009 
-0.99693 -0.639151 
-0.999993 0.02686 
-0.996393 0.692692 
-0.986154 1.35391 
-0.969345 2.0061 
-0.946077 2.64493 
-0.916505 3.26614 
-0.880827 3.86558 
-0.839279 4.43927 
-0.79214 4.98338 
-0.739723 5.49428 
-0.682376 5.96858 
-0.620484 6.40311 
-0.554457 6.79497 
-0.484735 7.14156 
-0.411784 7.44057 
-0.336089 7.68999 
-0.258155 7.88819 
-0.178501 8.03382 
-0.0976573 8.12592 
-0.016163 8.16388 
0.065439 8.14745 
0.146605 8.07673 
0.226794 7.95219 
0.305472 7.77467 
0.382115 7.54535 
0.456211 7.26575 
0.527268 6.93774 
0.594812 6.56351 
0.658393 6.14554 
0.717586 5.68663 
0.771999 5.18982 
0.821268 4.65844 
0.865064 4.09602 
0.903097 3.5063 
0.935112 2.89323 
0.960897 2.26087 
0.980279 1.61345 
0.99313 0.955284 
0.999364 0.29075 
0.998939 -0.37572 
0.991858 -1.03969 
0.978168 -1.69673 
0.957961 -2.34246 
0.931371 -2.97259 
0.898575 -3.58291 
0.859792 -4.16936 
0.815281 -4.72803 
0.765337 -5.25519 
0.710294 -5.74734 
0.650518 -6.2012 
0.586407 -6.61374 
0.51839 -6.98221 
0.446918 -7.30415 
0.372469 -7.57744 
0.295538 -7.80023 
0.216638 -7.97105 
0.136294 -8.08876 
0.0550426 -8.15257 
-0.0265759 -8.16207 
-0.108017 -8.11718 
-0.188739 -8.0182 
-0.268203 -7.8658 
-0.34588 -7.661 
-0.421253 -7.40514 
-0.493819 -7.09995 
-0.563094 -6.74745 
-0.628618 -6.34999 
-0.689953 -5.91022 
-0.746691 -5.43108 
-0.798454 -4.91574 
-0.844896 -4.36765 
-0.88571 -3.79047 
-0.920622 -3.18802 
-0.949399 -2.56433 
-0.971851 -1.92356 
-0.987828 -1.26997 
-0.997222 -0.607921 
-0.999973 0.0581807 
-0.99606 0.723895 
-0.985511 1.38479 
-0.968395 2.03645 
-0.944827 2.67454 
-0.914964 3.29482 
-0.879004 3.89314 
-0.837187 4.46552 
-0.789793 5.00815 
-0.737136 5.51741 
-0.679567 5.98991 
-0.617471 6.42249 
-0.55126 6.81228 
-0.481376 7.15669 
-0.408285 7.45341 
-0.332474 7.70046 
-0.254447 7.89621 
-0.174725 8.03935 
-0.0938388 8.12892 
-0.0123273 8.16433 
0.0692663 8.14534 
0.150398 8.07208 
0.230528 7.94503 
0.309122 7.76505 
0.385657 7.53332 
0.459622 7.25141 
0.530524 6.92118 
0.597891 6.54483 
0.661275 6.12487 
0.720253 5.66411 
0.774431 5.1656 
0.82345 4.63268 
0.866982 4.06889 
0.904737 3.47799 
0.936465 2.86391 
0.961952 2.23076 
0.98103 1.58274 
0.993572 0.924171 
0.999493 0.259447 
