-0.999989 0.999978
-0.999969 0.999938
-0.99994 0.999879
-0.9999 0.999801
-0.999851 0.999702
-0.999792 0.999584
-0.999723 0.999446
-0.999644 0.999289
-0.999556 0.999111
-0.999457 0.998914
-0.999349 0.998698
-0.999231 0.998462
-0.999103 0.998206
-0.998965 0.99793
-0.998817 0.997635
-0.998659 0.997321
-0.998492 0.996987
-0.998315 0.996633
-0.998128 0.996259
-0.997931 0.995866
-0.997724 0.995454
-0.997508 0.995022
-0.997281 0.99457
-0.997045 0.994099
-0.996799 0.993609
-0.996543 0.993099
-0.996278 0.992569
-0.996002 0.992021
-0.995717 0.991453
-0.995422 0.990865
-0.995117 0.990258
-0.994803 0.989632
-0.994478 0.988987
-0.994144 0.988322
-0.9938 0.987638
-0.993446 0.986935
-0.993082 0.986212
-0.992709 0.985471
-0.992326 0.98471
-0.991933 0.983931
-0.99153 0.983132
-0.991117 0.982314
-0.990695 0.981477
-0.990263 0.980621
-0.989821 0.979746
-0.98937 0.978853
-0.988909 0.97794
-0.988438 0.977009
-0.987957 0.976059
-0.987466 0.97509
-0.986966 0.974102
-0.986456 0.973096
-0.985937 0.972071
-0.985407 0.971028
-0.984868 0.969965
-0.984319 0.968885
-0.983761 0.967786
-0.983193 0.966668
-0.982615 0.965532
-0.982028 0.964378
-0.98143 0.963206
-0.980824 0.962015
-0.980207 0.960806
-0.979581 0.959579
-0.978945 0.958333
-0.9783 0.95707
-0.977645 0.955789
-0.97698 0.954489
-0.976305 0.953172
-0.975621 0.951837
-0.974928 0.950484
-0.974225 0.949114
-0.973512 0.947726
-0.97279 0.94632
-0.972058 0.944896
-0.971316 0.943455
-0.970565 0.941997
-0.969804 0.940521
-0.969034 0.939027
-0.968255 0.937517
-0.967465 0.935989
-0.966666 0.934444
-0.965858 0.932882
-0.96504 0.931303
-0.964213 0.929707
-0.963376 0.928093
-0.96253 0.926464
-0.961674 0.924817
-0.960809 0.923153
-0.959934 0.921473
-0.95905 0.919776
-0.958156 0.918063
-0.957253 0.916333
-0.95634 0.914587
-0.955418 0.912825
-0.954487 0.911046
-0.953546 0.909251
-0.952596 0.90744
-0.951637 0.905612
-0.950668 0.903769
-0.94969 0.90191
-0.948702 0.900035
-0.947705 0.898145
-0.946699 0.896238
-0.945683 0.894316
-0.944658 0.892379
-0.943624 0.890426
-0.94258 0.888458
-0.941528 0.886474
-0.940465 0.884475
-0.939394 0.882461
-0.938313 0.880432
-0.937224 0.878388
-0.936125 0.876329
-0.935016 0.874255
-0.933899 0.872167
-0.932772 0.870064
-0.931636 0.867946
-0.930491 0.865814
-0.929337 0.863667
-0.928173 0.861506
-0.927001 0.859331
-0.925819 0.857141
-0.924628 0.854938
-0.923429 0.85272
-0.92222 0.850489
-0.921001 0.848244
-0.919774 0.845985
-0.918538 0.843712
-0.917293 0.841426
-0.916039 0.839127
-0.914775 0.836814
-0.913503 0.834488
-0.912222 0.832148
-0.910931 0.829796
-0.909632 0.82743
-0.908324 0.825052
-0.907007 0.822661
-0.90568 0.820257
-0.904345 0.817841
-0.903001 0.815412
-0.901649 0.81297
-0.900287 0.810516
-0.898916 0.808051
-0.897537 0.805572
-0.896149 0.803082
-0.894751 0.80058
-0.893346 0.798066
-0.891931 0.795541
-0.890507 0.793003
-0.889075 0.790454
-0.887634 0.787894
-0.886184 0.785322
-0.884726 0.78274
-0.883258 0.780145
-0.881783 0.77754
-0.880298 0.774924
-0.878805 0.772298
-0.877303 0.76966
-0.875792 0.767012
-0.874273 0.764353
-0.872745 0.761684
-0.871209 0.759005
-0.869664 0.756315
-0.86811 0.753615
-0.866548 0.750905
-0.864977 0.748186
-0.863398 0.745456
-0.861811 0.742717
-0.860214 0.739969
-0.85861 0.737211
-0.856997 0.734443
-0.855375 0.731667
-0.853745 0.728881
-0.852107 0.726086
-0.85046 0.723282
-0.848805 0.72047
-0.847141 0.717649
-0.84547 0.714819
-0.843789 0.71198
-0.842101 0.709134
-0.840404 0.706279
-0.838699 0.703416
-0.836986 0.700545
-0.835264 0.697666
-0.833534 0.69478
-0.831796 0.691885
-0.83005 0.688983
-0.828296 0.686074
-0.826533 0.683157
-0.824763 0.680233
-0.822984 0.677302
-0.821197 0.674364
-0.819402 0.67142
-0.817599 0.668468
-0.815788 0.66551
-0.813969 0.662545
-0.812142 0.659574
-0.810306 0.656596
-0.808463 0.653613
-0.806612 0.650623
-0.804753 0.647627
-0.802886 0.644626
-0.801011 0.641619
-0.799128 0.638606
-0.797238 0.635588
-0.795339 0.632565
-0.793433 0.629536
-0.791519 0.626502
-0.789597 0.623463
-0.787667 0.620419
-0.78573 0.617371
-0.783784 0.614318
-0.781831 0.61126
-0.779871 0.608199
-0.777903 0.605132
-0.775927 0.602062
-0.773943 0.598988
-0.771952 0.595909
-0.769953 0.592827
-0.767946 0.589742
-0.765932 0.586652
-0.763911 0.58356
-0.761882 0.580464
-0.759845 0.577365
-0.757801 0.574263
-0.75575 0.571157
-0.753691 0.56805
-0.751624 0.564939
-0.74955 0.561826
-0.747469 0.55871
-0.745381 0.555592
-0.743285 0.552472
-0.741182 0.54935
-0.739071 0.546226
-0.736953 0.5431
-0.734828 0.539973
-0.732696 0.536843
-0.730556 0.533713
-0.72841 0.530581
-0.726256 0.527448
-0.724095 0.524313
-0.721927 0.521178
-0.719751 0.518042
-0.717569 0.514905
-0.71538 0.511768
-0.713183 0.50863
-0.71098 0.505492
-0.708769 0.502354
-0.706552 0.499215
-0.704327 0.496077
-0.702096 0.492939
-0.699858 0.489801
-0.697612 0.486663
-0.69536 0.483526
-0.693102 0.48039
-0.690836 0.477254
-0.688563 0.474119
-0.686284 0.470986
-0.683998 0.467853
-0.681705 0.464722
-0.679405 0.461592
-0.677099 0.458463
-0.674786 0.455337
-0.672467 0.452212
-0.670141 0.449089
-0.667808 0.445967
-0.665469 0.442848
-0.663123 0.439732
-0.66077 0.436617
-0.658411 0.433505
-0.656046 0.430396
-0.653674 0.42729
-0.651296 0.424186
-0.648911 0.421085
-0.64652 0.417988
-0.644122 0.414894
-0.641718 0.411803
-0.639308 0.408715
-0.636892 0.405631
-0.634469 0.402551
-0.63204 0.399475
-0.629605 0.396402
-0.627163 0.393334
-0.624716 0.39027
-0.622262 0.38721
-0.619802 0.384155
-0.617336 0.381104
-0.614864 0.378058
-0.612386 0.375017
-0.609902 0.37198
-0.607412 0.368949
-0.604916 0.365923
-0.602414 0.362902
-0.599906 0.359887
-0.597392 0.356877
-0.594872 0.353873
-0.592346 0.350874
-0.589815 0.347881
-0.587277 0.344895
-0.584734 0.341914
-0.582185 0.33894
-0.579631 0.335972
-0.57707 0.33301
-0.574504 0.330055
-0.571933 0.327107
-0.569355 0.324166
-0.566773 0.321231
-0.564184 0.318304
-0.56159 0.315383
-0.558991 0.31247
-0.556385 0.309565
-0.553775 0.306667
-0.551159 0.303776
-0.548537 0.300893
-0.545911 0.298018
-0.543278 0.295151
-0.540641 0.292292
-0.537998 0.289442
-0.53535 0.286599
-0.532696 0.283765
-0.530038 0.28094
-0.527374 0.278123
-0.524704 0.275315
-0.52203 0.272516
-0.519351 0.269725
-0.516666 0.266944
-0.513977 0.264172
-0.511282 0.261409
-0.508582 0.258656
-0.505877 0.255912
-0.503168 0.253178
-0.500453 0.250453
-0.497733 0.247738
-0.495009 0.245034
-0.492279 0.242339
-0.489545 0.239654
-0.486806 0.23698
-0.484062 0.234316
-0.481314 0.231663
-0.47856 0.22902
-0.475802 0.226388
-0.473039 0.223766
-0.470272 0.221156
-0.4675 0.218556
-0.464723 0.215968
-0.461942 0.21339
-0.459156 0.210824
-0.456366 0.20827
-0.453571 0.205727
-0.450772 0.203195
-0.447968 0.200675
-0.44516 0.198167
-0.442347 0.195671
-0.43953 0.193187
-0.436709 0.190715
-0.433884 0.188255
-0.431054 0.185808
-0.42822 0.183372
-0.425382 0.18095
-0.422539 0.178539
-0.419693 0.176142
-0.416842 0.173757
-0.413987 0.171385
-0.411128 0.169026
-0.408265 0.16668
-0.405398 0.164348
-0.402527 0.162028
-0.399652 0.159722
-0.396773 0.157429
-0.393891 0.15515
-0.391004 0.152884
-0.388113 0.150632
-0.385219 0.148394
-0.382321 0.146169
-0.379419 0.143959
-0.376513 0.141762
-0.373604 0.13958
-0.370691 0.137412
-0.367774 0.135258
-0.364854 0.133118
-0.36193 0.130993
-0.359003 0.128883
-0.356072 0.126787
-0.353137 0.124706
-0.350199 0.122639
-0.347258 0.120588
-0.344313 0.118551
-0.341365 0.11653
-0.338413 0.114523
-0.335458 0.112532
-0.3325 0.110556
-0.329538 0.108596
-0.326574 0.10665
-0.323606 0.104721
-0.320634 0.102806
-0.31766 0.100908
-0.314683 0.0990252
-0.311702 0.0971582
-0.308718 0.0953071
-0.305732 0.093472
-0.302742 0.0916528
-0.299749 0.0898498
-0.296754 0.0880629
-0.293755 0.0862922
-0.290754 0.0845378
-0.28775 0.0827998
-0.284742 0.0810783
-0.281733 0.0793732
-0.27872 0.0776848
-0.275704 0.0760129
-0.272686 0.0743578
-0.269665 0.0727194
-0.266642 0.0710979
-0.263616 0.0694933
-0.260587 0.0679056
-0.257556 0.0663349
-0.254522 0.0647814
-0.251486 0.063245
-0.248447 0.0617258
-0.245405 0.0602238
-0.242362 0.0587392
-0.239316 0.057272
-0.236267 0.0558222
-0.233216 0.0543899
-0.230163 0.0529752
-0.227108 0.0515781
-0.224051 0.0501986
-0.220991 0.0488369
-0.217929 0.047493
-0.214865 0.0461669
-0.211799 0.0448586
-0.20873 0.0435683
-0.20566 0.042296
-0.202588 0.0410417
-0.199513 0.0398055
-0.196437 0.0385874
-0.193359 0.0373875
-0.190278 0.0362059
-0.187196 0.0350425
-0.184112 0.0338974
-0.181027 0.0327707
-0.177939 0.0316624
-0.17485 0.0305725
-0.171759 0.0295012
-0.168666 0.0284484
-0.165572 0.0274141
-0.162476 0.0263985
-0.159379 0.0254015
-0.156279 0.0244233
-0.153179 0.0234637
-0.150077 0.022523
-0.146973 0.0216011
-0.143868 0.020698
-0.140761 0.0198138
-0.137654 0.0189485
-0.134544 0.0181022
-0.131434 0.0172748
-0.128322 0.0164665
-0.125209 0.0156772
-0.122094 0.014907
-0.118979 0.0141559
-0.115862 0.013424
-0.112744 0.0127112
-0.109625 0.0120177
-0.106505 0.0113433
-0.103384 0.0106882
-0.100262 0.0100524
-0.0971387 0.00943592
-0.0940146 0.00883874
-0.0908896 0.00826091
-0.0877637 0.00770246
-0.0846369 0.0071634
-0.0815093 0.00664376
-0.0783809 0.00614356
-0.0752517 0.00566282
-0.0721218 0.00520155
-0.0689911 0.00475978
-0.0658598 0.00433752
-0.0627279 0.00393479
-0.0595953 0.0035516
-0.0564621 0.00318797
-0.0533284 0.00284392
-0.0501942 0.00251945
-0.0470594 0.00221459
-0.0439242 0.00192934
-0.0407886 0.00166371
-0.0376525 0.00141771
-0.0345161 0.00119136
-0.0313794 0.000984666
-0.0282423 0.000797629
-0.025105 0.000630261
-0.0219674 0.000482567
-0.0188296 0.000354554
-0.0156916 0.000246227
-0.0125535 0.00015759
-0.00941522 8.86464e-05
-0.00627687 3.93991e-05
-0.00313845 9.84986e-06
6.12323e-17 4.88157e-17
0.00313845 9.84986e-06
0.00627687 3.93991e-05
0.00941522 8.86464e-05
0.0125535 0.00015759
0.0156916 0.000246227
0.0188296 0.000354554
0.0219674 0.000482567
0.025105 0.000630261
0.0282423 0.000797629
0.0313794 0.000984666
0.0345161 0.00119136
0.0376525 0.00141771
0.0407886 0.00166371
0.0439242 0.00192934
0.0470594 0.00221459
0.0501942 0.00251945
0.0533284 0.00284392
0.0564621 0.00318797
0.0595953 0.0035516
0.0627279 0.00393479
0.0658598 0.00433752
0.0689911 0.00475978
0.0721218 0.00520155
0.0752517 0.00566282
0.0783809 0.00614356
0.0815093 0.00664376
0.0846369 0.0071634
0.0877637 0.00770246
0.0908896 0.00826091
0.0940146 0.00883874
0.0971387 0.00943592
0.100262 0.0100524
0.103384 0.0106882
0.106505 0.0113433
0.109625 0.0120177
0.112744 0.0127112
0.115862 0.013424
0.118979 0.0141559
0.122094 0.014907
0.125209 0.0156772
0.128322 0.0164665
0.131434 0.0172748
0.134544 0.0181022
0.137654 0.0189485
0.140761 0.0198138
0.143868 0.020698
0.146973 0.0216011
0.150077 0.022523
0.153179 0.0234637
0.156279 0.0244233
0.159379 0.0254015
0.162476 0.0263985
0.165572 0.0274141
0.168666 0.0284484
0.171759 0.0295012
0.17485 0.0305725
0.177939 0.0316624
0.181027 0.0327707
0.184112 0.0338974
0.187196 0.0350425
0.190278 0.0362059
0.193359 0.0373875
0.196437 0.0385874
0.199513 0.0398055
0.202588 0.0410417
0.20566 0.042296
0.20873 0.0435683
0.211799 0.0448586
0.214865 0.0461669
0.217929 0.047493
0.220991 0.0488369
0.224051 0.0501986
0.227108 0.0515781
0.230163 0.0529752
0.233216 0.0543899
0.236267 0.0558222
0.239316 0.057272
0.242362 0.0587392
0.245405 0.0602238
0.248447 0.0617258
0.251486 0.063245
0.254522 0.0647814
0.257556 0.0663349
0.260587 0.0679056
0.263616 0.0694933
0.266642 0.0710979
0.269665 0.0727194
0.272686 0.0743578
0.275704 0.0760129
0.27872 0.0776848
0.281733 0.0793732
0.284742 0.0810783
0.28775 0.0827998
0.290754 0.0845378
0.293755 0.0862922
0.296754 0.0880629
0.299749 0.0898498
0.302742 0.0916528
0.305732 0.093472
0.308718 0.0953071
0.311702 0.0971582
0.314683 0.0990252
0.31766 0.100908
0.320634 0.102806
0.323606 0.104721
0.326574 0.10665
0.329538 0.108596
0.3325 0.110556
0.335458 0.112532
0.338413 0.114523
0.341365 0.11653
0.344313 0.118551
0.347258 0.120588
0.350199 0.122639
0.353137 0.124706
0.356072 0.126787
0.359003 0.128883
0.36193 0.130993
0.364854 0.133118
0.367774 0.135258
0.370691 0.137412
0.373604 0.13958
0.376513 0.141762
0.379419 0.143959
0.382321 0.146169
0.385219 0.148394
0.388113 0.150632
0.391004 0.152884
0.393891 0.15515
0.396773 0.157429
0.399652 0.159722
0.402527 0.162028
0.405398 0.164348
0.408265 0.16668
0.411128 0.169026
0.413987 0.171385
0.416842 0.173757
0.419693 0.176142
0.422539 0.178539
0.425382 0.18095
0.42822 0.183372
0.431054 0.185808
0.433884 0.188255
0.436709 0.190715
0.43953 0.193187
0.442347 0.195671
0.44516 0.198167
0.447968 0.200675
0.450772 0.203195
0.453571 0.205727
0.456366 0.20827
0.459156 0.210824
0.461942 0.21339
0.464723 0.215968
0.4675 0.218556
0.470272 0.221156
0.473039 0.223766
0.475802 0.226388
0.47856 0.22902
0.481314 0.231663
0.484062 0.234316
0.486806 0.23698
0.489545 0.239654
0.492279 0.242339
0.495009 0.245034
0.497733 0.247738
0.500453 0.250453
0.503168 0.253178
0.505877 0.255912
0.508582 0.258656
0.511282 0.261409
0.513977 0.264172
0.516666 0.266944
0.519351 0.269725
0.52203 0.272516
0.524704 0.275315
0.527374 0.278123
0.530038 0.28094
0.532696 0.283765
0.53535 0.286599
0.537998 0.289442
0.540641 0.292292
0.543278 0.295151
0.545911 0.298018
0.548537 0.300893
0.551159 0.303776
0.553775 0.306667
0.556385 0.309565
0.558991 0.31247
0.56159 0.315383
0.564184 0.318304
0.566773 0.321231
0.569355 0.324166
0.571933 0.327107
0.574504 0.330055
0.57707 0.33301
0.579631 0.335972
0.582185 0.33894
0.584734 0.341914
0.587277 0.344895
0.589815 0.347881
0.592346 0.350874
0.594872 0.353873
0.597392 0.356877
0.599906 0.359887
0.602414 0.362902
0.604916 0.365923
0.607412 0.368949
0.609902 0.37198
0.612386 0.375017
0.614864 0.378058
0.617336 0.381104
0.619802 0.384155
0.622262 0.38721
0.624716 0.39027
0.627163 0.393334
0.629605 0.396402
0.63204 0.399475
0.634469 0.402551
0.636892 0.405631
0.639308 0.408715
0.641718 0.411803
0.644122 0.414894
0.64652 0.417988
0.648911 0.421085
0.651296 0.424186
0.653674 0.42729
0.656046 0.430396
0.658411 0.433505
0.66077 0.436617
0.663123 0.439732
0.665469 0.442848
0.667808 0.445967
0.670141 0.449089
0.672467 0.452212
0.674786 0.455337
0.677099 0.458463
0.679405 0.461592
0.681705 0.464722
0.683998 0.467853
0.686284 0.470986
0.688563 0.474119
0.690836 0.477254
0.693102 0.48039
0.69536 0.483526
0.697612 0.486663
0.699858 0.489801
0.702096 0.492939
0.704327 0.496077
0.706552 0.499215
0.708769 0.502354
0.71098 0.505492
0.713183 0.50863
0.71538 0.511768
0.717569 0.514905
0.719751 0.518042
0.721927 0.521178
0.724095 0.524313
0.726256 0.527448
0.72841 0.530581
0.730556 0.533713
0.732696 0.536843
0.734828 0.539973
0.736953 0.5431
0.739071 0.546226
0.741182 0.54935
0.743285 0.552472
0.745381 0.555592
0.747469 0.55871
0.74955 0.561826
0.751624 0.564939
0.753691 0.56805
0.75575 0.571157
0.757801 0.574263
0.759845 0.577365
0.761882 0.580464
0.763911 0.58356
0.765932 0.586652
0.767946 0.589742
0.769953 0.592827
0.771952 0.595909
0.773943 0.598988
0.775927 0.602062
0.777903 0.605132
0.779871 0.608199
0.781831 0.61126
0.783784 0.614318
0.78573 0.617371
0.787667 0.620419
0.789597 0.623463
0.791519 0.626502
0.793433 0.629536
0.795339 0.632565
0.797238 0.635588
0.799128 0.638606
0.801011 0.641619
0.802886 0.644626
0.804753 0.647627
0.806612 0.650623
0.808463 0.653613
0.810306 0.656596
0.812142 0.659574
0.813969 0.662545
0.815788 0.66551
0.817599 0.668468
0.819402 0.67142
0.821197 0.674364
0.822984 0.677302
0.824763 0.680233
0.826533 0.683157
0.828296 0.686074
0.83005 0.688983
0.831796 0.691885
0.833534 0.69478
0.835264 0.697666
0.836986 0.700545
0.838699 0.703416
0.840404 0.706279
0.842101 0.709134
0.843789 0.71198
0.84547 0.714819
0.847141 0.717649
0.848805 0.72047
0.85046 0.723282
0.852107 0.726086
0.853745 0.728881
0.855375 0.731667
0.856997 0.734443
0.85861 0.737211
0.860214 0.739969
0.861811 0.742717
0.863398 0.745456
0.864977 0.748186
0.866548 0.750905
0.86811 0.753615
0.869664 0.756315
0.871209 0.759005
0.872745 0.761684
0.874273 0.764353
0.875792 0.767012
0.877303 0.76966
0.878805 0.772298
0.880298 0.774924
0.881783 0.77754
0.883258 0.780145
0.884726 0.78274
0.886184 0.785322
0.887634 0.787894
0.889075 0.790454
0.890507 0.793003
0.891931 0.795541
0.893346 0.798066
0.894751 0.80058
0.896149 0.803082
0.897537 0.805572
0.898916 0.808051
0.900287 0.810516
0.901649 0.81297
0.903001 0.815412
0.904345 0.817841
0.90568 0.820257
0.907007 0.822661
0.908324 0.825052
0.909632 0.82743
0.910931 0.829796
0.912222 0.832148
0.913503 0.834488
0.914775 0.836814
0.916039 0.839127
0.917293 0.841426
0.918538 0.843712
0.919774 0.845985
0.921001 0.848244
0.92222 0.850489
0.923429 0.85272
0.924628 0.854938
0.925819 0.857141
0.927001 0.859331
0.928173 0.861506
0.929337 0.863667
0.930491 0.865814
0.931636 0.867946
0.932772 0.870064
0.933899 0.872167
0.935016 0.874255
0.936125 0.876329
0.937224 0.878388
0.938313 0.880432
0.939394 0.882461
0.940465 0.884475
0.941528 0.886474
0.94258 0.888458
0.943624 0.890426
0.944658 0.892379
0.945683 0.894316
0.946699 0.896238
0.947705 0.898145
0.948702 0.900035
0.94969 0.90191
0.950668 0.903769
0.951637 0.905612
0.952596 0.90744
0.953546 0.909251
0.954487 0.911046
0.955418 0.912825
0.95634 0.914587
0.957253 0.916333
0.958156 0.918063
0.95905 0.919776
0.959934 0.921473
0.960809 0.923153
0.961674 0.924817
0.96253 0.926464
0.963376 0.928093
0.964213 0.929707
0.96504 0.931303
0.965858 0.932882
0.966666 0.934444
0.967465 0.935989
0.968255 0.937517
0.969034 0.939027
0.969804 0.940521
0.970565 0.941997
0.971316 0.943455
0.972058 0.944896
0.97279 0.94632
0.973512 0.947726
0.974225 0.949114
0.974928 0.950484
0.975621 0.951837
0.976305 0.953172
0.97698 0.954489
0.977645 0.955789
0.9783 0.95707
0.978945 0.958333
0.979581 0.959579
0.980207 0.960806
0.980824 0.962015
0.98143 0.963206
0.982028 0.964378
0.982615 0.965532
0.983193 0.966668
0.983761 0.967786
0.984319 0.968885
0.984868 0.969965
0.985407 0.971028
0.985937 0.972071
0.986456 0.973096
0.986966 0.974102
0.987466 0.97509
0.987957 0.976059
0.988438 0.977009
0.988909 0.97794
0.98937 0.978853
0.989821 0.979746
0.990263 0.980621
0.990695 0.981477
0.991117 0.982314
0.99153 0.983132
0.991933 0.983931
0.992326 0.98471
0.992709 0.985471
0.993082 0.986212
0.993446 0.986935
0.9938 0.987638
0.994144 0.988322
0.994478 0.988987
0.994803 0.989632
0.995117 0.990258
0.995422 0.990865
0.995717 0.991453
0.996002 0.992021
0.996278 0.992569
0.996543 0.993099
0.996799 0.993609
0.997045 0.994099
0.997281 0.99457
0.997508 0.995022
0.997724 0.995454
0.997931 0.995866
0.998128 0.996259
0.998315 0.996633
0.998492 0.996987
0.998659 0.997321
0.998817 0.997635
0.998965 0.99793
0.999103 0.998206
0.999231 0.998462
0.999349 0.998698
0.999457 0.998914
0.999556 0.999111
0.999644 0.999289
0.999723 0.999446
0.999792 0.999584
0.999851 0.999702
0.9999 0.999801
0.99994 0.999879
0.999969 0.999938
0.999989 0.999978
0.999999 0.999998
