-0.98981 0.0392263
-0.989791 0.0392278
-0.989761 0.0392301
-0.989722 0.0392331
-0.989673 0.0392369
-0.989615 0.0392414
-0.989546 0.0392467
-0.989468 0.0392528
-0.98938 0.0392596
-0.989282 0.0392672
-0.989174 0.0392755
-0.989056 0.0392846
-0.988929 0.0392945
-0.988792 0.0393051
-0.988645 0.0393165
-0.988489 0.0393286
-0.988322 0.0393415
-0.988146 0.0393551
-0.98796 0.0393695
-0.987764 0.0393846
-0.987559 0.0394005
-0.987343 0.0394172
-0.987118 0.0394346
-0.986883 0.0394528
-0.986639 0.0394718
-0.986384 0.0394915
-0.98612 0.0395119
-0.985846 0.0395331
-0.985563 0.0395551
-0.985269 0.0395779
-0.984966 0.0396014
-0.984653 0.0396256
-0.984331 0.0396507
-0.983998 0.0396765
-0.983656 0.039703
-0.983304 0.0397303
-0.982943 0.0397584
-0.982572 0.0397873
-0.982191 0.0398169
-0.9818 0.0398473
-0.981399 0.0398785
-0.980989 0.0399105
-0.980569 0.0399432
-0.98014 0.0399767
-0.9797 0.040011
-0.979251 0.0400461
-0.978793 0.040082
-0.978324 0.0401187
-0.977846 0.0401562
-0.977359 0.0401944
-0.976861 0.0402335
-0.976354 0.0402734
-0.975838 0.0403141
-0.975311 0.0403556
-0.974775 0.0403979
-0.97423 0.0404411
-0.973674 0.040485
-0.973109 0.0405299
-0.972535 0.0405755
-0.971951 0.0406221
-0.971357 0.0406696
-0.970753 0.040718
-0.97014 0.0407673
-0.969518 0.0408175
-0.968886 0.0408685
-0.968244 0.0409205
-0.967592 0.0409733
-0.966931 0.041027
-0.966261 0.0410816
-0.965581 0.0411371
-0.964891 0.0411935
-0.964192 0.0412508
-0.963483 0.041309
-0.962765 0.0413681
-0.962037 0.0414282
-0.9613 0.0414891
-0.960553 0.041551
-0.959797 0.0416139
-0.959031 0.0416776
-0.958255 0.0417423
-0.957471 0.041808
-0.956676 0.0418745
-0.955873 0.0419421
-0.955059 0.0420106
-0.954237 0.0420801
-0.953405 0.0421505
-0.952563 0.0422219
-0.951712 0.0422943
-0.950852 0.0423676
-0.949982 0.042442
-0.949103 0.0425173
-0.948214 0.0425936
-0.947316 0.042671
-0.946409 0.0427493
-0.945492 0.0428286
-0.944566 0.0429092
-0.943631 0.0429909
-0.942686 0.0430737
-0.941732 0.0431575
-0.940768 0.0432423
-0.939796 0.0433282
-0.938814 0.0434151
-0.937822 0.0435032
-0.936822 0.0435922
-0.935812 0.0436824
-0.934793 0.0437736
-0.933764 0.043866
-0.932727 0.0439594
-0.93168 0.044054
-0.930624 0.0441496
-0.929558 0.0442464
-0.928484 0.0443443
-0.9274 0.0444434
-0.926307 0.0445436
-0.925205 0.044645
-0.924094 0.0447476
-0.922974 0.0448513
-0.921844 0.0449562
-0.920706 0.0450623
-0.919558 0.0451697
-0.918401 0.0452782
-0.917235 0.045388
-0.91606 0.045499
-0.914876 0.0456112
-0.913683 0.0457248
-0.912481 0.0458395
-0.91127 0.0459556
-0.910049 0.046073
-0.90882 0.046192
-0.907582 0.0463125
-0.906335 0.0464344
-0.905079 0.0465576
-0.903814 0.0466821
-0.902539 0.046808
-0.901256 0.0469353
-0.899965 0.047064
-0.898664 0.047194
-0.897354 0.0473255
-0.896035 0.0474584
-0.894708 0.0475927
-0.893371 0.0477285
-0.892026 0.0478657
-0.890672 0.0480044
-0.889309 0.0481446
-0.887938 0.0482863
-0.886557 0.0484295
-0.885168 0.0485742
-0.88377 0.0487204
-0.882363 0.0488683
-0.880948 0.0490176
-0.879524 0.0491686
-0.878091 0.0493211
-0.876649 0.0494753
-0.875199 0.0496311
-0.87374 0.0497885
-0.872273 0.0499476
-0.870796 0.0501083
-0.869312 0.0502708
-0.867818 0.0504349
-0.866316 0.0506007
-0.864805 0.050769
-0.863286 0.0509391
-0.861759 0.051111
-0.860222 0.0512847
-0.858677 0.0514602
-0.857124 0.0516376
-0.855562 0.0518167
-0.853992 0.0519978
-0.852414 0.0521807
-0.850826 0.0523656
-0.849231 0.0525523
-0.847627 0.052741
-0.846014 0.0529317
-0.844394 0.0531244
-0.842765 0.053319
-0.841127 0.0535157
-0.839481 0.0537145
-0.837827 0.0539153
-0.836165 0.0541182
-0.834494 0.0543232
-0.832815 0.0545304
-0.831128 0.0547397
-0.829433 0.0549512
-0.827729 0.0551649
-0.826017 0.0553809
-0.824297 0.0555991
-0.822569 0.0558196
-0.820833 0.0560424
-0.819088 0.0562675
-0.817336 0.0564949
-0.815575 0.0567248
-0.813806 0.0569575
-0.81203 0.0571934
-0.810245 0.0574317
-0.808452 0.0576724
-0.806651 0.0579158
-0.804842 0.0581616
-0.803025 0.0584101
-0.801201 0.0586612
-0.799368 0.0589149
-0.797527 0.0591713
-0.795679 0.0594304
-0.793822 0.0596923
-0.791958 0.0599569
-0.790086 0.0602244
-0.788206 0.0604947
-0.786318 0.0607679
-0.784423 0.0610439
-0.782519 0.061323
-0.780608 0.061605
-0.778689 0.0618901
-0.776763 0.0621782
-0.774829 0.0624694
-0.772887 0.0627637
-0.770937 0.0630612
-0.76898 0.0633619
-0.767015 0.0636659
-0.765043 0.0639731
-0.763063 0.0642837
-0.761075 0.0645976
-0.75908 0.0649149
-0.757078 0.0652356
-0.755067 0.0655604
-0.75305 0.0658898
-0.751025 0.0662228
-0.748992 0.0665594
-0.746952 0.0668997
-0.744905 0.0672438
-0.74285 0.0675916
-0.740788 0.0679432
-0.738719 0.0682988
-0.736642 0.0686583
-0.734558 0.0690217
-0.732467 0.0693893
-0.730368 0.0697609
-0.728262 0.0701368
-0.726149 0.0705168
-0.724029 0.0709011
-0.721902 0.0712898
-0.719767 0.0716828
-0.717626 0.0720803
-0.715477 0.0724824
-0.713321 0.072889
-0.711158 0.0733002
-0.708988 0.0737162
-0.706811 0.0741369
-0.704627 0.0745624
-0.702436 0.0749928
-0.700238 0.0754282
-0.698033 0.0758685
-0.695821 0.076314
-0.693602 0.0767646
-0.691377 0.0772205
-0.689144 0.0776826
-0.686905 0.0781514
-0.684659 0.0786257
-0.682406 0.0791055
-0.680146 0.079591
-0.67788 0.0800822
-0.675606 0.0805792
-0.673327 0.0810821
-0.67104 0.0815909
-0.668747 0.0821059
-0.666447 0.0826271
-0.664141 0.0831545
-0.661828 0.0836883
-0.659508 0.0842285
-0.657182 0.0847754
-0.654849 0.0853289
-0.65251 0.0858891
-0.650165 0.0864563
-0.647813 0.0870304
-0.645454 0.0876115
-0.643089 0.0881999
-0.640718 0.0887955
-0.63834 0.0893985
-0.635956 0.090009
-0.633566 0.0906271
-0.63117 0.0912529
-0.628767 0.0918866
-0.626358 0.0925281
-0.623943 0.0931777
-0.621521 0.0938355
-0.619094 0.0945015
-0.61666 0.0951781
-0.61422 0.0958645
-0.611774 0.0965596
-0.609322 0.0972636
-0.606864 0.0979767
-0.6044 0.0986989
-0.60193 0.0994305
-0.599454 0.100172
-0.596972 0.100922
-0.594484 0.101683
-0.59199 0.102454
-0.58949 0.103235
-0.586985 0.104027
-0.584473 0.104829
-0.581956 0.105641
-0.579433 0.106465
-0.576904 0.1073
-0.57437 0.108147
-0.57183 0.109004
-0.569284 0.109874
-0.566732 0.110756
-0.564175 0.111649
-0.561612 0.112555
-0.559044 0.113474
-0.55647 0.114405
-0.553891 0.115349
-0.551306 0.116306
-0.548716 0.117277
-0.54612 0.118261
-0.543519 0.119258
-0.540912 0.12027
-0.5383 0.1213
-0.535683 0.122346
-0.53306 0.123406
-0.530432 0.124481
-0.527799 0.125572
-0.525161 0.126678
-0.522517 0.1278
-0.519868 0.128939
-0.517214 0.130094
-0.514555 0.131266
-0.511891 0.132456
-0.509221 0.133663
-0.506547 0.134888
-0.503867 0.136131
-0.501183 0.137393
-0.498493 0.138674
-0.495799 0.139975
-0.4931 0.141295
-0.490395 0.142634
-0.487686 0.143995
-0.484972 0.145376
-0.482254 0.146777
-0.47953 0.148201
-0.476802 0.149646
-0.474069 0.151113
-0.471331 0.152603
-0.468588 0.154115
-0.465841 0.155651
-0.463089 0.15721
-0.460333 0.158794
-0.457572 0.160403
-0.454806 0.162044
-0.452036 0.16371
-0.449262 0.165402
-0.446483 0.16712
-0.443699 0.168867
-0.440912 0.170641
-0.438119 0.172444
-0.435323 0.174277
-0.432522 0.17614
-0.429716 0.178034
-0.426907 0.17996
-0.424093 0.181918
-0.421275 0.183909
-0.418453 0.185934
-0.415627 0.187993
-0.412796 0.190088
-0.409961 0.192219
-0.407123 0.194386
-0.40428 0.196591
-0.401433 0.198834
-0.398582 0.201116
-0.395728 0.203438
-0.392869 0.2058
-0.390006 0.208204
-0.38714 0.210649
-0.38427 0.213138
-0.381395 0.21567
-0.378517 0.218246
-0.375636 0.220867
-0.37275 0.223535
-0.369861 0.226255
-0.366968 0.229028
-0.364072 0.231849
-0.361171 0.23472
-0.358268 0.237643
-0.35536 0.240617
-0.352449 0.243645
-0.349535 0.246727
-0.346617 0.249864
-0.343696 0.253058
-0.340771 0.25631
-0.337843 0.259621
-0.334911 0.262992
-0.331976 0.266425
-0.329038 0.26992
-0.326096 0.273478
-0.323152 0.277101
-0.320204 0.28079
-0.317252 0.284546
-0.314298 0.288371
-0.311341 0.292265
-0.30838 0.29623
-0.305416 0.300266
-0.30245 0.304376
-0.29948 0.30856
-0.296507 0.31282
-0.293531 0.317156
-0.290553 0.32157
-0.287571 0.326064
-0.284587 0.330637
-0.281599 0.335293
-0.278609 0.340045
-0.275616 0.344882
-0.272621 0.349805
-0.269622 0.354818
-0.266621 0.359922
-0.263617 0.365119
-0.260611 0.370412
-0.257602 0.375802
-0.25459 0.381292
-0.251576 0.386884
-0.248559 0.39258
-0.24554 0.398382
-0.242519 0.404292
-0.239495 0.410313
-0.236468 0.416446
-0.233439 0.422694
-0.230408 0.429059
-0.227375 0.435543
-0.224339 0.442148
-0.221301 0.448877
-0.21826 0.455731
-0.215218 0.462714
-0.212173 0.469826
-0.209127 0.47707
-0.206078 0.484449
-0.203027 0.491965
-0.199974 0.499619
-0.196919 0.507415
-0.193862 0.515353
-0.190803 0.523438
-0.187742 0.531668
-0.184679 0.540042
-0.181615 0.548555
-0.178548 0.5572
-0.17548 0.565971
-0.17241 0.57486
-0.169338 0.583862
-0.166265 0.592968
-0.16319 0.602173
-0.160113 0.611469
-0.157034 0.620849
-0.153954 0.630307
-0.150873 0.639836
-0.14779 0.649428
-0.144705 0.659077
-0.141619 0.668775
-0.138531 0.678517
-0.135442 0.688293
-0.132352 0.698098
-0.12926 0.707925
-0.126167 0.717765
-0.123073 0.727613
-0.119978 0.737461
-0.116881 0.747301
-0.113783 0.757128
-0.110684 0.766932
-0.107584 0.776708
-0.104482 0.786447
-0.10138 0.796143
-0.0982763 0.805789
-0.0951718 0.815377
-0.0920663 0.824898
-0.0889599 0.834339
-0.0858526 0.843682
-0.0827444 0.852912
-0.0796353 0.862013
-0.0765254 0.870968
-0.0734146 0.879762
-0.0703032 0.888378
-0.0671909 0.896799
-0.064078 0.90501
-0.0609644 0.912994
-0.0578502 0.920735
-0.0547353 0.928217
-0.0516199 0.935423
-0.0485039 0.942337
-0.0453873 0.948943
-0.0422703 0.955224
-0.0391529 0.961164
-0.036035 0.966747
-0.0329167 0.971957
-0.029798 0.976777
-0.026679 0.98119
-0.0235597 0.985181
-0.0204401 0.988733
-0.0173202 0.99183
-0.0142002 0.994455
-0.0110799 0.996593
-0.00795954 0.998226
-0.00483903 0.99934
-0.00171842 0.999917
0.00140225 0.999943
0.00452295 0.999418
0.00764365 0.998355
0.0107643 0.996769
0.0138849 0.994678
0.0170054 0.992098
0.0201258 0.989044
0.0232461 0.985534
0.0263661 0.981583
0.029486 0.977207
0.0326056 0.972424
0.0357249 0.967249
0.0388439 0.961698
0.0419625 0.955789
0.0450809 0.949537
0.0481988 0.942958
0.0513162 0.93607
0.0544332 0.928888
0.0575498 0.921428
0.0606658 0.913708
0.0637812 0.905742
0.0668961 0.897549
0.0700103 0.889143
0.0731239 0.880542
0.0762368 0.871761
0.0793491 0.862817
0.0824605 0.853726
0.0855712 0.844505
0.0886812 0.835168
0.0917903 0.825734
0.0948985 0.816217
0.0980058 0.806621
0.101112 0.796965
0.104218 0.787259
0.107322 0.777508
0.110426 0.767721
0.113528 0.757905
0.116629 0.748067
0.11973 0.738215
0.122829 0.728354
0.125927 0.718493
0.129024 0.708639
0.132119 0.698799
0.135213 0.68898
0.138306 0.679188
0.141398 0.669432
0.144488 0.659718
0.147577 0.650054
0.150665 0.640446
0.153751 0.630901
0.156835 0.621426
0.159919 0.612029
0.163 0.602716
0.16608 0.593494
0.169159 0.58437
0.172235 0.575351
0.175311 0.566444
0.178384 0.557655
0.181456 0.548991
0.184526 0.54046
0.187594 0.532067
0.190661 0.523815
0.193725 0.515704
0.196788 0.507739
0.199849 0.499918
0.202908 0.492239
0.205965 0.484699
0.20902 0.477296
0.212073 0.470028
0.215124 0.462893
0.218173 0.455888
0.221219 0.449013
0.224264 0.442263
0.227306 0.435638
0.230347 0.429135
0.233385 0.422752
0.23642 0.416486
0.239454 0.410336
0.242485 0.4043
0.245514 0.398375
0.24854 0.392559
0.251565 0.38685
0.254586 0.381246
0.257605 0.375745
0.260622 0.370345
0.263636 0.365043
0.266648 0.359838
0.269657 0.354727
0.272663 0.349709
0.275667 0.344781
0.278668 0.339941
0.281666 0.335187
0.284662 0.330509
0.287655 0.325914
0.290645 0.3214
0.293632 0.316966
0.296617 0.312612
0.299599 0.308336
0.302577 0.304136
0.305553 0.300011
0.308526 0.295961
0.311495 0.291984
0.314462 0.288078
0.317426 0.284243
0.320387 0.280477
0.323344 0.27678
0.326298 0.273149
0.32925 0.269584
0.332198 0.266083
0.335142 0.262646
0.338084 0.259271
0.341022 0.255957
0.343957 0.252703
0.346889 0.249507
0.349817 0.246369
0.352742 0.243287
0.355663 0.24026
0.358581 0.237287
0.361495 0.234367
0.364406 0.231498
0.367314 0.228681
0.370217 0.225912
0.373118 0.223189
0.376014 0.220511
0.378907 0.217879
0.381796 0.215292
0.384682 0.212751
0.387563 0.210254
0.390441 0.2078
0.393316 0.205389
0.396186 0.20302
0.399052 0.200692
0.401915 0.198404
0.404774 0.196156
0.407628 0.193947
0.410479 0.191775
0.413326 0.189641
0.416169 0.187543
0.419007 0.185482
0.421842 0.183455
0.424672 0.181463
0.427499 0.179504
0.430321 0.177578
0.433139 0.175684
0.435953 0.173822
0.438762 0.17199
0.441568 0.170189
0.444369 0.168417
0.447165 0.166673
0.449957 0.164957
0.452745 0.163269
0.455529 0.161607
0.458308 0.159971
0.461082 0.158356
0.463852 0.156766
0.466618 0.1552
0.469379 0.153658
0.472135 0.15214
0.474887 0.150646
0.477634 0.149174
0.480377 0.147725
0.483114 0.146298
0.485847 0.144893
0.488576 0.143509
0.491299 0.142147
0.494018 0.140805
0.496732 0.139484
0.499441 0.138182
0.502146 0.136901
0.504845 0.135638
0.507539 0.134395
0.510229 0.13317
0.512913 0.131964
0.515593 0.130775
0.518267 0.129605
0.520936 0.128451
0.523601 0.127314
0.52626 0.126194
0.528914 0.12509
0.531563 0.124003
0.534206 0.122931
0.536845 0.121874
0.539478 0.120832
0.542106 0.119803
0.544729 0.118788
0.547346 0.117786
0.549958 0.116799
0.552565 0.115825
0.555166 0.114865
0.557762 0.113919
0.560352 0.112985
0.562937 0.112065
0.565516 0.111157
0.56809 0.110262
0.570658 0.109379
0.573221 0.108509
0.575778 0.10765
0.57833 0.106803
0.580876 0.105968
0.583416 0.105144
0.58595 0.104332
0.588479 0.10353
0.591002 0.102739
0.593519 0.101959
0.59603 0.101189
0.598536 0.10043
0.601036 0.0996802
0.60353 0.0989407
0.606017 0.0982109
0.6085 0.0974907
0.610976 0.0967798
0.613446 0.0960782
0.61591 0.0953856
0.618368 0.0947017
0.62082 0.0940246
0.623266 0.093356
0.625706 0.092696
0.628139 0.0920443
0.630567 0.0914008
0.632988 0.0907655
0.635404 0.0901382
0.637813 0.0895187
0.640216 0.0889071
0.642612 0.0883031
0.645002 0.0877066
0.647386 0.0871177
0.649764 0.086536
0.652135 0.0859616
0.6545 0.0853944
0.656858 0.0848341
0.659211 0.0842808
0.661556 0.0837343
0.663895 0.0831945
0.666228 0.0826614
0.668554 0.0821347
0.670874 0.0816145
0.673187 0.0811005
0.675493 0.0805928
0.677793 0.0800912
0.680086 0.0795956
0.682373 0.079106
0.684652 0.0786222
0.686926 0.0781442
0.689192 0.0776717
0.691452 0.077204
0.693705 0.0767411
0.695951 0.0762836
0.69819 0.0758315
0.700422 0.0753847
0.702648 0.0749431
0.704867 0.0745066
0.707079 0.0740752
0.709284 0.0736488
0.711482 0.0732274
0.713673 0.0728108
0.715857 0.072399
0.718034 0.071992
0.720204 0.0715897
0.722367 0.071192
0.724523 0.0707989
0.726671 0.0704103
0.728813 0.0700261
0.730948 0.0696463
0.733075 0.0692708
0.735195 0.0688996
0.737308 0.0685326
0.739414 0.0681697
0.741513 0.067811
0.743604 0.0674562
0.745688 0.0671055
0.747765 0.0667586
0.749834 0.0664157
0.751896 0.0660765
0.753951 0.0657411
0.755998 0.0654093
0.758038 0.0650801
0.760071 0.0647546
0.762096 0.0644326
0.764113 0.0641141
0.766123 0.0637992
0.768126 0.0634877
0.770121 0.0631796
0.772109 0.0628749
0.774089 0.0625735
0.776061 0.0622754
0.778026 0.0619805
0.779983 0.0616889
0.781933 0.0614004
0.783875 0.0611151
0.785809 0.0608328
0.787735 0.0605536
0.789654 0.0602775
0.791565 0.0600043
0.793469 0.0597341
0.795364 0.0594667
0.797252 0.0592023
0.799132 0.0589407
0.801004 0.0586819
0.802868 0.0584259
0.804725 0.0581727
0.806573 0.0579221
0.808414 0.0576742
0.810247 0.057429
0.812071 0.0571864
0.813888 0.0569463
0.815697 0.0567083
0.817498 0.0564724
0.819291 0.0562391
0.821076 0.0560082
0.822852 0.0557797
0.824621 0.0555537
0.826382 0.0553301
0.828134 0.0551088
0.829879 0.0548899
0.831615 0.0546733
0.833343 0.0544589
0.835063 0.0542469
0.836775 0.054037
0.838479 0.0538294
0.840174 0.053624
0.841861 0.0534207
0.84354 0.0532196
0.845211 0.0530207
0.846873 0.0528238
0.848527 0.052629
0.850173 0.0524362
0.851811 0.0522455
0.85344 0.0520568
0.85506 0.05187
0.856673 0.0516853
0.858277 0.0515025
0.859872 0.0513216
0.861459 0.0511426
0.863038 0.0509655
0.864608 0.0507903
0.86617 0.0506168
0.867723 0.0504446
0.869268 0.0502742
0.870804 0.0501056
0.872332 0.0499388
0.873851 0.0497737
0.875362 0.0496104
0.876864 0.0494488
0.878357 0.0492889
0.879842 0.0491307
0.881318 0.0489742
0.882786 0.0488194
0.884245 0.0486662
0.885695 0.0485146
0.887137 0.0483647
0.88857 0.0482163
0.889994 0.0480695
0.891409 0.0479243
0.892816 0.0477807
0.894214 0.0476386
0.895603 0.047498
0.896984 0.047359
0.898355 0.0472214
0.899718 0.0470853
0.901072 0.0469507
0.902417 0.0468176
0.903754 0.0466859
0.905081 0.0465556
0.9064 0.0464268
0.90771 0.0462993
0.90901 0.0461733
0.910302 0.0460483
0.911585 0.0459245
0.912859 0.0458021
0.914125 0.045681
0.915381 0.0455613
0.916628 0.0454428
0.917866 0.0453257
0.919095 0.0452099
0.920316 0.0450954
0.921527 0.0449822
0.922729 0.0448702
0.923922 0.0447596
0.925106 0.0446501
0.926281 0.0445419
0.927447 0.044435
0.928604 0.0443292
0.929751 0.0442247
0.93089 0.0441214
0.93202 0.0440193
0.93314 0.0439183
0.934251 0.0438186
0.935353 0.04372
0.936446 0.0436225
0.93753 0.0435262
0.938604 0.0434311
0.939669 0.0433371
0.940726 0.0432442
0.941772 0.0431524
0.94281 0.0430617
0.943838 0.0429721
0.944858 0.0428836
0.945867 0.0427959
0.946868 0.0427092
0.947859 0.0426236
0.948841 0.042539
0.949814 0.0424555
0.950778 0.0423731
0.951732 0.0422917
0.952676 0.0422113
0.953612 0.0421319
0.954538 0.0420536
0.955455 0.0419763
0.956362 0.0418999
0.95726 0.0418246
0.958149 0.0417503
0.959028 0.041677
0.959898 0.0416046
0.960758 0.0415333
0.961609 0.0414629
0.962451 0.0413934
0.963283 0.0413249
0.964105 0.0412574
0.964919 0.0411908
0.965722 0.0411252
0.966517 0.0410605
0.967301 0.0409967
0.968077 0.0409338
0.968843 0.0408719
0.969599 0.0408109
0.970346 0.0407507
0.971083 0.0406915
0.971811 0.0406332
0.972529 0.0405755
0.973238 0.0405187
0.973937 0.0404628
0.974627 0.0404078
0.975307 0.0403536
0.975977 0.0403004
0.976638 0.040248
0.97729 0.0401964
0.977931 0.0401457
0.978564 0.0400959
0.979186 0.0400469
0.979799 0.0399988
0.980403 0.0399516
0.980997 0.0399051
0.981581 0.0398595
0.982155 0.0398148
0.98272 0.0397708
0.983276 0.0397277
0.983821 0.0396855
0.984357 0.039644
0.984884 0.0396034
0.9854 0.0395635
0.985907 0.0395245
0.986405 0.0394863
0.986892 0.0394489
0.98737 0.0394123
0.987839 0.0393765
0.988297 0.0393414
0.988746 0.0393072
0.989186 0.0392738
0.989615 0.0392411
0.990035 0.0392092
0.990445 0.0391781
0.990846 0.0391478
0.991236 0.0391182
0.991617 0.0390895
0.991989 0.0390614
0.99235 0.0390342
0.992702 0.0390077
0.993044 0.0389819
0.993377 0.0389569
0.993699 0.0389326
0.994012 0.0389091
0.994315 0.0388864
0.994609 0.0388643
0.994892 0.0388431
0.995166 0.0388225
0.99543 0.0388027
0.995685 0.0387836
0.995929 0.0387653
0.996164 0.0387477
0.996389 0.0387309
0.996605 0.0387148
0.99681 0.0386994
0.997006 0.0386847
0.997192 0.0386708
0.997368 0.0386576
0.997534 0.0386452
0.997691 0.0386334
0.997838 0.0386225
0.997975 0.0386122
0.998102 0.0386027
0.99822 0.0385939
0.998327 0.0385858
0.998425 0.0385785
0.998514 0.0385719
0.998592 0.0385661
0.99866 0.0385609
0.998719 0.0385565
0.998768 0.0385529
0.998807 0.0385499
0.998837 0.0385477
0.998856 0.0385463
0.998866 0.0385455
