-1 0.0384615
-0.997998 0.0386173
-0.995996 0.0387731
-0.993994 0.038929
-0.991992 0.039085
-0.98999 0.0392412
-0.987988 0.0393975
-0.985986 0.0395542
-0.983984 0.0397111
-0.981982 0.0398683
-0.97998 0.0400259
-0.977978 0.0401839
-0.975976 0.0403424
-0.973974 0.0405013
-0.971972 0.0406608
-0.96997 0.0408209
-0.967968 0.0409816
-0.965966 0.0411429
-0.963964 0.041305
-0.961962 0.0414677
-0.95996 0.0416313
-0.957958 0.0417957
-0.955956 0.0419609
-0.953954 0.0421271
-0.951952 0.0422941
-0.94995 0.0424622
-0.947948 0.0426313
-0.945946 0.0428015
-0.943944 0.0429727
-0.941942 0.0431451
-0.93994 0.0433187
-0.937938 0.0434936
-0.935936 0.0436697
-0.933934 0.0438468
-0.931932 0.044025
-0.92993 0.0442046
-0.927928 0.0443856
-0.925926 0.0445678
-0.923924 0.0447514
-0.921922 0.0449363
-0.91992 0.0451225
-0.917918 0.0453101
-0.915916 0.0454989
-0.913914 0.0456891
-0.911912 0.0458806
-0.90991 0.0460735
-0.907908 0.0462677
-0.905906 0.0464631
-0.903904 0.04666
-0.901902 0.0468581
-0.8999 0.0470576
-0.897898 0.0472584
-0.895896 0.0474605
-0.893894 0.047664
-0.891892 0.0478688
-0.88989 0.0480749
-0.887888 0.0482823
-0.885886 0.0484911
-0.883884 0.0487012
-0.881882 0.0489126
-0.87988 0.0491254
-0.877878 0.0493394
-0.875876 0.0495549
-0.873874 0.0497716
-0.871872 0.0499897
-0.86987 0.0502091
-0.867868 0.0504298
-0.865866 0.0506519
-0.863864 0.0508754
-0.861862 0.0511003
-0.85986 0.0513266
-0.857858 0.0515542
-0.855856 0.0517834
-0.853854 0.052014
-0.851852 0.052246
-0.84985 0.0524796
-0.847848 0.0527146
-0.845846 0.0529512
-0.843844 0.0531893
-0.841842 0.053429
-0.83984 0.0536702
-0.837838 0.0539131
-0.835836 0.0541575
-0.833834 0.0544036
-0.831832 0.0546513
-0.82983 0.0549006
-0.827828 0.0551516
-0.825826 0.0554043
-0.823824 0.0556588
-0.821822 0.0559149
-0.81982 0.0561728
-0.817818 0.0564324
-0.815816 0.0566938
-0.813814 0.056957
-0.811812 0.0572219
-0.80981 0.0574888
-0.807808 0.0577574
-0.805806 0.0580279
-0.803804 0.0583003
-0.801802 0.0585745
-0.7998 0.0588507
-0.797798 0.0591288
-0.795796 0.0594088
-0.793794 0.0596908
-0.791792 0.0599748
-0.78979 0.0602608
-0.787788 0.0605488
-0.785786 0.0608389
-0.783784 0.061131
-0.781782 0.0614252
-0.77978 0.0617215
-0.777778 0.06202
-0.775776 0.0623205
-0.773774 0.0626232
-0.771772 0.0629281
-0.76977 0.0632352
-0.767768 0.0635445
-0.765766 0.0638561
-0.763764 0.0641699
-0.761762 0.064486
-0.75976 0.0648043
-0.757758 0.065125
-0.755756 0.065448
-0.753754 0.0657733
-0.751752 0.0661011
-0.74975 0.0664312
-0.747748 0.0667637
-0.745746 0.0670986
-0.743744 0.067436
-0.741742 0.0677758
-0.73974 0.0681182
-0.737738 0.068463
-0.735736 0.0688104
-0.733734 0.0691604
-0.731732 0.0695129
-0.72973 0.0698681
-0.727728 0.0702259
-0.725726 0.0705865
-0.723724 0.0709497
-0.721722 0.0713157
-0.71972 0.0716845
-0.717718 0.072056
-0.715716 0.0724304
-0.713714 0.0728077
-0.711712 0.0731879
-0.70971 0.0735709
-0.707708 0.0739569
-0.705706 0.0743459
-0.703704 0.0747379
-0.701702 0.075133
-0.6997 0.0755311
-0.697698 0.0759323
-0.695696 0.0763366
-0.693694 0.076744
-0.691692 0.0771547
-0.68969 0.0775685
-0.687688 0.0779856
-0.685686 0.078406
-0.683684 0.0788296
-0.681682 0.0792566
-0.67968 0.0796869
-0.677678 0.0801207
-0.675676 0.0805578
-0.673674 0.0809984
-0.671672 0.0814424
-0.66967 0.0818901
-0.667668 0.0823413
-0.665666 0.0827961
-0.663664 0.0832546
-0.661662 0.0837168
-0.65966 0.0841827
-0.657658 0.0846524
-0.655656 0.085126
-0.653654 0.0856035
-0.651652 0.0860849
-0.64965 0.0865702
-0.647648 0.0870596
-0.645646 0.087553
-0.643644 0.0880505
-0.641642 0.0885521
-0.63964 0.089058
-0.637638 0.089568
-0.635636 0.0900823
-0.633634 0.0906009
-0.631632 0.0911239
-0.62963 0.0916512
-0.627628 0.092183
-0.625626 0.0927193
-0.623624 0.0932601
-0.621622 0.0938055
-0.61962 0.0943555
-0.617618 0.0949101
-0.615616 0.0954694
-0.613614 0.0960334
-0.611612 0.0966023
-0.60961 0.0971759
-0.607608 0.0977545
-0.605606 0.098338
-0.603604 0.0989266
-0.601602 0.0995202
-0.5996 0.100119
-0.597598 0.100723
-0.595596 0.101332
-0.593594 0.101947
-0.591592 0.102567
-0.58959 0.103193
-0.587588 0.103824
-0.585586 0.104461
-0.583584 0.105103
-0.581582 0.105751
-0.57958 0.106405
-0.577578 0.107065
-0.575576 0.107731
-0.573574 0.108403
-0.571572 0.109081
-0.56957 0.109765
-0.567568 0.110455
-0.565566 0.111152
-0.563564 0.111855
-0.561562 0.112564
-0.55956 0.11328
-0.557558 0.114002
-0.555556 0.114731
-0.553554 0.115466
-0.551552 0.116208
-0.54955 0.116957
-0.547548 0.117713
-0.545546 0.118476
-0.543544 0.119246
-0.541542 0.120023
-0.53954 0.120807
-0.537538 0.121599
-0.535536 0.122398
-0.533534 0.123204
-0.531532 0.124019
-0.52953 0.124841
-0.527528 0.12567
-0.525526 0.126508
-0.523524 0.127354
-0.521522 0.128208
-0.51952 0.12907
-0.517518 0.12994
-0.515516 0.130819
-0.513514 0.131707
-0.511512 0.132603
-0.50951 0.133508
-0.507508 0.134422
-0.505506 0.135345
-0.503504 0.136277
-0.501502 0.137217
-0.499499 0.138168
-0.497497 0.139127
-0.495495 0.140096
-0.493493 0.141075
-0.491491 0.142063
-0.489489 0.143061
-0.487487 0.144069
-0.485485 0.145087
-0.483483 0.146115
-0.481481 0.147154
-0.479479 0.148202
-0.477477 0.149261
-0.475475 0.150331
-0.473473 0.151411
-0.471471 0.152503
-0.469469 0.153605
-0.467467 0.154719
-0.465465 0.155845
-0.463463 0.156982
-0.461461 0.158131
-0.459459 0.159291
-0.457457 0.160464
-0.455455 0.161649
-0.453453 0.162847
-0.451451 0.164057
-0.449449 0.16528
-0.447447 0.166516
-0.445445 0.167764
-0.443443 0.169026
-0.441441 0.170302
-0.439439 0.171591
-0.437437 0.172893
-0.435435 0.17421
-0.433433 0.175541
-0.431431 0.176885
-0.429429 0.178244
-0.427427 0.179618
-0.425425 0.181006
-0.423423 0.182409
-0.421421 0.183827
-0.419419 0.18526
-0.417417 0.186709
-0.415415 0.188173
-0.413413 0.189652
-0.411411 0.191148
-0.409409 0.19266
-0.407407 0.194189
-0.405405 0.195734
-0.403403 0.197297
-0.401401 0.198877
-0.399399 0.200474
-0.397397 0.202089
-0.395395 0.203722
-0.393393 0.205374
-0.391391 0.207044
-0.389389 0.208733
-0.387387 0.21044
-0.385385 0.212168
-0.383383 0.213914
-0.381381 0.215681
-0.379379 0.217468
-0.377377 0.219274
-0.375375 0.221102
-0.373373 0.22295
-0.371371 0.224819
-0.369369 0.22671
-0.367367 0.228622
-0.365365 0.230556
-0.363363 0.232512
-0.361361 0.234491
-0.359359 0.236491
-0.357357 0.238515
-0.355355 0.240562
-0.353353 0.242632
-0.351351 0.244726
-0.349349 0.246843
-0.347347 0.248986
-0.345345 0.251152
-0.343343 0.253344
-0.341341 0.255562
-0.339339 0.257806
-0.337337 0.260075
-0.335335 0.262372
-0.333333 0.264695
-0.331331 0.267046
-0.329329 0.269424
-0.327327 0.271831
-0.325325 0.274266
-0.323323 0.27673
-0.321321 0.279223
-0.319319 0.281746
-0.317317 0.284298
-0.315315 0.286882
-0.313313 0.289495
-0.311311 0.29214
-0.309309 0.294817
-0.307307 0.297525
-0.305305 0.300266
-0.303303 0.303039
-0.301301 0.305845
-0.299299 0.308684
-0.297297 0.311557
-0.295295 0.314464
-0.293293 0.317406
-0.291291 0.320382
-0.289289 0.323394
-0.287287 0.326441
-0.285285 0.329525
-0.283283 0.332644
-0.281281 0.335801
-0.279279 0.338995
-0.277277 0.342226
-0.275275 0.345496
-0.273273 0.348805
-0.271271 0.352152
-0.269269 0.355539
-0.267267 0.358965
-0.265265 0.362432
-0.263263 0.36594
-0.261261 0.369489
-0.259259 0.373079
-0.257257 0.376712
-0.255255 0.380386
-0.253253 0.384104
-0.251251 0.387865
-0.249249 0.391669
-0.247247 0.395518
-0.245245 0.399411
-0.243243 0.40335
-0.241241 0.407333
-0.239239 0.411363
-0.237237 0.415438
-0.235235 0.419561
-0.233233 0.42373
-0.231231 0.427947
-0.229229 0.432212
-0.227227 0.436525
-0.225225 0.440887
-0.223223 0.445298
-0.221221 0.449759
-0.219219 0.454268
-0.217217 0.458826
-0.215215 0.463434
-0.213213 0.46809
-0.211211 0.472796
-0.209209 0.47755
-0.207207 0.482353
-0.205205 0.487206
-0.203203 0.492107
-0.201201 0.497057
-0.199199 0.502056
-0.197197 0.507104
-0.195195 0.512201
-0.193193 0.517347
-0.191191 0.522542
-0.189189 0.527785
-0.187187 0.533077
-0.185185 0.538418
-0.183183 0.543808
-0.181181 0.549247
-0.179179 0.554734
-0.177177 0.56027
-0.175175 0.565855
-0.173173 0.571488
-0.171171 0.57717
-0.169169 0.582901
-0.167167 0.58868
-0.165165 0.594509
-0.163163 0.600385
-0.161161 0.606311
-0.159159 0.612284
-0.157157 0.618304
-0.155155 0.624367
-0.153153 0.630473
-0.151151 0.636617
-0.149149 0.6428
-0.147147 0.649017
-0.145145 0.655266
-0.143143 0.661547
-0.141141 0.667855
-0.139139 0.67419
-0.137137 0.680548
-0.135135 0.686928
-0.133133 0.693328
-0.131131 0.699744
-0.129129 0.706175
-0.127127 0.712619
-0.125125 0.719073
-0.123123 0.725535
-0.121121 0.732003
-0.119119 0.738475
-0.117117 0.744948
-0.115115 0.75142
-0.113113 0.75789
-0.111111 0.764353
-0.109109 0.77081
-0.107107 0.777256
-0.105105 0.78369
-0.103103 0.79011
-0.101101 0.796514
-0.0990991 0.802899
-0.0970971 0.809262
-0.0950951 0.815603
-0.0930931 0.821915
-0.0910911 0.828194
-0.0890891 0.834436
-0.0870871 0.840635
-0.0850851 0.846786
-0.0830831 0.852884
-0.0810811 0.858924
-0.0790791 0.864901
-0.0770771 0.87081
-0.0750751 0.876646
-0.0730731 0.882405
-0.0710711 0.88808
-0.0690691 0.893667
-0.0670671 0.899161
-0.0650651 0.904558
-0.0630631 0.909851
-0.0610611 0.915036
-0.0590591 0.920108
-0.0570571 0.925062
-0.0550551 0.929893
-0.0530531 0.934596
-0.0510511 0.939166
-0.049049 0.943597
-0.047047 0.947886
-0.045045 0.952026
-0.043043 0.956013
-0.041041 0.959842
-0.039039 0.963508
-0.037037 0.967006
-0.035035 0.97033
-0.033033 0.973476
-0.031031 0.976439
-0.029029 0.979217
-0.027027 0.98181
-0.025025 0.984217
-0.023023 0.98644
-0.021021 0.988477
-0.019019 0.990329
-0.017017 0.991995
-0.015015 0.993477
-0.013013 0.994773
-0.011011 0.995884
-0.00900901 0.99681
-0.00700701 0.997551
-0.00500501 0.998107
-0.003003 0.998477
-0.001001 0.998662
0.001001 0.998662
0.003003 0.998477
0.00500501 0.998107
0.00700701 0.997551
0.00900901 0.99681
0.011011 0.995884
0.013013 0.994773
0.015015 0.993477
0.017017 0.991995
0.019019 0.990329
0.021021 0.988477
0.023023 0.98644
0.025025 0.984217
0.027027 0.98181
0.029029 0.979217
0.031031 0.976439
0.033033 0.973476
0.035035 0.97033
0.037037 0.967006
0.039039 0.963508
0.041041 0.959842
0.043043 0.956013
0.045045 0.952026
0.047047 0.947886
0.049049 0.943597
0.0510511 0.939166
0.0530531 0.934596
0.0550551 0.929893
0.0570571 0.925062
0.0590591 0.920108
0.0610611 0.915036
0.0630631 0.909851
0.0650651 0.904558
0.0670671 0.899161
0.0690691 0.893667
0.0710711 0.88808
0.0730731 0.882405
0.0750751 0.876646
0.0770771 0.87081
0.0790791 0.864901
0.0810811 0.858924
0.0830831 0.852884
0.0850851 0.846786
0.0870871 0.840635
0.0890891 0.834436
0.0910911 0.828194
0.0930931 0.821915
0.0950951 0.815603
0.0970971 0.809262
0.0990991 0.802899
0.101101 0.796514
0.103103 0.79011
0.105105 0.78369
0.107107 0.777256
0.109109 0.77081
0.111111 0.764353
0.113113 0.75789
0.115115 0.75142
0.117117 0.744948
0.119119 0.738475
0.121121 0.732003
0.123123 0.725535
0.125125 0.719073
0.127127 0.712619
0.129129 0.706175
0.131131 0.699744
0.133133 0.693328
0.135135 0.686928
0.137137 0.680548
0.139139 0.67419
0.141141 0.667855
0.143143 0.661547
0.145145 0.655266
0.147147 0.649017
0.149149 0.6428
0.151151 0.636617
0.153153 0.630473
0.155155 0.624367
0.157157 0.618304
0.159159 0.612284
0.161161 0.606311
0.163163 0.600385
0.165165 0.594509
0.167167 0.58868
0.169169 0.582901
0.171171 0.57717
0.173173 0.571488
0.175175 0.565855
0.177177 0.56027
0.179179 0.554734
0.181181 0.549247
0.183183 0.543808
0.185185 0.538418
0.187187 0.533077
0.189189 0.527785
0.191191 0.522542
0.193193 0.517347
0.195195 0.512201
0.197197 0.507104
0.199199 0.502056
0.201201 0.497057
0.203203 0.492107
0.205205 0.487206
0.207207 0.482353
0.209209 0.47755
0.211211 0.472796
0.213213 0.46809
0.215215 0.463434
0.217217 0.458826
0.219219 0.454268
0.221221 0.449759
0.223223 0.445298
0.225225 0.440887
0.227227 0.436525
0.229229 0.432212
0.231231 0.427947
0.233233 0.42373
0.235235 0.419561
0.237237 0.415438
0.239239 0.411363
0.241241 0.407333
0.243243 0.40335
0.245245 0.399411
0.247247 0.395518
0.249249 0.391669
0.251251 0.387865
0.253253 0.384104
0.255255 0.380386
0.257257 0.376712
0.259259 0.373079
0.261261 0.369489
0.263263 0.36594
0.265265 0.362432
0.267267 0.358965
0.269269 0.355539
0.271271 0.352152
0.273273 0.348805
0.275275 0.345496
0.277277 0.342226
0.279279 0.338995
0.281281 0.335801
0.283283 0.332644
0.285285 0.329525
0.287287 0.326441
0.289289 0.323394
0.291291 0.320382
0.293293 0.317406
0.295295 0.314464
0.297297 0.311557
0.299299 0.308684
0.301301 0.305845
0.303303 0.303039
0.305305 0.300266
0.307307 0.297525
0.309309 0.294817
0.311311 0.29214
0.313313 0.289495
0.315315 0.286882
0.317317 0.284298
0.319319 0.281746
0.321321 0.279223
0.323323 0.27673
0.325325 0.274266
0.327327 0.271831
0.329329 0.269424
0.331331 0.267046
0.333333 0.264695
0.335335 0.262372
0.337337 0.260075
0.339339 0.257806
0.341341 0.255562
0.343343 0.253344
0.345345 0.251152
0.347347 0.248986
0.349349 0.246843
0.351351 0.244726
0.353353 0.242632
0.355355 0.240562
0.357357 0.238515
0.359359 0.236491
0.361361 0.234491
0.363363 0.232512
0.365365 0.230556
0.367367 0.228622
0.369369 0.22671
0.371371 0.224819
0.373373 0.22295
0.375375 0.221102
0.377377 0.219274
0.379379 0.217468
0.381381 0.215681
0.383383 0.213914
0.385385 0.212168
0.387387 0.21044
0.389389 0.208733
0.391391 0.207044
0.393393 0.205374
0.395395 0.203722
0.397397 0.202089
0.399399 0.200474
0.401401 0.198877
0.403403 0.197297
0.405405 0.195734
0.407407 0.194189
0.409409 0.19266
0.411411 0.191148
0.413413 0.189652
0.415415 0.188173
0.417417 0.186709
0.419419 0.18526
0.421421 0.183827
0.423423 0.182409
0.425425 0.181006
0.427427 0.179618
0.429429 0.178244
0.431431 0.176885
0.433433 0.175541
0.435435 0.17421
0.437437 0.172893
0.439439 0.171591
0.441441 0.170302
0.443443 0.169026
0.445445 0.167764
0.447447 0.166516
0.449449 0.16528
0.451451 0.164057
0.453453 0.162847
0.455455 0.161649
0.457457 0.160464
0.459459 0.159291
0.461461 0.158131
0.463463 0.156982
0.465465 0.155845
0.467467 0.154719
0.469469 0.153605
0.471471 0.152503
0.473473 0.151411
0.475475 0.150331
0.477477 0.149261
0.479479 0.148202
0.481481 0.147154
0.483483 0.146115
0.485485 0.145087
0.487487 0.144069
0.489489 0.143061
0.491491 0.142063
0.493493 0.141075
0.495495 0.140096
0.497497 0.139127
0.499499 0.138168
0.501502 0.137217
0.503504 0.136277
0.505506 0.135345
0.507508 0.134422
0.50951 0.133508
0.511512 0.132603
0.513514 0.131707
0.515516 0.130819
0.517518 0.12994
0.51952 0.12907
0.521522 0.128208
0.523524 0.127354
0.525526 0.126508
0.527528 0.12567
0.52953 0.124841
0.531532 0.124019
0.533534 0.123204
0.535536 0.122398
0.537538 0.121599
0.53954 0.120807
0.541542 0.120023
0.543544 0.119246
0.545546 0.118476
0.547548 0.117713
0.54955 0.116957
0.551552 0.116208
0.553554 0.115466
0.555556 0.114731
0.557558 0.114002
0.55956 0.11328
0.561562 0.112564
0.563564 0.111855
0.565566 0.111152
0.567568 0.110455
0.56957 0.109765
0.571572 0.109081
0.573574 0.108403
0.575576 0.107731
0.577578 0.107065
0.57958 0.106405
0.581582 0.105751
0.583584 0.105103
0.585586 0.104461
0.587588 0.103824
0.58959 0.103193
0.591592 0.102567
0.593594 0.101947
0.595596 0.101332
0.597598 0.100723
0.5996 0.100119
0.601602 0.0995202
0.603604 0.0989266
0.605606 0.098338
0.607608 0.0977545
0.60961 0.0971759
0.611612 0.0966023
0.613614 0.0960334
0.615616 0.0954694
0.617618 0.0949101
0.61962 0.0943555
0.621622 0.0938055
0.623624 0.0932601
0.625626 0.0927193
0.627628 0.092183
0.62963 0.0916513
0.631632 0.0911239
0.633634 0.0906009
0.635636 0.0900823
0.637638 0.089568
0.63964 0.089058
0.641642 0.0885521
0.643644 0.0880505
0.645646 0.087553
0.647648 0.0870596
0.64965 0.0865702
0.651652 0.0860849
0.653654 0.0856035
0.655656 0.085126
0.657658 0.0846525
0.65966 0.0841827
0.661662 0.0837168
0.663664 0.0832546
0.665666 0.0827961
0.667668 0.0823413
0.66967 0.0818901
0.671672 0.0814424
0.673674 0.0809984
0.675676 0.0805578
0.677678 0.0801207
0.67968 0.0796869
0.681682 0.0792566
0.683684 0.0788296
0.685686 0.078406
0.687688 0.0779856
0.68969 0.0775685
0.691692 0.0771547
0.693694 0.076744
0.695696 0.0763366
0.697698 0.0759322
0.6997 0.0755311
0.701702 0.075133
0.703704 0.0747379
0.705706 0.0743459
0.707708 0.0739569
0.70971 0.0735709
0.711712 0.0731878
0.713714 0.0728077
0.715716 0.0724304
0.717718 0.072056
0.71972 0.0716845
0.721722 0.0713157
0.723724 0.0709497
0.725726 0.0705865
0.727728 0.0702259
0.72973 0.0698681
0.731732 0.0695129
0.733734 0.0691603
0.735736 0.0688104
0.737738 0.068463
0.73974 0.0681182
0.741742 0.0677758
0.743744 0.067436
0.745746 0.0670986
0.747748 0.0667637
0.74975 0.0664312
0.751752 0.0661011
0.753754 0.0657734
0.755756 0.065448
0.757758 0.065125
0.75976 0.0648044
0.761762 0.064486
0.763764 0.0641699
0.765766 0.0638561
0.767768 0.0635446
0.76977 0.0632353
0.771772 0.0629282
0.773774 0.0626233
0.775776 0.0623206
0.777778 0.06202
0.77978 0.0617216
0.781782 0.0614253
0.783784 0.0611311
0.785786 0.060839
0.787788 0.0605489
0.78979 0.0602609
0.791792 0.0599749
0.793794 0.0596909
0.795796 0.0594089
0.797798 0.0591288
0.7998 0.0588507
0.801802 0.0585745
0.803804 0.0583003
0.805806 0.0580279
0.807808 0.0577574
0.80981 0.0574887
0.811812 0.0572219
0.813814 0.0569569
0.815816 0.0566937
0.817818 0.0564323
0.81982 0.0561726
0.821822 0.0559147
0.823824 0.0556586
0.825826 0.0554042
0.827828 0.0551514
0.82983 0.0549004
0.831832 0.054651
0.833834 0.0544033
0.835836 0.0541572
0.837838 0.0539128
0.83984 0.0536699
0.841842 0.0534287
0.843844 0.053189
0.845846 0.0529509
0.847848 0.0527143
0.84985 0.0524793
0.851852 0.0522457
0.853854 0.0520137
0.855856 0.0517831
0.857858 0.051554
0.85986 0.0513263
0.861862 0.0511001
0.863864 0.0508753
0.865866 0.0506518
0.867868 0.0504298
0.86987 0.0502091
0.871872 0.0499897
0.873874 0.0497717
0.875876 0.049555
0.877878 0.0493397
0.87988 0.0491257
0.881882 0.048913
0.883884 0.0487016
0.885886 0.0484916
0.887888 0.0482829
0.88989 0.0480756
0.891892 0.0478695
0.893894 0.0476648
0.895896 0.0474614
0.897898 0.0472594
0.8999 0.0470586
0.901902 0.0468592
0.903904 0.0466611
0.905906 0.0464643
0.907908 0.0462688
0.90991 0.0460746
0.911912 0.0458818
0.913914 0.0456903
0.915916 0.0455
0.917918 0.0453111
0.91992 0.0451235
0.921922 0.0449372
0.923924 0.0447523
0.925926 0.0445686
0.927928 0.0443862
0.92993 0.0442051
0.931932 0.0440254
0.933934 0.0438469
0.935936 0.0436697
0.937938 0.0434939
0.93994 0.0433192
0.941942 0.0431458
0.943944 0.0429736
0.945946 0.0428024
0.947948 0.0426324
0.94995 0.0424634
0.951952 0.0422954
0.953954 0.0421284
0.955956 0.0419624
0.957958 0.0417972
0.95996 0.0416328
0.961962 0.0414693
0.963964 0.0413065
0.965966 0.0411444
0.967968 0.0409831
0.96997 0.0408224
0.971972 0.0406622
0.973974 0.0405027
0.975976 0.0403437
0.977978 0.0401851
0.97998 0.040027
0.981982 0.0398693
0.983984 0.039712
0.985986 0.039555
0.987988 0.0393982
0.98999 0.0392418
0.991992 0.0390855
0.993994 0.0389293
0.995996 0.0387733
0.997998 0.0386174
1 0.0384615
