-0.587777 0.103785
-0.587762 0.103824
-0.587739 0.103882
-0.587709 0.103959
-0.587671 0.104056
-0.587625 0.104172
-0.587572 0.104308
-0.587511 0.104462
-0.587443 0.104636
-0.587368 0.10483
-0.587284 0.105042
-0.587193 0.105274
-0.587095 0.105526
-0.586989 0.105796
-0.586875 0.106086
-0.586754 0.106396
-0.586625 0.106724
-0.586489 0.107072
-0.586345 0.107439
-0.586193 0.107826
-0.586034 0.108232
-0.585868 0.108657
-0.585694 0.109101
-0.585512 0.109565
-0.585323 0.110048
-0.585126 0.11055
-0.584921 0.111072
-0.584709 0.111613
-0.58449 0.112173
-0.584263 0.112752
-0.584028 0.113351
-0.583786 0.113968
-0.583537 0.114605
-0.583279 0.115262
-0.583015 0.115937
-0.582742 0.116632
-0.582463 0.117346
-0.582175 0.118079
-0.58188 0.118831
-0.581578 0.119603
-0.581268 0.120393
-0.580951 0.121203
-0.580626 0.122032
-0.580294 0.12288
-0.579954 0.123747
-0.579606 0.124634
-0.579251 0.125539
-0.578889 0.126464
-0.578519 0.127407
-0.578142 0.12837
-0.577757 0.129352
-0.577364 0.130353
-0.576965 0.131372
-0.576557 0.132411
-0.576143 0.133469
-0.57572 0.134546
-0.575291 0.135642
-0.574854 0.136757
-0.574409 0.137891
-0.573957 0.139044
-0.573497 0.140215
-0.57303 0.141406
-0.572556 0.142616
-0.572074 0.143844
-0.571585 0.145091
-0.571089 0.146357
-0.570584 0.147642
-0.570073 0.148946
-0.569554 0.150269
-0.569028 0.15161
-0.568494 0.15297
-0.567953 0.154349
-0.567405 0.155746
-0.566849 0.157162
-0.566286 0.158597
-0.565715 0.160051
-0.565137 0.161523
-0.564552 0.163014
-0.56396 0.164523
-0.56336 0.166051
-0.562752 0.167597
-0.562138 0.169162
-0.561516 0.170745
-0.560886 0.172347
-0.56025 0.173967
-0.559606 0.175606
-0.558955 0.177263
-0.558296 0.178938
-0.557631 0.180632
-0.556958 0.182344
-0.556277 0.184074
-0.55559 0.185823
-0.554895 0.187589
-0.554193 0.189374
-0.553483 0.191177
-0.552767 0.192998
-0.552043 0.194837
-0.551312 0.196694
-0.550574 0.198569
-0.549828 0.200462
-0.549075 0.202373
-0.548315 0.204302
-0.547548 0.206248
-0.546774 0.208213
-0.545993 0.210195
-0.545204 0.212195
-0.544408 0.214212
-0.543605 0.216247
-0.542795 0.2183
-0.541978 0.220371
-0.541154 0.222458
-0.540322 0.224564
-0.539484 0.226686
-0.538638 0.228827
-0.537785 0.230984
-0.536926 0.233159
-0.536059 0.235351
-0.535185 0.23756
-0.534304 0.239786
-0.533416 0.242029
-0.53252 0.244289
-0.531618 0.246567
-0.530709 0.248861
-0.529793 0.251172
-0.52887 0.2535
-0.527939 0.255844
-0.527002 0.258205
-0.526058 0.260583
-0.525107 0.262977
-0.524149 0.265388
-0.523184 0.267816
-0.522212 0.270259
-0.521233 0.272719
-0.520247 0.275196
-0.519254 0.277688
-0.518254 0.280197
-0.517248 0.282721
-0.516234 0.285262
-0.515214 0.287819
-0.514187 0.290391
-0.513153 0.292979
-0.512112 0.295583
-0.511064 0.298202
-0.510009 0.300837
-0.508948 0.303488
-0.50788 0.306153
-0.506805 0.308834
-0.505723 0.311531
-0.504635 0.314242
-0.503539 0.316969
-0.502437 0.31971
-0.501328 0.322467
-0.500213 0.325238
-0.499091 0.328024
-0.497962 0.330825
-0.496826 0.33364
-0.495684 0.336469
-0.494535 0.339313
-0.493379 0.342172
-0.492217 0.345044
-0.491048 0.34793
-0.489873 0.350831
-0.488691 0.353745
-0.487502 0.356673
-0.486306 0.359615
-0.485105 0.362571
-0.483896 0.36554
-0.482681 0.368522
-0.481459 0.371517
-0.480231 0.374526
-0.478997 0.377548
-0.477755 0.380583
-0.476508 0.38363
-0.475254 0.38669
-0.473993 0.389763
-0.472726 0.392849
-0.471453 0.395946
-0.470173 0.399056
-0.468886 0.402179
-0.467594 0.405313
-0.466294 0.408459
-0.464989 0.411617
-0.463677 0.414786
-0.462359 0.417967
-0.461034 0.421159
-0.459703 0.424363
-0.458366 0.427578
-0.457022 0.430804
-0.455672 0.43404
-0.454316 0.437288
-0.452954 0.440545
-0.451585 0.443814
-0.45021 0.447093
-0.448829 0.450381
-0.447442 0.45368
-0.446049 0.456989
-0.444649 0.460308
-0.443243 0.463636
-0.441831 0.466973
-0.440413 0.47032
-0.438989 0.473676
-0.437558 0.477041
-0.436122 0.480415
-0.434679 0.483797
-0.43323 0.487188
-0.431776 0.490588
-0.430315 0.493995
-0.428848 0.497411
-0.427375 0.500834
-0.425897 0.504265
-0.424412 0.507704
-0.422921 0.51115
-0.421424 0.514603
-0.419922 0.518064
-0.418413 0.521531
-0.416899 0.525004
-0.415378 0.528485
-0.413852 0.531971
-0.41232 0.535464
-0.410782 0.538963
-0.409238 0.542467
-0.407689 0.545977
-0.406133 0.549492
-0.404572 0.553013
-0.403005 0.556538
-0.401432 0.560069
-0.399854 0.563604
-0.39827 0.567143
-0.39668 0.570687
-0.395084 0.574235
-0.393483 0.577786
-0.391876 0.581341
-0.390263 0.5849
-0.388645 0.588462
-0.387021 0.592027
-0.385392 0.595594
-0.383757 0.599165
-0.382116 0.602737
-0.38047 0.606312
-0.378818 0.609889
-0.377161 0.613467
-0.375498 0.617047
-0.37383 0.620629
-0.372156 0.624211
-0.370477 0.627794
-0.368792 0.631378
-0.367102 0.634962
-0.365407 0.638547
-0.363706 0.642131
-0.362 0.645715
-0.360289 0.649298
-0.358572 0.652881
-0.356849 0.656463
-0.355122 0.660043
-0.353389 0.663622
-0.351651 0.6672
-0.349908 0.670775
-0.348159 0.674348
-0.346406 0.677919
-0.344647 0.681487
-0.342882 0.685051
-0.341113 0.688613
-0.339339 0.692171
-0.337559 0.695726
-0.335774 0.699277
-0.333985 0.702823
-0.33219 0.706365
-0.33039 0.709902
-0.328585 0.713434
-0.326775 0.716961
-0.32496 0.720482
-0.32314 0.723997
-0.321315 0.727506
-0.319485 0.731009
-0.31765 0.734506
-0.31581 0.737995
-0.313966 0.741477
-0.312116 0.744952
-0.310262 0.748419
-0.308402 0.751878
-0.306538 0.755328
-0.304669 0.75877
-0.302796 0.762203
-0.300917 0.765627
-0.299034 0.769042
-0.297146 0.772446
-0.295253 0.775841
-0.293356 0.779225
-0.291454 0.782599
-0.289547 0.785962
-0.287636 0.789313
-0.28572 0.792653
-0.283799 0.795982
-0.281874 0.799298
-0.279944 0.802601
-0.27801 0.805892
-0.276071 0.80917
-0.274128 0.812434
-0.27218 0.815685
-0.270228 0.818922
-0.268271 0.822145
-0.26631 0.825353
-0.264344 0.828546
-0.262374 0.831724
-0.2604 0.834886
-0.258421 0.838033
-0.256438 0.841163
-0.254451 0.844277
-0.252459 0.847373
-0.250464 0.850453
-0.248463 0.853516
-0.246459 0.85656
-0.24445 0.859586
-0.242438 0.862594
-0.240421 0.865583
-0.238399 0.868553
-0.236374 0.871504
-0.234345 0.874435
-0.232311 0.877345
-0.230274 0.880235
-0.228232 0.883105
-0.226186 0.885953
-0.224137 0.88878
-0.222083 0.891585
-0.220025 0.894367
-0.217964 0.897128
-0.215898 0.899865
-0.213829 0.902579
-0.211755 0.90527
-0.209678 0.907937
-0.207597 0.910579
-0.205512 0.913197
-0.203423 0.91579
-0.201331 0.918358
-0.199234 0.9209
-0.197134 0.923416
-0.195031 0.925906
-0.192923 0.928369
-0.190812 0.930805
-0.188697 0.933214
-0.186579 0.935595
-0.184456 0.937948
-0.182331 0.940272
-0.180201 0.942567
-0.178069 0.944834
-0.175932 0.94707
-0.173792 0.949277
-0.171649 0.951453
-0.169502 0.953599
-0.167351 0.955714
-0.165198 0.957797
-0.16304 0.959849
-0.16088 0.961869
-0.158716 0.963856
-0.156548 0.96581
-0.154378 0.967731
-0.152204 0.969618
-0.150026 0.971472
-0.147846 0.973291
-0.145662 0.975075
-0.143475 0.976825
-0.141285 0.978539
-0.139091 0.980217
-0.136895 0.981859
-0.134695 0.983464
-0.132492 0.985033
-0.130286 0.986564
-0.128077 0.988058
-0.125865 0.989513
-0.12365 0.99093
-0.121432 0.992309
-0.119211 0.993648
-0.116987 0.994948
-0.11476 0.996208
-0.11253 0.997427
-0.110297 0.998606
-0.108062 0.999744
-0.105823 1.00084
-0.103582 1.0019
-0.101338 1.00291
-0.0990907 1.00388
-0.096841 1.0048
-0.0945885 1.00569
-0.0923334 1.00653
-0.0900755 1.00733
-0.087815 1.00808
-0.0855518 1.00878
-0.0832859 1.00945
-0.0810175 1.01006
-0.0787465 1.01063
-0.0764729 1.01116
-0.0741967 1.01163
-0.0719181 1.01207
-0.0696369 1.01245
-0.0673533 1.01278
-0.0650672 1.01307
-0.0627787 1.01331
-0.0604878 1.0135
-0.0581945 1.01364
-0.0558988 1.01373
-0.0536008 1.01377
-0.0513005 1.01376
-0.0489979 1.0137
-0.046693 1.01359
-0.0443859 1.01343
-0.0420765 1.01322
-0.0397649 1.01295
-0.0374512 1.01263
-0.0351353 1.01226
-0.0328172 1.01183
-0.0304971 1.01135
-0.0281748 1.01082
-0.0258505 1.01023
-0.0235242 1.00959
-0.0211958 1.00889
-0.0188654 1.00814
-0.0165331 1.00733
-0.0141988 1.00647
-0.0118626 1.00555
-0.00952444 1.00457
-0.00718443 1.00353
-0.00484255 1.00244
-0.00249884 1.00129
-0.000153312 1.00008
0.002194 0.999521
0.00454309 0.998952
0.00689392 0.998326
0.00924647 0.997642
0.0116007 0.996902
0.0139566 0.996105
0.0163142 0.995251
0.0186734 0.994341
0.0210342 0.993375
0.0233966 0.992354
0.0257606 0.991278
0.028126 0.990146
0.030493 0.98896
0.0328615 0.98772
0.0352315 0.986426
0.0376029 0.985078
0.0399757 0.983677
0.0423499 0.982222
0.0447255 0.980715
0.0471024 0.979156
0.0494806 0.977545
0.0518602 0.975882
0.054241 0.974167
0.0566231 0.972402
0.0590064 0.970586
0.0613909 0.96872
0.0637767 0.966804
0.0661635 0.964839
0.0685515 0.962824
0.0709407 0.960761
0.0733309 0.958649
0.0757221 0.956489
0.0781145 0.954281
0.0805078 0.952027
0.0829021 0.949725
0.0852975 0.947377
0.0876937 0.944982
0.0900909 0.942542
0.092489 0.940057
0.094888 0.937526
0.0972878 0.934952
0.0996884 0.932332
0.10209 0.92967
0.104492 0.926964
0.106895 0.924215
0.109299 0.921423
0.111703 0.91859
0.114108 0.915714
0.116514 0.912798
0.118921 0.90984
0.121328 0.906843
0.123735 0.903805
0.126144 0.900728
0.128552 0.897611
0.130962 0.894456
0.133371 0.891263
0.135782 0.888032
0.138192 0.884764
0.140604 0.881458
0.143015 0.878116
0.145427 0.874739
0.147839 0.871325
0.150252 0.867877
0.152665 0.864393
0.155078 0.860876
0.157492 0.857324
0.159905 0.85374
0.162319 0.850122
0.164733 0.846472
0.167148 0.84279
0.169562 0.839077
0.171977 0.835332
0.174391 0.831557
0.176806 0.827752
0.179221 0.823918
0.181636 0.820054
0.18405 0.816161
0.186465 0.81224
0.18888 0.808292
0.191295 0.804316
0.193709 0.800313
0.196124 0.796284
0.198538 0.792229
0.200952 0.788149
0.203366 0.784044
0.20578 0.779914
0.208193 0.77576
0.210606 0.771583
0.213019 0.767383
0.215432 0.763161
0.217844 0.758916
0.220256 0.75465
0.222668 0.750363
0.225079 0.746055
0.227489 0.741727
0.2299 0.737379
0.23231 0.733013
0.234719 0.728627
0.237128 0.724224
0.239536 0.719803
0.241944 0.715364
0.244351 0.710909
0.246757 0.706437
0.249163 0.70195
0.251568 0.697448
0.253972 0.692931
0.256376 0.688399
0.258779 0.683854
0.261181 0.679295
0.263583 0.674724
0.265983 0.67014
0.268383 0.665544
0.270782 0.660937
0.27318 0.656319
0.275578 0.65169
0.277974 0.647052
0.280369 0.642404
0.282763 0.637747
0.285157 0.633081
0.287549 0.628408
0.28994 0.623727
0.292331 0.619038
0.29472 0.614344
0.297108 0.609643
0.299495 0.604936
0.30188 0.600224
0.304265 0.595508
0.306648 0.590787
0.30903 0.586063
0.311411 0.581335
0.313791 0.576604
0.316169 0.571872
0.318546 0.567137
0.320921 0.5624
0.323296 0.557663
0.325668 0.552925
0.32804 0.548188
0.33041 0.54345
0.332778 0.538714
0.335145 0.533979
0.337511 0.529245
0.339875 0.524514
0.342237 0.519786
0.344598 0.515061
0.346957 0.510339
0.349315 0.505621
0.351671 0.500908
0.354025 0.4962
0.356377 0.491497
0.358728 0.4868
0.361077 0.482109
0.363425 0.477425
0.36577 0.472748
0.368114 0.468079
0.370456 0.463417
0.372796 0.458764
0.375134 0.45412
0.37747 0.449485
0.379804 0.44486
0.382137 0.440245
0.384467 0.435641
0.386795 0.431047
0.389122 0.426465
0.391446 0.421894
0.393768 0.417336
0.396089 0.41279
0.398407 0.408257
0.400722 0.403738
0.403036 0.399232
0.405348 0.394741
0.407657 0.390264
0.409964 0.385802
0.412269 0.381356
0.414572 0.376925
0.416872 0.372511
0.41917 0.368112
0.421466 0.363731
0.423759 0.359367
0.42605 0.355021
0.428338 0.350692
0.430625 0.346382
0.432908 0.342091
0.435189 0.337819
0.437468 0.333566
0.439744 0.329333
0.442018 0.325121
0.444289 0.320928
0.446557 0.316757
0.448823 0.312607
0.451086 0.308478
0.453347 0.304371
0.455605 0.300287
0.45786 0.296224
0.460112 0.292185
0.462362 0.288169
0.464609 0.284177
0.466853 0.280208
0.469094 0.276263
0.471333 0.272343
0.473569 0.268448
0.475801 0.264577
0.478031 0.260732
0.480258 0.256913
0.482482 0.25312
0.484703 0.249353
0.486921 0.245612
0.489136 0.241898
0.491348 0.238211
0.493557 0.234552
0.495763 0.23092
0.497966 0.227316
0.500166 0.223741
0.502363 0.220194
0.504556 0.216675
0.506746 0.213186
0.508933 0.209725
0.511117 0.206294
0.513298 0.202893
0.515475 0.199522
0.517649 0.196181
0.51982 0.19287
0.521987 0.18959
0.524151 0.186341
0.526312 0.183122
0.528469 0.179936
0.530623 0.17678
0.532773 0.173657
0.53492 0.170565
0.537063 0.167505
0.539203 0.164478
0.54134 0.161483
0.543473 0.158521
0.545602 0.155592
0.547728 0.152696
0.54985 0.149833
0.551968 0.147004
0.554083 0.144208
0.556194 0.141446
0.558302 0.138718
0.560406 0.136024
0.562506 0.133365
0.564602 0.130739
0.566695 0.128149
0.568783 0.125593
0.570868 0.123071
0.572949 0.120585
0.575027 0.118134
0.5771 0.115718
0.579169 0.113338
0.581235 0.110993
0.583297 0.108683
0.585354 0.106409
0.587408 0.104171
0.589458 0.101969
0.591503 0.0998029
0.593545 0.0976718
0.595582 0.0955757
0.597616 0.0935142
0.599645 0.0914871
0.601671 0.0894938
0.603692 0.0875343
0.605709 0.085608
0.607722 0.0837147
0.60973 0.081854
0.611735 0.0800256
0.613735 0.0782293
0.615731 0.0764645
0.617722 0.0747311
0.61971 0.0730287
0.621693 0.071357
0.623671 0.0697157
0.625646 0.0681044
0.627616 0.0665228
0.629581 0.0649707
0.631542 0.0634476
0.633499 0.0619533
0.635451 0.0604875
0.637399 0.0590499
0.639342 0.0576401
0.641281 0.0562578
0.643216 0.0549028
0.645145 0.0535747
0.64707 0.0522732
0.648991 0.0509981
0.650907 0.049749
0.652818 0.0485256
0.654725 0.0473277
0.656627 0.0461548
0.658524 0.0450069
0.660417 0.0438835
0.662305 0.0427843
0.664188 0.0417091
0.666067 0.0406576
0.66794 0.0396295
0.669809 0.0386245
0.671674 0.0376424
0.673533 0.0366828
0.675387 0.0357454
0.677237 0.0348301
0.679081 0.0339365
0.680921 0.0330643
0.682756 0.0322133
0.684586 0.0313832
0.686411 0.0305738
0.688231 0.0297847
0.690046 0.0290157
0.691856 0.0282665
0.693661 0.027537
0.695461 0.0268267
0.697256 0.0261355
0.699046 0.0254631
0.70083 0.0248093
0.70261 0.0241737
0.704384 0.0235562
0.706154 0.0229565
0.707918 0.0223743
0.709677 0.0218094
0.711431 0.0212616
0.713179 0.0207306
0.714922 0.0202162
0.71666 0.0197181
0.718393 0.019236
0.720121 0.0187699
0.721843 0.0183194
0.72356 0.0178842
0.725271 0.0174642
0.726977 0.0170592
0.728678 0.0166689
0.730374 0.016293
0.732064 0.0159314
0.733748 0.0155839
0.735427 0.0152501
0.737101 0.01493
0.738769 0.0146233
0.740432 0.0143297
0.742089 0.0140491
0.743741 0.0137812
0.745387 0.0135259
0.747028 0.0132829
0.748663 0.0130521
0.750292 0.0128331
0.751916 0.0126259
0.753534 0.0124303
0.755147 0.0122459
0.756754 0.0120727
0.758355 0.0119104
0.759951 0.0117589
0.761541 0.0116179
0.763125 0.0114873
0.764704 0.0113669
0.766276 0.0112564
0.767843 0.0111558
0.769405 0.0110648
0.77096 0.0109832
0.77251 0.0109109
0.774053 0.0108477
0.775591 0.0107934
0.777123 0.0107479
0.77865 0.0107109
0.78017 0.0106824
0.781685 0.0106621
0.783193 0.0106498
0.784696 0.0106455
0.786192 0.0106489
0.787683 0.0106598
0.789168 0.0106782
0.790647 0.0107039
0.79212 0.0107367
0.793586 0.0107764
0.795047 0.010823
0.796502 0.0108762
0.79795 0.0109358
0.799393 0.0110019
0.800829 0.0110742
0.80226 0.0111525
0.803684 0.0112367
0.805102 0.0113268
0.806514 0.0114224
0.80792 0.0115236
0.80932 0.0116302
0.810713 0.011742
0.812101 0.0118589
0.813482 0.0119807
0.814857 0.0121075
0.816225 0.0122389
0.817588 0.0123749
0.818944 0.0125154
0.820294 0.0126602
0.821637 0.0128093
0.822974 0.0129624
0.824305 0.0131195
0.82563 0.0132805
0.826948 0.0134453
0.82826 0.0136136
0.829566 0.0137856
0.830865 0.0139609
0.832158 0.0141395
0.833444 0.0143213
0.834724 0.0145062
0.835997 0.0146941
0.837264 0.0148849
0.838525 0.0150784
0.839779 0.0152746
0.841027 0.0154734
0.842268 0.0156747
0.843503 0.0158784
0.844731 0.0160844
0.845952 0.0162925
0.847167 0.0165028
0.848376 0.0167151
0.849578 0.0169293
0.850773 0.0171453
0.851962 0.0173631
0.853144 0.0175825
0.854319 0.0178035
0.855488 0.0180261
0.856651 0.01825
0.857806 0.0184753
0.858955 0.0187018
0.860098 0.0189295
0.861233 0.0191583
0.862362 0.0193882
0.863484 0.019619
0.8646 0.0198506
0.865709 0.0200831
0.866811 0.0203163
0.867906 0.0205502
0.868994 0.0207847
0.870076 0.0210197
0.871151 0.0212552
0.872219 0.0214911
0.873281 0.0217274
0.874335 0.0219639
0.875383 0.0222006
0.876424 0.0224375
0.877458 0.0226745
0.878485 0.0229115
0.879505 0.0231486
0.880519 0.0233855
0.881525 0.0236223
0.882525 0.023859
0.883518 0.0240954
0.884504 0.0243315
0.885483 0.0245673
0.886455 0.0248027
0.88742 0.0250377
0.888378 0.0252722
0.889329 0.0255062
0.890273 0.0257396
0.891211 0.0259724
0.892141 0.0262045
0.893064 0.0264359
0.89398 0.0266666
0.894889 0.0268965
0.895792 0.0271255
0.896687 0.0273537
0.897575 0.027581
0.898456 0.0278074
0.89933 0.0280327
0.900197 0.0282571
0.901057 0.0284804
0.901909 0.0287026
0.902755 0.0289237
0.903594 0.0291437
0.904425 0.0293624
0.905249 0.02958
0.906067 0.0297963
0.906877 0.0300113
0.90768 0.0302251
0.908475 0.0304374
0.909264 0.0306485
0.910045 0.0308581
0.91082 0.0310664
0.911587 0.0312732
0.912347 0.0314785
0.913099 0.0316823
0.913845 0.0318846
0.914583 0.0320854
0.915314 0.0322847
0.916038 0.0324823
0.916755 0.0326784
0.917464 0.0328728
0.918166 0.0330656
0.918861 0.0332567
0.919548 0.0334462
0.920229 0.0336339
0.920902 0.0338199
0.921568 0.0340042
0.922226 0.0341868
0.922877 0.0343675
0.923521 0.0345465
0.924158 0.0347237
0.924787 0.0348991
0.925409 0.0350727
0.926024 0.0352444
0.926631 0.0354142
0.927231 0.0355822
0.927823 0.0357483
0.928409 0.0359125
0.928987 0.0360748
0.929557 0.0362352
0.93012 0.0363936
0.930676 0.0365501
0.931224 0.0367047
0.931766 0.0368573
0.932299 0.0370079
0.932825 0.0371566
0.933344 0.0373033
0.933856 0.0374479
0.93436 0.0375906
0.934856 0.0377313
0.935346 0.0378699
0.935827 0.0380065
0.936302 0.0381411
0.936769 0.0382736
0.937228 0.0384041
0.93768 0.0385325
0.938125 0.0386589
0.938562 0.0387832
0.938992 0.0389054
0.939414 0.0390255
0.939829 0.0391436
0.940236 0.0392596
0.940636 0.0393735
0.941028 0.0394853
0.941413 0.0395949
0.94179 0.0397025
0.94216 0.039808
0.942523 0.0399114
0.942878 0.0400126
0.943225 0.0401118
0.943565 0.0402088
0.943897 0.0403037
0.944222 0.0403964
0.94454 0.0404871
0.944849 0.0405756
0.945152 0.0406619
0.945447 0.0407461
0.945734 0.0408282
0.946014 0.0409082
0.946286 0.040986
0.946551 0.0410616
0.946808 0.0411351
0.947057 0.0412065
0.9473 0.0412757
0.947534 0.0413428
0.947761 0.0414077
0.947981 0.0414704
0.948193 0.041531
0.948397 0.0415895
0.948594 0.0416457
0.948783 0.0416999
0.948965 0.0417518
0.949139 0.0418016
0.949306 0.0418493
0.949465 0.0418948
0.949616 0.0419381
0.94976 0.0419792
0.949896 0.0420182
0.950025 0.0420551
0.950146 0.0420897
0.95026 0.0421222
0.950366 0.0421526
0.950465 0.0421807
0.950555 0.0422068
0.950639 0.0422306
0.950715 0.0422523
0.950783 0.0422718
0.950843 0.0422891
0.950896 0.0423043
0.950942 0.0423173
0.95098 0.0423281
0.95101 0.0423368
0.951033 0.0423433
0.951048 0.0423476
0.951056 0.0423498
