-1 0.0384615
-0.997998 0.0386251
-0.995996 0.0387887
-0.993994 0.0389523
-0.991992 0.039116
-0.98999 0.0392798
-0.987988 0.0394437
-0.985986 0.0396077
-0.983984 0.039772
-0.981982 0.0399364
-0.97998 0.040101
-0.977978 0.0402659
-0.975976 0.0404311
-0.973974 0.0405966
-0.971972 0.0407623
-0.96997 0.0409285
-0.967968 0.041095
-0.965966 0.0412618
-0.963964 0.0414291
-0.961962 0.0415969
-0.95996 0.0417651
-0.957958 0.0419338
-0.955956 0.042103
-0.953954 0.0422728
-0.951952 0.0424431
-0.94995 0.042614
-0.947948 0.0427855
-0.945946 0.0429577
-0.943944 0.0431305
-0.941942 0.043304
-0.93994 0.0434782
-0.937938 0.0436532
-0.935936 0.0438289
-0.933934 0.0440054
-0.931932 0.0441827
-0.92993 0.0443609
-0.927928 0.0445399
-0.925926 0.0447198
-0.923924 0.0449006
-0.921922 0.0450823
-0.91992 0.045265
-0.917918 0.0454487
-0.915916 0.0456333
-0.913914 0.045819
-0.911912 0.0460058
-0.90991 0.0461937
-0.907908 0.0463826
-0.905906 0.0465727
-0.903904 0.0467639
-0.901902 0.0469563
-0.8999 0.0471499
-0.897898 0.0473448
-0.895896 0.0475409
-0.893894 0.0477382
-0.891892 0.0479369
-0.88989 0.0481369
-0.887888 0.0483382
-0.885886 0.048541
-0.883884 0.0487451
-0.881882 0.0489506
-0.87988 0.0491576
-0.877878 0.0493661
-0.875876 0.049576
-0.873874 0.0497875
-0.871872 0.0500005
-0.86987 0.0502151
-0.867868 0.0504313
-0.865866 0.0506482
-0.863864 0.0508652
-0.861862 0.0510839
-0.85986 0.0513042
-0.857858 0.0515263
-0.855856 0.05175
-0.853854 0.0519754
-0.851852 0.0522026
-0.84985 0.0524315
-0.847848 0.0526622
-0.845846 0.0528946
-0.843844 0.0531288
-0.841842 0.0533648
-0.83984 0.0536026
-0.837838 0.0538422
-0.835836 0.0540837
-0.833834 0.054327
-0.831832 0.0545722
-0.82983 0.0548192
-0.827828 0.0550682
-0.825826 0.055319
-0.823824 0.0555718
-0.821822 0.0558265
-0.81982 0.0560831
-0.817818 0.0563418
-0.815816 0.0566023
-0.813814 0.0568649
-0.811812 0.0571295
-0.80981 0.0573961
-0.807808 0.0576647
-0.805806 0.0579354
-0.803804 0.0582081
-0.801802 0.0584829
-0.7998 0.0587598
-0.797798 0.0590388
-0.795796 0.0593199
-0.793794 0.0596032
-0.791792 0.0598886
-0.78979 0.0601761
-0.787788 0.0604658
-0.785786 0.0607577
-0.783784 0.0610518
-0.781782 0.0613481
-0.77978 0.0616467
-0.777778 0.0619474
-0.775776 0.0622505
-0.773774 0.0625558
-0.771772 0.0628633
-0.76977 0.0631732
-0.767768 0.0634854
-0.765766 0.0637999
-0.763764 0.0641168
-0.761762 0.064436
-0.75976 0.0647576
-0.757758 0.0650815
-0.755756 0.0654079
-0.753754 0.0657366
-0.751752 0.0660678
-0.74975 0.0664014
-0.747748 0.0667375
-0.745746 0.067076
-0.743744 0.067417
-0.741742 0.0677605
-0.73974 0.0681065
-0.737738 0.0684551
-0.735736 0.0688061
-0.733734 0.0691597
-0.731732 0.0695159
-0.72973 0.0698747
-0.727728 0.0702361
-0.725726 0.0706001
-0.723724 0.0709668
-0.721722 0.0713362
-0.71972 0.0717083
-0.717718 0.0720832
-0.715716 0.0724609
-0.713714 0.0728414
-0.711712 0.0732247
-0.70971 0.0736109
-0.707708 0.0740001
-0.705706 0.0743921
-0.703704 0.0747871
-0.701702 0.0751851
-0.6997 0.0755861
-0.697698 0.0759902
-0.695696 0.0763974
-0.693694 0.0768076
-0.691692 0.077221
-0.68969 0.0776375
-0.687688 0.0780572
-0.685686 0.0784802
-0.683684 0.0789064
-0.681682 0.0793359
-0.67968 0.0797686
-0.677678 0.0802047
-0.675676 0.0806442
-0.673674 0.0810871
-0.671672 0.0815333
-0.66967 0.0819831
-0.667668 0.0824363
-0.665666 0.082893
-0.663664 0.0833532
-0.661662 0.083817
-0.65966 0.0842844
-0.657658 0.0847554
-0.655656 0.0852301
-0.653654 0.0857084
-0.651652 0.0861905
-0.64965 0.0866762
-0.647648 0.0871658
-0.645646 0.0876591
-0.643644 0.0881563
-0.641642 0.0886573
-0.63964 0.0891621
-0.637638 0.0896709
-0.635636 0.0901836
-0.633634 0.0907003
-0.631632 0.091221
-0.62963 0.0917457
-0.627628 0.0922744
-0.625626 0.0928072
-0.623624 0.0933442
-0.621622 0.0938852
-0.61962 0.0944305
-0.617618 0.0949799
-0.615616 0.0955335
-0.613614 0.0960914
-0.611612 0.0966536
-0.60961 0.0972201
-0.607608 0.0977909
-0.605606 0.098366
-0.603604 0.0989456
-0.601602 0.0995296
-0.5996 0.100118
-0.597598 0.100711
-0.595596 0.101309
-0.593594 0.101911
-0.591592 0.102518
-0.58959 0.10313
-0.587588 0.103747
-0.585586 0.10437
-0.583584 0.104998
-0.581582 0.105631
-0.57958 0.10627
-0.577578 0.106915
-0.575576 0.107565
-0.573574 0.108221
-0.571572 0.108884
-0.56957 0.109552
-0.567568 0.110227
-0.565566 0.110909
-0.563564 0.111597
-0.561562 0.112291
-0.55956 0.112993
-0.557558 0.113701
-0.555556 0.114417
-0.553554 0.115139
-0.551552 0.115869
-0.54955 0.116606
-0.547548 0.117351
-0.545546 0.118104
-0.543544 0.118864
-0.541542 0.119632
-0.53954 0.120408
-0.537538 0.121192
-0.535536 0.121985
-0.533534 0.122786
-0.531532 0.123595
-0.52953 0.124413
-0.527528 0.12524
-0.525526 0.126076
-0.523524 0.12692
-0.521522 0.127774
-0.51952 0.128637
-0.517518 0.129509
-0.515516 0.130391
-0.513514 0.131283
-0.511512 0.132184
-0.50951 0.133095
-0.507508 0.134016
-0.505506 0.134946
-0.503504 0.135888
-0.501502 0.136839
-0.499499 0.137801
-0.497497 0.138774
-0.495495 0.139757
-0.493493 0.140751
-0.491491 0.141756
-0.489489 0.142772
-0.487487 0.143799
-0.485485 0.144837
-0.483483 0.145887
-0.481481 0.146948
-0.479479 0.148021
-0.477477 0.149106
-0.475475 0.150203
-0.473473 0.151311
-0.471471 0.152432
-0.469469 0.153565
-0.467467 0.154711
-0.465465 0.155869
-0.463463 0.157039
-0.461461 0.158223
-0.459459 0.159419
-0.457457 0.160628
-0.455455 0.16185
-0.453453 0.163085
-0.451451 0.164333
-0.449449 0.165594
-0.447447 0.166869
-0.445445 0.168158
-0.443443 0.169459
-0.441441 0.170775
-0.439439 0.172104
-0.437437 0.173447
-0.435435 0.174804
-0.433433 0.176175
-0.431431 0.177561
-0.429429 0.17896
-0.427427 0.180374
-0.425425 0.181802
-0.423423 0.183244
-0.421421 0.184702
-0.419419 0.186174
-0.417417 0.18766
-0.415415 0.189162
-0.413413 0.190678
-0.411411 0.19221
-0.409409 0.193757
-0.407407 0.195319
-0.405405 0.196896
-0.403403 0.198489
-0.401401 0.200098
-0.399399 0.201722
-0.397397 0.203361
-0.395395 0.205017
-0.393393 0.206688
-0.391391 0.208376
-0.389389 0.210079
-0.387387 0.211799
-0.385385 0.213535
-0.383383 0.215288
-0.381381 0.217057
-0.379379 0.218843
-0.377377 0.220645
-0.375375 0.222464
-0.373373 0.2243
-0.371371 0.226153
-0.369369 0.228023
-0.367367 0.22991
-0.365365 0.231814
-0.363363 0.233736
-0.361361 0.235675
-0.359359 0.237631
-0.357357 0.239606
-0.355355 0.241598
-0.353353 0.243607
-0.351351 0.245635
-0.349349 0.247681
-0.347347 0.249745
-0.345345 0.251827
-0.343343 0.253927
-0.341341 0.256046
-0.339339 0.258183
-0.337337 0.260338
-0.335335 0.262513
-0.333333 0.264706
-0.331331 0.266918
-0.329329 0.26915
-0.327327 0.271403
-0.325325 0.273677
-0.323323 0.275974
-0.321321 0.278295
-0.319319 0.28064
-0.317317 0.283011
-0.315315 0.285408
-0.313313 0.287832
-0.311311 0.290285
-0.309309 0.292768
-0.307307 0.29528
-0.305305 0.297824
-0.303303 0.3004
-0.301301 0.303009
-0.299299 0.305652
-0.297297 0.30833
-0.295295 0.311044
-0.293293 0.313795
-0.291291 0.316583
-0.289289 0.319411
-0.287287 0.322278
-0.285285 0.325187
-0.283283 0.328136
-0.281281 0.331129
-0.279279 0.334164
-0.277277 0.337245
-0.275275 0.340371
-0.273273 0.343543
-0.271271 0.346763
-0.269269 0.350031
-0.267267 0.353348
-0.265265 0.356715
-0.263263 0.360134
-0.261261 0.363605
-0.259259 0.367129
-0.257257 0.370707
-0.255255 0.374339
-0.253253 0.378028
-0.251251 0.381774
-0.249249 0.385577
-0.247247 0.389439
-0.245245 0.393361
-0.243243 0.397344
-0.241241 0.401388
-0.239239 0.405495
-0.237237 0.409665
-0.235235 0.4139
-0.233233 0.4182
-0.231231 0.422566
-0.229229 0.427
-0.227227 0.431502
-0.225225 0.436074
-0.223223 0.440715
-0.221221 0.445428
-0.219219 0.450213
-0.217217 0.45507
-0.215215 0.460002
-0.213213 0.465009
-0.211211 0.470091
-0.209209 0.475251
-0.207207 0.480488
-0.205205 0.485804
-0.203203 0.491199
-0.201201 0.496675
-0.199199 0.502233
-0.197197 0.507871
-0.195195 0.513588
-0.193193 0.519379
-0.191191 0.525241
-0.189189 0.531172
-0.187187 0.537168
-0.185185 0.543227
-0.183183 0.549345
-0.181181 0.555519
-0.179179 0.561746
-0.177177 0.568023
-0.175175 0.574346
-0.173173 0.580713
-0.171171 0.587121
-0.169169 0.593566
-0.167167 0.600045
-0.165165 0.606556
-0.163163 0.613095
-0.161161 0.619659
-0.159159 0.626244
-0.157157 0.632849
-0.155155 0.639469
-0.153153 0.646102
-0.151151 0.652744
-0.149149 0.659393
-0.147147 0.666045
-0.145145 0.672697
-0.143143 0.679346
-0.141141 0.685989
-0.139139 0.692623
-0.137137 0.699245
-0.135135 0.705851
-0.133133 0.712439
-0.131131 0.719006
-0.129129 0.725548
-0.127127 0.732062
-0.125125 0.738545
-0.123123 0.744994
-0.121121 0.751406
-0.119119 0.757778
-0.117117 0.764106
-0.115115 0.770388
-0.113113 0.776621
-0.111111 0.782801
-0.109109 0.788925
-0.107107 0.794991
-0.105105 0.800995
-0.103103 0.806933
-0.101101 0.812804
-0.0990991 0.818603
-0.0970971 0.824328
-0.0950951 0.829975
-0.0930931 0.835542
-0.0910911 0.841025
-0.0890891 0.846421
-0.0870871 0.851728
-0.0850851 0.856941
-0.0830831 0.862059
-0.0810811 0.867077
-0.0790791 0.871993
-0.0770771 0.876804
-0.0750751 0.881506
-0.0730731 0.886097
-0.0710711 0.890572
-0.0690691 0.89493
-0.0670671 0.899167
-0.0650651 0.903281
-0.0630631 0.907269
-0.0610611 0.911133
-0.0590591 0.914873
-0.0570571 0.918487
-0.0550551 0.921978
-0.0530531 0.925343
-0.0510511 0.928584
-0.049049 0.9317
-0.047047 0.934691
-0.045045 0.937558
-0.043043 0.9403
-0.041041 0.942918
-0.039039 0.945411
-0.037037 0.947779
-0.035035 0.950023
-0.033033 0.952142
-0.031031 0.954136
-0.029029 0.956006
-0.027027 0.957751
-0.025025 0.959371
-0.023023 0.960867
-0.021021 0.962238
-0.019019 0.963485
-0.017017 0.964606
-0.015015 0.965604
-0.013013 0.966476
-0.011011 0.967224
-0.00900901 0.967847
-0.00700701 0.968346
-0.00500501 0.96872
-0.003003 0.968969
-0.001001 0.969094
0.001001 0.969094
0.003003 0.968969
0.00500501 0.96872
0.00700701 0.968346
0.00900901 0.967847
0.011011 0.967224
0.013013 0.966476
0.015015 0.965604
0.017017 0.964606
0.019019 0.963485
0.021021 0.962238
0.023023 0.960867
0.025025 0.959371
0.027027 0.957751
0.029029 0.956006
0.031031 0.954136
0.033033 0.952142
0.035035 0.950023
0.037037 0.947779
0.039039 0.945411
0.041041 0.942918
0.043043 0.9403
0.045045 0.937558
0.047047 0.934691
0.049049 0.9317
0.0510511 0.928584
0.0530531 0.925343
0.0550551 0.921978
0.0570571 0.918487
0.0590591 0.914873
0.0610611 0.911133
0.0630631 0.907269
0.0650651 0.903281
0.0670671 0.899167
0.0690691 0.89493
0.0710711 0.890572
0.0730731 0.886097
0.0750751 0.881506
0.0770771 0.876804
0.0790791 0.871993
0.0810811 0.867077
0.0830831 0.862059
0.0850851 0.856941
0.0870871 0.851728
0.0890891 0.846421
0.0910911 0.841025
0.0930931 0.835542
0.0950951 0.829975
0.0970971 0.824328
0.0990991 0.818603
0.101101 0.812804
0.103103 0.806933
0.105105 0.800995
0.107107 0.794991
0.109109 0.788925
0.111111 0.782801
0.113113 0.776621
0.115115 0.770388
0.117117 0.764106
0.119119 0.757778
0.121121 0.751406
0.123123 0.744994
0.125125 0.738545
0.127127 0.732062
0.129129 0.725548
0.131131 0.719006
0.133133 0.712439
0.135135 0.705851
0.137137 0.699245
0.139139 0.692623
0.141141 0.685989
0.143143 0.679346
0.145145 0.672697
0.147147 0.666045
0.149149 0.659393
0.151151 0.652744
0.153153 0.646102
0.155155 0.639469
0.157157 0.632849
0.159159 0.626244
0.161161 0.619659
0.163163 0.613095
0.165165 0.606556
0.167167 0.600045
0.169169 0.593566
0.171171 0.587121
0.173173 0.580713
0.175175 0.574346
0.177177 0.568023
0.179179 0.561746
0.181181 0.555519
0.183183 0.549345
0.185185 0.543227
0.187187 0.537168
0.189189 0.531172
0.191191 0.525241
0.193193 0.519379
0.195195 0.513588
0.197197 0.507871
0.199199 0.502233
0.201201 0.496675
0.203203 0.491199
0.205205 0.485804
0.207207 0.480488
0.209209 0.475251
0.211211 0.470091
0.213213 0.465009
0.215215 0.460002
0.217217 0.45507
0.219219 0.450213
0.221221 0.445428
0.223223 0.440715
0.225225 0.436074
0.227227 0.431502
0.229229 0.427
0.231231 0.422566
0.233233 0.4182
0.235235 0.4139
0.237237 0.409665
0.239239 0.405495
0.241241 0.401388
0.243243 0.397344
0.245245 0.393361
0.247247 0.389439
0.249249 0.385577
0.251251 0.381774
0.253253 0.378028
0.255255 0.374339
0.257257 0.370707
0.259259 0.367129
0.261261 0.363605
0.263263 0.360134
0.265265 0.356716
0.267267 0.353348
0.269269 0.350031
0.271271 0.346763
0.273273 0.343543
0.275275 0.340371
0.277277 0.337245
0.279279 0.334165
0.281281 0.331129
0.283283 0.328136
0.285285 0.325187
0.287287 0.322278
0.289289 0.319411
0.291291 0.316584
0.293293 0.313795
0.295295 0.311044
0.297297 0.30833
0.299299 0.305652
0.301301 0.303009
0.303303 0.3004
0.305305 0.297824
0.307307 0.29528
0.309309 0.292768
0.311311 0.290285
0.313313 0.287832
0.315315 0.285408
0.317317 0.283011
0.319319 0.28064
0.321321 0.278295
0.323323 0.275974
0.325325 0.273677
0.327327 0.271403
0.329329 0.26915
0.331331 0.266918
0.333333 0.264706
0.335335 0.262513
0.337337 0.260338
0.339339 0.258183
0.341341 0.256046
0.343343 0.253927
0.345345 0.251827
0.347347 0.249745
0.349349 0.247681
0.351351 0.245635
0.353353 0.243607
0.355355 0.241598
0.357357 0.239606
0.359359 0.237631
0.361361 0.235675
0.363363 0.233736
0.365365 0.231814
0.367367 0.22991
0.369369 0.228022
0.371371 0.226153
0.373373 0.2243
0.375375 0.222464
0.377377 0.220645
0.379379 0.218842
0.381381 0.217057
0.383383 0.215288
0.385385 0.213535
0.387387 0.211799
0.389389 0.210079
0.391391 0.208376
0.393393 0.206688
0.395395 0.205017
0.397397 0.203361
0.399399 0.201721
0.401401 0.200097
0.403403 0.198489
0.405405 0.196896
0.407407 0.195319
0.409409 0.193757
0.411411 0.19221
0.413413 0.190678
0.415415 0.189162
0.417417 0.18766
0.419419 0.186173
0.421421 0.184701
0.423423 0.183244
0.425425 0.181802
0.427427 0.180373
0.429429 0.17896
0.431431 0.17756
0.433433 0.176175
0.435435 0.174804
0.437437 0.173447
0.439439 0.172104
0.441441 0.170775
0.443443 0.169459
0.445445 0.168157
0.447447 0.166869
0.449449 0.165594
0.451451 0.164333
0.453453 0.163085
0.455455 0.161849
0.457457 0.160628
0.459459 0.159419
0.461461 0.158223
0.463463 0.157039
0.465465 0.155869
0.467467 0.154711
0.469469 0.153565
0.471471 0.152432
0.473473 0.151311
0.475475 0.150203
0.477477 0.149106
0.479479 0.148021
0.481481 0.146948
0.483483 0.145887
0.485485 0.144837
0.487487 0.143799
0.489489 0.142772
0.491491 0.141756
0.493493 0.140751
0.495495 0.139757
0.497497 0.138774
0.499499 0.137801
0.501502 0.13684
0.503504 0.135888
0.505506 0.134947
0.507508 0.134016
0.50951 0.133095
0.511512 0.132184
0.513514 0.131283
0.515516 0.130392
0.517518 0.12951
0.51952 0.128638
0.521522 0.127775
0.523524 0.126921
0.525526 0.126077
0.527528 0.125241
0.52953 0.124414
0.531532 0.123596
0.533534 0.122787
0.535536 0.121986
0.537538 0.121193
0.53954 0.120409
0.541542 0.119633
0.543544 0.118865
0.545546 0.118105
0.547548 0.117352
0.54955 0.116607
0.551552 0.11587
0.553554 0.11514
0.555556 0.114418
0.557558 0.113702
0.55956 0.112994
0.561562 0.112292
0.563564 0.111598
0.565566 0.11091
0.567568 0.110228
0.56957 0.109553
0.571572 0.108885
0.573574 0.108222
0.575576 0.107566
0.577578 0.106915
0.57958 0.106271
0.581582 0.105632
0.583584 0.104998
0.585586 0.10437
0.587588 0.103748
0.58959 0.103131
0.591592 0.102518
0.593594 0.101911
0.595596 0.101309
0.597598 0.100711
0.5996 0.100118
0.601602 0.0995295
0.603604 0.0989455
0.605606 0.0983658
0.607608 0.0977905
0.60961 0.0972196
0.611612 0.096653
0.613614 0.0960908
0.615616 0.0955328
0.617618 0.094979
0.61962 0.0944295
0.621622 0.0938842
0.623624 0.093343
0.625626 0.092806
0.627628 0.092273
0.62963 0.0917442
0.631632 0.0912194
0.633634 0.0906986
0.635636 0.0901818
0.637638 0.089669
0.63964 0.0891601
0.641642 0.0886551
0.643644 0.088154
0.645646 0.0876568
0.647648 0.0871633
0.64965 0.0866737
0.651652 0.0861878
0.653654 0.0857057
0.655656 0.0852273
0.657658 0.0847525
0.65966 0.0842815
0.661662 0.083814
0.663664 0.0833501
0.665666 0.0828898
0.667668 0.0824331
0.66967 0.0819798
0.671672 0.08153
0.673674 0.0810837
0.675676 0.0806408
0.677678 0.0802014
0.67968 0.0797652
0.681682 0.0793324
0.683684 0.078903
0.685686 0.0784768
0.687688 0.0780539
0.68969 0.0776342
0.691692 0.0772177
0.693694 0.0768043
0.695696 0.0763941
0.697698 0.0759871
0.6997 0.0755831
0.701702 0.0751821
0.703704 0.0747842
0.705706 0.0743893
0.707708 0.0739974
0.70971 0.0736084
0.711712 0.0732223
0.713714 0.0728391
0.715716 0.0724588
0.717718 0.0720813
0.71972 0.0717066
0.721722 0.0713347
0.723724 0.0709655
0.725726 0.070599
0.727728 0.0702353
0.72973 0.0698742
0.731732 0.0695157
0.733734 0.0691598
0.735736 0.0688065
0.737738 0.0684558
0.73974 0.0681076
0.741742 0.0677619
0.743744 0.0674188
0.745746 0.0670781
0.747748 0.06674
0.74975 0.0664043
0.751752 0.0660711
0.753754 0.0657403
0.755756 0.065412
0.757758 0.065086
0.75976 0.0647625
0.761762 0.0644413
0.763764 0.0641225
0.765766 0.0638061
0.767768 0.063492
0.76977 0.0631802
0.771772 0.0628707
0.773774 0.0625635
0.775776 0.0622586
0.777778 0.0619559
0.77978 0.0616555
0.781782 0.0613574
0.783784 0.0610614
0.785786 0.0607676
0.787788 0.0604761
0.78979 0.0601867
0.791792 0.0598994
0.793794 0.0596143
0.795796 0.0593313
0.797798 0.0590504
0.7998 0.0587717
0.801802 0.058495
0.803804 0.0582203
0.805806 0.0579478
0.807808 0.0576772
0.80981 0.0574087
0.811812 0.0571422
0.813814 0.0568776
0.815816 0.0566151
0.817818 0.0563545
0.81982 0.0560958
0.821822 0.0558391
0.823824 0.0555843
0.825826 0.0553313
0.827828 0.0550803
0.82983 0.0548311
0.831832 0.0545838
0.833834 0.0543384
0.835836 0.0540947
0.837838 0.0538529
0.83984 0.0536128
0.841842 0.0533746
0.843844 0.0531381
0.845846 0.0529033
0.847848 0.0526703
0.84985 0.052439
0.851852 0.0522094
0.853854 0.0519815
0.855856 0.0517552
0.857858 0.0515307
0.85986 0.0513077
0.861862 0.0510864
0.863864 0.0508667
0.865866 0.0506486
0.867868 0.0504321
0.86987 0.0502171
0.871872 0.0500037
0.873874 0.0497918
0.875876 0.0495814
0.877878 0.0493724
0.87988 0.0491649
0.881882 0.0489588
0.883884 0.0487542
0.885886 0.0485508
0.887888 0.0483489
0.88989 0.0481482
0.891892 0.0479489
0.893894 0.0477508
0.895896 0.047554
0.897898 0.0473584
0.8999 0.0471641
0.901902 0.0469709
0.903904 0.0467789
0.905906 0.046588
0.907908 0.0463982
0.90991 0.0462095
0.911912 0.0460219
0.913914 0.0458353
0.915916 0.0456497
0.917918 0.0454652
0.91992 0.0452816
0.921922 0.0450989
0.923924 0.0449172
0.925926 0.0447364
0.927928 0.0445564
0.92993 0.0443773
0.931932 0.044199
0.933934 0.0440215
0.935936 0.0438449
0.937938 0.0436689
0.93994 0.0434937
0.941942 0.0433192
0.943944 0.0431454
0.945946 0.0429723
0.947948 0.0427998
0.94995 0.0426279
0.951952 0.0424566
0.953954 0.0422859
0.955956 0.0421157
0.957958 0.041946
0.95996 0.0417769
0.961962 0.0416082
0.963964 0.04144
0.965966 0.0412721
0.967968 0.0411047
0.96997 0.0409377
0.971972 0.040771
0.973974 0.0406047
0.975976 0.0404386
0.977978 0.0402729
0.97998 0.0401074
0.981982 0.0399421
0.983984 0.0397771
0.985986 0.0396122
0.987988 0.0394475
0.98999 0.039283
0.991992 0.0391185
0.993994 0.0389542
0.995996 0.0387899
0.997998 0.0386257
1 0.0384615
