-0.961815 0.0414471
-0.961796 0.0414488
-0.961767 0.0414513
-0.961728 0.0414547
-0.96168 0.0414589
-0.961622 0.041464
-0.961555 0.0414699
-0.961477 0.0414767
-0.961391 0.0414843
-0.961294 0.0414928
-0.961188 0.0415021
-0.961073 0.0415122
-0.960947 0.0415232
-0.960812 0.041535
-0.960668 0.0415477
-0.960514 0.0415613
-0.96035 0.0415756
-0.960176 0.0415909
-0.959993 0.0416069
-0.959801 0.0416238
-0.959598 0.0416416
-0.959386 0.0416602
-0.959165 0.0416797
-0.958934 0.0416999
-0.958693 0.0417211
-0.958442 0.0417431
-0.958182 0.0417659
-0.957913 0.0417896
-0.957634 0.0418141
-0.957345 0.0418394
-0.957046 0.0418656
-0.956738 0.0418927
-0.956421 0.0419206
-0.956094 0.0419493
-0.955757 0.0419789
-0.955411 0.0420093
-0.955055 0.0420406
-0.954689 0.0420727
-0.954314 0.0421057
-0.95393 0.0421395
-0.953535 0.0421742
-0.953132 0.0422097
-0.952718 0.042246
-0.952295 0.0422832
-0.951863 0.0423213
-0.951421 0.0423602
-0.95097 0.0423999
-0.950509 0.0424405
-0.950038 0.042482
-0.949558 0.0425243
-0.949068 0.0425675
-0.948569 0.0426115
-0.948061 0.0426564
-0.947543 0.0427021
-0.947015 0.0427487
-0.946478 0.0427961
-0.945931 0.0428444
-0.945375 0.0428936
-0.94481 0.0429436
-0.944235 0.0429945
-0.94365 0.0430463
-0.943056 0.0430989
-0.942453 0.0431524
-0.94184 0.0432068
-0.941217 0.0432621
-0.940586 0.0433182
-0.939945 0.0433752
-0.939294 0.0434331
-0.938634 0.0434919
-0.937964 0.0435516
-0.937286 0.0436122
-0.936597 0.0436737
-0.9359 0.043736
-0.935193 0.0437993
-0.934476 0.0438635
-0.93375 0.0439286
-0.933015 0.0439946
-0.932271 0.0440615
-0.931517 0.0441294
-0.930754 0.0441982
-0.929981 0.0442679
-0.929199 0.0443386
-0.928408 0.0444102
-0.927608 0.0444827
-0.926798 0.0445562
-0.925979 0.0446307
-0.925151 0.0447061
-0.924313 0.0447825
-0.923466 0.0448599
-0.92261 0.0449383
-0.921744 0.0450177
-0.92087 0.045098
-0.919986 0.0451794
-0.919093 0.0452618
-0.91819 0.0453452
-0.917279 0.0454297
-0.916358 0.0455152
-0.915428 0.0456017
-0.914489 0.0456893
-0.91354 0.045778
-0.912583 0.0458677
-0.911616 0.0459586
-0.91064 0.0460505
-0.909655 0.0461436
-0.908661 0.0462377
-0.907658 0.046333
-0.906646 0.0464295
-0.905624 0.046527
-0.904594 0.0466258
-0.903554 0.0467257
-0.902506 0.0468269
-0.901448 0.0469292
-0.900381 0.0470328
-0.899306 0.0471375
-0.898221 0.0472436
-0.897127 0.0473509
-0.896024 0.0474594
-0.894912 0.0475697
-0.893792 0.0476828
-0.892662 0.0477973
-0.891523 0.0479131
-0.890376 0.0480302
-0.889219 0.0481487
-0.888053 0.0482686
-0.886879 0.0483899
-0.885696 0.0485125
-0.884503 0.0486366
-0.883302 0.0487621
-0.882092 0.0488891
-0.880874 0.0490175
-0.879646 0.0491473
-0.878409 0.0492786
-0.877164 0.0494115
-0.87591 0.0495458
-0.874647 0.0496816
-0.873375 0.049819
-0.872095 0.0499579
-0.870806 0.0500983
-0.869508 0.0502403
-0.868201 0.050384
-0.866885 0.0505292
-0.865561 0.050676
-0.864228 0.0508244
-0.862887 0.0509745
-0.861537 0.0511262
-0.860178 0.0512796
-0.85881 0.0514347
-0.857434 0.0515914
-0.85605 0.0517499
-0.854656 0.0519102
-0.853254 0.0520721
-0.851844 0.0522359
-0.850425 0.0524014
-0.848997 0.0525687
-0.847561 0.0527378
-0.846117 0.0529087
-0.844664 0.0530815
-0.843202 0.0532561
-0.841732 0.0534327
-0.840253 0.0536111
-0.838766 0.0537914
-0.837271 0.0539737
-0.835767 0.0541579
-0.834255 0.0543441
-0.832734 0.0545323
-0.831206 0.0547224
-0.829668 0.0549146
-0.828123 0.0551089
-0.826569 0.0553052
-0.825006 0.0555036
-0.823436 0.055704
-0.821857 0.0559066
-0.82027 0.0561114
-0.818674 0.0563183
-0.817071 0.0565274
-0.815459 0.0567387
-0.813839 0.0569522
-0.812211 0.0571679
-0.810574 0.0573859
-0.80893 0.0576062
-0.807277 0.0578288
-0.805616 0.0580537
-0.803948 0.058281
-0.802271 0.0585107
-0.800586 0.0587427
-0.798892 0.0589772
-0.797191 0.0592164
-0.795482 0.0594605
-0.793765 0.0597071
-0.79204 0.0599562
-0.790307 0.0602079
-0.788566 0.0604622
-0.786817 0.0607192
-0.78506 0.0609788
-0.783295 0.0612411
-0.781522 0.0615061
-0.779742 0.0617738
-0.777954 0.0620443
-0.776157 0.0623176
-0.774353 0.0625938
-0.772541 0.0628728
-0.770722 0.0631547
-0.768894 0.0634395
-0.767059 0.0637273
-0.765217 0.0640181
-0.763366 0.0643119
-0.761508 0.0646088
-0.759642 0.0649088
-0.757768 0.0652119
-0.755887 0.0655181
-0.753998 0.0658276
-0.752102 0.0661403
-0.750198 0.0664563
-0.748287 0.0667755
-0.746368 0.0670981
-0.744441 0.0674241
-0.742507 0.0677535
-0.740565 0.0680863
-0.738617 0.0684226
-0.73666 0.0687624
-0.734696 0.0691058
-0.732725 0.0694528
-0.730746 0.0698035
-0.72876 0.0701578
-0.726767 0.0705158
-0.724766 0.0708776
-0.722758 0.0712432
-0.720743 0.0716126
-0.71872 0.071986
-0.716691 0.0723632
-0.714654 0.0727444
-0.712609 0.0731296
-0.710558 0.0735188
-0.708499 0.0739121
-0.706434 0.0743096
-0.704361 0.0747113
-0.702281 0.0751171
-0.700194 0.0755272
-0.6981 0.0759417
-0.695999 0.0763605
-0.69389 0.0767837
-0.691775 0.0772113
-0.689653 0.0776434
-0.687524 0.0780801
-0.685388 0.0785213
-0.683245 0.0789672
-0.681095 0.0794178
-0.678938 0.0798731
-0.676775 0.0803331
-0.674604 0.080798
-0.672427 0.0812754
-0.670243 0.0817632
-0.668052 0.0822562
-0.665855 0.0827544
-0.663651 0.083258
-0.66144 0.0837671
-0.659222 0.0842818
-0.656998 0.0848022
-0.654767 0.0853285
-0.652529 0.0858608
-0.650285 0.0863993
-0.648034 0.086944
-0.645777 0.0874951
-0.643513 0.0880528
-0.641243 0.0886171
-0.638966 0.0891883
-0.636683 0.0897665
-0.634393 0.0903517
-0.632097 0.0909442
-0.629794 0.0915441
-0.627485 0.0921516
-0.62517 0.0927668
-0.622849 0.0933898
-0.620521 0.0940209
-0.618187 0.0946601
-0.615846 0.0953076
-0.6135 0.0959637
-0.611147 0.0966283
-0.608788 0.0973018
-0.606423 0.0979843
-0.604051 0.0986759
-0.601674 0.0993768
-0.59929 0.100087
-0.596901 0.100807
-0.594505 0.101537
-0.592103 0.102277
-0.589696 0.103027
-0.587282 0.103787
-0.584863 0.104558
-0.582437 0.10534
-0.580006 0.106132
-0.577568 0.106936
-0.575125 0.10775
-0.572676 0.108577
-0.570221 0.109414
-0.567761 0.110264
-0.565294 0.111126
-0.562822 0.112
-0.560344 0.112886
-0.557861 0.113785
-0.555372 0.114697
-0.552877 0.115621
-0.550377 0.116559
-0.547871 0.11751
-0.545359 0.118475
-0.542842 0.119454
-0.540319 0.120447
-0.537791 0.121454
-0.535258 0.122475
-0.532719 0.123511
-0.530174 0.124562
-0.527625 0.125628
-0.525069 0.126721
-0.522509 0.127839
-0.519943 0.128974
-0.517372 0.130125
-0.514796 0.131292
-0.512214 0.132476
-0.509627 0.133677
-0.507035 0.134895
-0.504438 0.136131
-0.501836 0.137385
-0.499228 0.138658
-0.496616 0.139948
-0.493998 0.141258
-0.491376 0.142587
-0.488748 0.143936
-0.486116 0.145305
-0.483478 0.146693
-0.480836 0.148102
-0.478188 0.149533
-0.475536 0.150984
-0.472879 0.152457
-0.470217 0.153951
-0.46755 0.155468
-0.464879 0.157007
-0.462203 0.158569
-0.459522 0.160154
-0.456836 0.161763
-0.454146 0.163396
-0.451451 0.165053
-0.448751 0.166734
-0.446047 0.168441
-0.443338 0.170172
-0.440625 0.17193
-0.437907 0.173713
-0.435185 0.175523
-0.432459 0.177359
-0.429727 0.179222
-0.426992 0.181113
-0.424252 0.183032
-0.421508 0.184979
-0.418759 0.186954
-0.416006 0.188958
-0.413249 0.190992
-0.410488 0.193055
-0.407722 0.195148
-0.404953 0.197272
-0.402179 0.199426
-0.399401 0.201611
-0.396619 0.203828
-0.393832 0.206077
-0.391042 0.208359
-0.388248 0.210673
-0.38545 0.21302
-0.382648 0.2154
-0.379841 0.217814
-0.377031 0.220263
-0.374217 0.222746
-0.3714 0.225265
-0.368578 0.227818
-0.365753 0.230408
-0.362923 0.233034
-0.36009 0.235718
-0.357254 0.238471
-0.354413 0.241263
-0.35157 0.244097
-0.348722 0.246974
-0.345871 0.249897
-0.343016 0.252866
-0.340158 0.255885
-0.337296 0.258955
-0.33443 0.262078
-0.331562 0.265256
-0.328689 0.268491
-0.325814 0.271784
-0.322935 0.275139
-0.320052 0.278556
-0.317167 0.282039
-0.314278 0.285588
-0.311385 0.289207
-0.30849 0.292897
-0.305591 0.29666
-0.302689 0.300498
-0.299784 0.304413
-0.296876 0.308408
-0.293965 0.312484
-0.291051 0.316644
-0.288134 0.32089
-0.285213 0.325223
-0.28229 0.329647
-0.279364 0.334162
-0.276435 0.338772
-0.273502 0.343479
-0.270568 0.348284
-0.26763 0.35319
-0.264689 0.358199
-0.261746 0.363313
-0.2588 0.368534
-0.255851 0.373866
-0.2529 0.379309
-0.249946 0.384866
-0.246989 0.390539
-0.244029 0.396331
-0.241068 0.402243
-0.238103 0.408279
-0.235136 0.41444
-0.232167 0.420728
-0.229195 0.427147
-0.22622 0.433697
-0.223244 0.440381
-0.220265 0.447203
-0.217283 0.454163
-0.214299 0.461264
-0.211313 0.468509
-0.208325 0.4759
-0.205335 0.483438
-0.202342 0.491127
-0.199347 0.498969
-0.19635 0.506966
-0.193351 0.51512
-0.19035 0.523434
-0.187347 0.53191
-0.184342 0.54055
-0.181334 0.549356
-0.178325 0.558321
-0.175314 0.567435
-0.172301 0.576689
-0.169286 0.586073
-0.16627 0.595577
-0.163251 0.60519
-0.160231 0.614904
-0.157209 0.624708
-0.154185 0.634591
-0.15116 0.644544
-0.148133 0.654557
-0.145104 0.664619
-0.142074 0.674721
-0.139042 0.684851
-0.136009 0.695
-0.132974 0.705157
-0.129938 0.715313
-0.1269 0.725456
-0.123861 0.735576
-0.12082 0.745664
-0.117778 0.755707
-0.114735 0.765697
-0.11169 0.775622
-0.108645 0.785472
-0.105597 0.795236
-0.102549 0.804904
-0.0994997 0.814465
-0.0964491 0.823909
-0.0933974 0.833225
-0.0903446 0.842402
-0.0872907 0.851429
-0.0842358 0.860297
-0.08118 0.868994
-0.0781231 0.877509
-0.0750653 0.885832
-0.0720066 0.893952
-0.068947 0.901859
-0.0658866 0.909541
-0.0628254 0.916988
-0.0597634 0.924189
-0.0567006 0.931133
-0.0536371 0.93781
-0.0505729 0.944209
-0.047508 0.950318
-0.0444425 0.956127
-0.0413764 0.961626
-0.0383097 0.966804
-0.0352425 0.971649
-0.0321748 0.976151
-0.0291066 0.980299
-0.0260379 0.984083
-0.0229688 0.987491
-0.0198993 0.990513
-0.0168294 0.993138
-0.0137592 0.995355
-0.0106888 0.997154
-0.007618 0.998524
-0.004547 0.999454
-0.00147578 0.999933
0.00159562 0.999922
0.00466717 0.999422
0.00773883 0.998473
0.0108106 0.997083
0.0138824 0.995264
0.0169543 0.993026
0.0200261 0.990381
0.0230979 0.987338
0.0261697 0.983908
0.0292414 0.980103
0.0323129 0.975932
0.0353843 0.971406
0.0384555 0.966537
0.0415265 0.961334
0.0445973 0.955809
0.0476678 0.949973
0.050738 0.943835
0.0538078 0.937408
0.0568773 0.930701
0.0599464 0.923725
0.0630151 0.916491
0.0660833 0.90901
0.069151 0.901293
0.0722183 0.893351
0.0752849 0.885193
0.078351 0.876832
0.0814165 0.868277
0.0844814 0.85954
0.0875456 0.85063
0.0906091 0.84156
0.0936719 0.83234
0.0967339 0.82298
0.0997952 0.813491
0.102856 0.803883
0.105915 0.794169
0.108974 0.784357
0.112032 0.77446
0.115088 0.764486
0.118144 0.754448
0.121199 0.744356
0.124253 0.73422
0.127306 0.724051
0.130358 0.71386
0.133408 0.703656
0.136458 0.693451
0.139506 0.683255
0.142553 0.673079
0.145599 0.662932
0.148643 0.652826
0.151687 0.64277
0.154729 0.632776
0.157769 0.622853
0.160808 0.613011
0.163846 0.603262
0.166883 0.593615
0.169917 0.58408
0.172951 0.574668
0.175983 0.565388
0.179013 0.556252
0.182042 0.547268
0.185069 0.538435
0.188094 0.529754
0.191118 0.521239
0.19414 0.512886
0.19716 0.504694
0.200178 0.49666
0.203195 0.488783
0.20621 0.481059
0.209223 0.473487
0.212234 0.466064
0.215243 0.458788
0.21825 0.451657
0.221255 0.444668
0.224258 0.43782
0.22726 0.431109
0.230259 0.424534
0.233256 0.418092
0.23625 0.411781
0.239243 0.4056
0.242234 0.399544
0.245222 0.393614
0.248208 0.387805
0.251192 0.382116
0.254173 0.376545
0.257152 0.371089
0.260129 0.365747
0.263103 0.360516
0.266075 0.355393
0.269045 0.350377
0.272012 0.345465
0.274976 0.340656
0.277938 0.335946
0.280897 0.331334
0.283854 0.326818
0.286808 0.322396
0.28976 0.318065
0.292708 0.313823
0.295654 0.309668
0.298598 0.305598
0.301538 0.301611
0.304476 0.297704
0.307411 0.293876
0.310343 0.290125
0.313272 0.286448
0.316198 0.282843
0.319122 0.279308
0.322042 0.275841
0.324959 0.272441
0.327874 0.269105
0.330785 0.26583
0.333693 0.262616
0.336598 0.259459
0.3395 0.256359
0.342398 0.253312
0.345294 0.250317
0.348186 0.247373
0.351075 0.244476
0.353961 0.241625
0.356843 0.238819
0.359722 0.236054
0.362598 0.233322
0.36547 0.230619
0.368339 0.227955
0.371204 0.225329
0.374066 0.222741
0.376924 0.22019
0.379779 0.217676
0.38263 0.215199
0.385478 0.212757
0.388322 0.210352
0.391162 0.207981
0.393999 0.205646
0.396832 0.203344
0.399661 0.201077
0.402486 0.198843
0.405308 0.196642
0.408126 0.194474
0.41094 0.192338
0.41375 0.190235
0.416556 0.188162
0.419358 0.186121
0.422157 0.184111
0.424951 0.18213
0.427741 0.18018
0.430527 0.178259
0.433309 0.176367
0.436087 0.174504
0.438861 0.172669
0.441631 0.170862
0.444397 0.169082
0.447158 0.167329
0.449915 0.165604
0.452668 0.163904
0.455416 0.162231
0.458161 0.160583
0.4609 0.15896
0.463636 0.157362
0.466367 0.155789
0.469094 0.154239
0.471816 0.152713
0.474534 0.151211
0.477247 0.149731
0.479956 0.148275
0.48266 0.14684
0.485359 0.145427
0.488054 0.144036
0.490745 0.142665
0.49343 0.141316
0.496111 0.139987
0.498787 0.138678
0.501459 0.137389
0.504126 0.136119
0.506788 0.134869
0.509445 0.133637
0.512097 0.132423
0.514744 0.131227
0.517387 0.130049
0.520024 0.128889
0.522657 0.127745
0.525284 0.126619
0.527907 0.125504
0.530524 0.124402
0.533137 0.123315
0.535744 0.122245
0.538347 0.12119
0.540944 0.12015
0.543536 0.119125
0.546123 0.118115
0.548704 0.117119
0.551281 0.116138
0.553852 0.115172
0.556418 0.114219
0.558978 0.11328
0.561533 0.112354
0.564083 0.111442
0.566627 0.110543
0.569166 0.109657
0.5717 0.108784
0.574228 0.107923
0.576751 0.107074
0.579268 0.106238
0.581779 0.105414
0.584285 0.104601
0.586786 0.1038
0.58928 0.10301
0.59177 0.102232
0.594253 0.101464
0.596731 0.100708
0.599203 0.0999616
0.601669 0.099226
0.60413 0.0985007
0.606585 0.0977854
0.609034 0.0970801
0.611477 0.0963845
0.613914 0.0956984
0.616346 0.0950217
0.618771 0.0943542
0.621191 0.0936958
0.623604 0.0930462
0.626012 0.0924053
0.628414 0.091773
0.630809 0.091149
0.633199 0.0905332
0.635582 0.0899255
0.63796 0.0893257
0.640331 0.0887336
0.642696 0.0881491
0.645055 0.087572
0.647408 0.0870022
0.649755 0.0864395
0.652095 0.0858838
0.654429 0.0853349
0.656757 0.0847927
0.659079 0.084257
0.661394 0.0837277
0.663703 0.0832047
0.666005 0.0826877
0.668302 0.0821768
0.670591 0.0816717
0.672874 0.0811722
0.675151 0.0806751
0.677422 0.0801816
0.679685 0.0796935
0.681943 0.0792108
0.684193 0.0787334
0.686438 0.0782613
0.688675 0.0777945
0.690906 0.0773328
0.69313 0.0768762
0.695348 0.0764246
0.697559 0.0759781
0.699763 0.0755365
0.701961 0.0750998
0.704152 0.0746679
0.706336 0.0742408
0.708513 0.0738184
0.710683 0.0734008
0.712847 0.0729877
0.715004 0.0725793
0.717154 0.0721754
0.719297 0.0717759
0.721433 0.0713809
0.723562 0.0709902
0.725684 0.0706039
0.727799 0.0702219
0.729907 0.0698441
0.732008 0.0694705
0.734102 0.069101
0.736189 0.0687357
0.738269 0.0683744
0.740342 0.068017
0.742408 0.0676637
0.744467 0.0673142
0.746518 0.0669686
0.748562 0.0666268
0.750599 0.0662888
0.752629 0.0659546
0.754651 0.065624
0.756667 0.065297
0.758675 0.0649737
0.760675 0.0646539
0.762669 0.0643377
0.764655 0.0640249
0.766633 0.0637156
0.768605 0.0634097
0.770569 0.0631071
0.772525 0.0628078
0.774474 0.0625119
0.776416 0.0622191
0.77835 0.0619296
0.780276 0.0616432
0.782195 0.06136
0.784107 0.0610798
0.786011 0.0608027
0.787907 0.0605286
0.789796 0.0602575
0.791677 0.0599893
0.79355 0.0597241
0.795416 0.0594617
0.797275 0.0592021
0.799125 0.0589436
0.800968 0.0586866
0.802803 0.0584323
0.80463 0.0581808
0.80645 0.0579319
0.808262 0.0576857
0.810066 0.0574422
0.811862 0.0572013
0.81365 0.0569629
0.815431 0.0567271
0.817204 0.0564939
0.818968 0.0562631
0.820725 0.0560348
0.822474 0.0558089
0.824215 0.0555855
0.825948 0.0553644
0.827674 0.0551458
0.829391 0.0549294
0.8311 0.0547154
0.832801 0.0545036
0.834494 0.0542941
0.836179 0.0540869
0.837856 0.0538818
0.839525 0.053679
0.841186 0.0534783
0.842838 0.0532798
0.844483 0.0530833
0.846119 0.052889
0.847747 0.0526968
0.849367 0.0525065
0.850979 0.0523184
0.852583 0.0521322
0.854178 0.051948
0.855765 0.0517658
0.857344 0.0515855
0.858915 0.0514071
0.860477 0.0512307
0.862031 0.0510561
0.863577 0.0508834
0.865114 0.0507125
0.866643 0.0505434
0.868164 0.0503762
0.869676 0.0502107
0.87118 0.050047
0.872675 0.049885
0.874162 0.0497247
0.875641 0.0495662
0.877111 0.0494093
0.878572 0.0492541
0.880025 0.0491006
0.88147 0.0489487
0.882906 0.0487985
0.884334 0.0486498
0.885753 0.0485027
0.887163 0.0483572
0.888565 0.0482132
0.889958 0.0480708
0.891343 0.0479299
0.892719 0.0477905
0.894086 0.0476526
0.895445 0.0475158
0.896795 0.0473788
0.898137 0.0472433
0.89947 0.0471092
0.900794 0.0469766
0.902109 0.0468454
0.903416 0.0467157
0.904714 0.0465873
0.906003 0.0464603
0.907284 0.0463347
0.908555 0.0462105
0.909818 0.0460877
0.911073 0.0459662
0.912318 0.045846
0.913554 0.0457272
0.914782 0.0456097
0.916001 0.0454935
0.917211 0.0453786
0.918412 0.045265
0.919604 0.0451526
0.920788 0.0450416
0.921962 0.0449318
0.923127 0.0448232
0.924284 0.0447159
0.925432 0.0446098
0.92657 0.0445049
0.9277 0.0444013
0.928821 0.0442988
0.929933 0.0441976
0.931036 0.0440975
0.932129 0.0439986
0.933214 0.0439009
0.93429 0.0438043
0.935357 0.0437089
0.936414 0.0436146
0.937463 0.0435214
0.938503 0.0434294
0.939533 0.0433385
0.940554 0.0432487
0.941567 0.04316
0.94257 0.0430723
0.943564 0.0429858
0.944549 0.0429004
0.945525 0.042816
0.946491 0.0427326
0.947449 0.0426504
0.948397 0.0425691
0.949336 0.0424889
0.950266 0.0424098
0.951187 0.0423316
0.952099 0.0422545
0.953001 0.0421784
0.953894 0.0421033
0.954778 0.0420292
0.955653 0.0419561
0.956518 0.0418839
0.957374 0.0418128
0.958221 0.0417426
0.959059 0.0416734
0.959887 0.0416051
0.960706 0.0415378
0.961516 0.0414714
0.962317 0.041406
0.963108 0.0413415
0.96389 0.0412779
0.964662 0.0412153
0.965426 0.0411535
0.966179 0.0410926
0.966924 0.0410327
0.967659 0.0409736
0.968385 0.0409154
0.969101 0.040858
0.969808 0.0408015
0.970506 0.0407459
0.971194 0.0406911
0.971873 0.0406371
0.972542 0.040584
0.973202 0.0405317
0.973853 0.0404803
0.974494 0.0404296
0.975126 0.0403798
0.975748 0.0403308
0.976361 0.0402825
0.976965 0.0402351
0.977559 0.0401885
0.978143 0.0401427
0.978718 0.0400976
0.979284 0.0400534
0.97984 0.0400099
0.980386 0.0399672
0.980924 0.0399253
0.981451 0.0398842
0.981969 0.0398438
0.982478 0.0398042
0.982977 0.0397654
0.983467 0.0397274
0.983947 0.0396901
0.984417 0.0396535
0.984878 0.0396178
0.98533 0.0395827
0.985772 0.0395485
0.986204 0.039515
0.986627 0.0394822
0.98704 0.0394502
0.987444 0.039419
0.987838 0.0393885
0.988223 0.0393587
0.988598 0.0393297
0.988963 0.0393015
0.989319 0.039274
0.989665 0.0392472
0.990002 0.0392212
0.990329 0.0391959
0.990647 0.0391714
0.990955 0.0391476
0.991253 0.0391246
0.991542 0.0391023
0.991821 0.0390808
0.992091 0.03906
0.992351 0.0390399
0.992601 0.0390206
0.992842 0.039002
0.993073 0.0389842
0.993295 0.0389671
0.993507 0.0389507
0.993709 0.0389351
0.993902 0.0389203
0.994085 0.0389062
0.994258 0.0388928
0.994422 0.0388802
0.994576 0.0388683
0.994721 0.0388571
0.994856 0.0388467
0.994981 0.0388371
0.995097 0.0388281
0.995203 0.03882
0.995299 0.0388125
0.995386 0.0388058
0.995463 0.0387999
0.995531 0.0387947
0.995588 0.0387902
0.995637 0.0387865
0.995675 0.0387835
0.995704 0.0387813
0.995723 0.0387798
0.995733 0.0387791
