-0.999989 -0.999989
-0.999969 -0.999969
-0.99994 -0.99994
-0.9999 -0.9999
-0.999851 -0.999851
-0.999792 -0.999792
-0.999723 -0.999723
-0.999644 -0.999644
-0.999556 -0.999556
-0.999457 -0.999457
-0.999349 -0.999349
-0.999231 -0.999231
-0.999103 -0.999103
-0.998965 -0.998965
-0.998817 -0.998817
-0.998659 -0.998659
-0.998492 -0.998492
-0.998315 -0.998315
-0.998128 -0.998128
-0.997931 -0.997931
-0.997724 -0.997724
-0.997508 -0.997508
-0.997281 -0.997281
-0.997045 -0.997045
-0.996799 -0.996799
-0.996543 -0.996543
-0.996278 -0.996278
-0.996002 -0.996002
-0.995717 -0.995717
-0.995422 -0.995422
-0.995117 -0.995117
-0.994803 -0.994803
-0.994478 -0.994478
-0.994144 -0.994144
-0.9938 -0.9938
-0.993446 -0.993446
-0.993082 -0.993082
-0.992709 -0.992709
-0.992326 -0.992326
-0.991933 -0.991933
-0.99153 -0.99153
-0.991117 -0.991117
-0.990695 -0.990695
-0.990263 -0.990263
-0.989821 -0.989821
-0.98937 -0.98937
-0.988909 -0.988909
-0.988438 -0.988438
-0.987957 -0.987957
-0.987466 -0.987466
-0.986966 -0.986966
-0.986456 -0.986456
-0.985937 -0.985937
-0.985407 -0.985407
-0.984868 -0.984868
-0.984319 -0.984319
-0.983761 -0.983761
-0.983193 -0.983193
-0.982615 -0.982615
-0.982028 -0.982028
-0.98143 -0.98143
-0.980824 -0.980824
-0.980207 -0.980207
-0.979581 -0.979581
-0.978945 -0.978945
-0.9783 -0.9783
-0.977645 -0.977645
-0.97698 -0.97698
-0.976305 -0.976305
-0.975621 -0.975621
-0.974928 -0.974928
-0.974225 -0.974225
-0.973512 -0.973512
-0.97279 -0.97279
-0.972058 -0.972058
-0.971316 -0.971316
-0.970565 -0.970565
-0.969804 -0.969804
-0.969034 -0.969034
-0.968255 -0.968255
-0.967465 -0.967465
-0.966666 -0.966666
-0.965858 -0.965858
-0.96504 -0.96504
-0.964213 -0.964213
-0.963376 -0.963376
-0.96253 -0.96253
-0.961674 -0.961674
-0.960809 -0.960809
-0.959934 -0.959934
-0.95905 -0.95905
-0.958156 -0.958156
-0.957253 -0.957253
-0.95634 -0.95634
-0.955418 -0.955418
-0.954487 -0.954487
-0.953546 -0.953546
-0.952596 -0.952596
-0.951637 -0.951637
-0.950668 -0.950668
-0.94969 -0.94969
-0.948702 -0.948702
-0.947705 -0.947705
-0.946699 -0.946699
-0.945683 -0.945683
-0.944658 -0.944658
-0.943624 -0.943624
-0.94258 -0.94258
-0.941528 -0.941528
-0.940465 -0.940465
-0.939394 -0.939394
-0.938313 -0.938313
-0.937224 -0.937224
-0.936125 -0.936125
-0.935016 -0.935016
-0.933899 -0.933899
-0.932772 -0.932772
-0.931636 -0.931636
-0.930491 -0.930491
-0.929337 -0.929337
-0.928173 -0.928173
-0.927001 -0.927001
-0.925819 -0.925819
-0.924628 -0.924628
-0.923429 -0.923429
-0.92222 -0.92222
-0.921001 -0.921001
-0.919774 -0.919774
-0.918538 -0.918538
-0.917293 -0.917293
-0.916039 -0.916039
-0.914775 -0.914775
-0.913503 -0.913503
-0.912222 -0.912222
-0.910931 -0.910931
-0.909632 -0.909632
-0.908324 -0.908324
-0.907007 -0.907007
-0.90568 -0.90568
-0.904345 -0.904345
-0.903001 -0.903001
-0.901649 -0.901649
-0.900287 -0.900287
-0.898916 -0.898916
-0.897537 -0.897537
-0.896149 -0.896149
-0.894751 -0.894751
-0.893346 -0.893346
-0.891931 -0.891931
-0.890507 -0.890507
-0.889075 -0.889075
-0.887634 -0.887634
-0.886184 -0.886184
-0.884726 -0.884726
-0.883258 -0.883258
-0.881783 -0.881783
-0.880298 -0.880298
-0.878805 -0.878805
-0.877303 -0.877303
-0.875792 -0.875792
-0.874273 -0.874273
-0.872745 -0.872745
-0.871209 -0.871209
-0.869664 -0.869664
-0.86811 -0.86811
-0.866548 -0.866548
-0.864977 -0.864977
-0.863398 -0.863398
-0.861811 -0.861811
-0.860214 -0.860214
-0.85861 -0.85861
-0.856997 -0.856997
-0.855375 -0.855375
-0.853745 -0.853745
-0.852107 -0.852107
-0.85046 -0.85046
-0.848805 -0.848805
-0.847141 -0.847141
-0.84547 -0.84547
-0.843789 -0.843789
-0.842101 -0.842101
-0.840404 -0.840404
-0.838699 -0.838699
-0.836986 -0.836986
-0.835264 -0.835264
-0.833534 -0.833534
-0.831796 -0.831796
-0.83005 -0.83005
-0.828296 -0.828296
-0.826533 -0.826533
-0.824763 -0.824763
-0.822984 -0.822984
-0.821197 -0.821197
-0.819402 -0.819402
-0.817599 -0.817599
-0.815788 -0.815788
-0.813969 -0.813969
-0.812142 -0.812142
-0.810306 -0.810306
-0.808463 -0.808463
-0.806612 -0.806612
-0.804753 -0.804753
-0.802886 -0.802886
-0.801011 -0.801011
-0.799128 -0.799128
-0.797238 -0.797238
-0.795339 -0.795339
-0.793433 -0.793433
-0.791519 -0.791519
-0.789597 -0.789597
-0.787667 -0.787667
-0.78573 -0.78573
-0.783784 -0.783784
-0.781831 -0.781831
-0.779871 -0.779871
-0.777903 -0.777903
-0.775927 -0.775927
-0.773943 -0.773943
-0.771952 -0.771952
-0.769953 -0.769953
-0.767946 -0.767946
-0.765932 -0.765932
-0.763911 -0.763911
-0.761882 -0.761882
-0.759845 -0.759845
-0.757801 -0.757801
-0.75575 -0.75575
-0.753691 -0.753691
-0.751624 -0.751624
-0.74955 -0.74955
-0.747469 -0.747469
-0.745381 -0.745381
-0.743285 -0.743285
-0.741182 -0.741182
-0.739071 -0.739071
-0.736953 -0.736953
-0.734828 -0.734828
-0.732696 -0.732696
-0.730556 -0.730556
-0.72841 -0.72841
-0.726256 -0.726256
-0.724095 -0.724095
-0.721927 -0.721927
-0.719751 -0.719751
-0.717569 -0.717569
-0.71538 -0.71538
-0.713183 -0.713183
-0.71098 -0.71098
-0.708769 -0.708769
-0.706552 -0.706552
-0.704327 -0.704327
-0.702096 -0.702096
-0.699858 -0.699858
-0.697612 -0.697612
-0.69536 -0.69536
-0.693102 -0.693102
-0.690836 -0.690836
-0.688563 -0.688563
-0.686284 -0.686284
-0.683998 -0.683998
-0.681705 -0.681705
-0.679405 -0.679405
-0.677099 -0.677099
-0.674786 -0.674786
-0.672467 -0.672467
-0.670141 -0.670141
-0.667808 -0.667808
-0.665469 -0.665469
-0.663123 -0.663123
-0.66077 -0.66077
-0.658411 -0.658411
-0.656046 -0.656046
-0.653674 -0.653674
-0.651296 -0.651296
-0.648911 -0.648911
-0.64652 -0.64652
-0.644122 -0.644122
-0.641718 -0.641718
-0.639308 -0.639308
-0.636892 -0.636892
-0.634469 -0.634469
-0.63204 -0.63204
-0.629605 -0.629605
-0.627163 -0.627163
-0.624716 -0.624716
-0.622262 -0.622262
-0.619802 -0.619802
-0.617336 -0.617336
-0.614864 -0.614864
-0.612386 -0.612386
-0.609902 -0.609902
-0.607412 -0.607412
-0.604916 -0.604916
-0.602414 -0.602414
-0.599906 -0.599906
-0.597392 -0.597392
-0.594872 -0.594872
-0.592346 -0.592346
-0.589815 -0.589815
-0.587277 -0.587277
-0.584734 -0.584734
-0.582185 -0.582185
-0.579631 -0.579631
-0.57707 -0.57707
-0.574504 -0.574504
-0.571933 -0.571933
-0.569355 -0.569355
-0.566773 -0.566773
-0.564184 -0.564184
-0.56159 -0.56159
-0.558991 -0.558991
-0.556385 -0.556385
-0.553775 -0.553775
-0.551159 -0.551159
-0.548537 -0.548537
-0.545911 -0.545911
-0.543278 -0.543278
-0.540641 -0.540641
-0.537998 -0.537998
-0.53535 -0.53535
-0.532696 -0.532696
-0.530038 -0.530038
-0.527374 -0.527374
-0.524704 -0.524704
-0.52203 -0.52203
-0.519351 -0.519351
-0.516666 -0.516666
-0.513977 -0.513977
-0.511282 -0.511282
-0.508582 -0.508582
-0.505877 -0.505877
-0.503168 -0.503168
-0.500453 -0.500453
-0.497733 -0.497733
-0.495009 -0.495009
-0.492279 -0.492279
-0.489545 -0.489545
-0.486806 -0.486806
-0.484062 -0.484062
-0.481314 -0.481314
-0.47856 -0.47856
-0.475802 -0.475802
-0.473039 -0.473039
-0.470272 -0.470272
-0.4675 -0.4675
-0.464723 -0.464723
-0.461942 -0.461942
-0.459156 -0.459156
-0.456366 -0.456366
-0.453571 -0.453571
-0.450772 -0.450772
-0.447968 -0.447968
-0.44516 -0.44516
-0.442347 -0.442347
-0.43953 -0.43953
-0.436709 -0.436709
-0.433884 -0.433884
-0.431054 -0.431054
-0.42822 -0.42822
-0.425382 -0.425382
-0.422539 -0.422539
-0.419693 -0.419693
-0.416842 -0.416842
-0.413987 -0.413987
-0.411128 -0.411128
-0.408265 -0.408265
-0.405398 -0.405398
-0.402527 -0.402527
-0.399652 -0.399652
-0.396773 -0.396773
-0.393891 -0.393891
-0.391004 -0.391004
-0.388113 -0.388113
-0.385219 -0.385219
-0.382321 -0.382321
-0.379419 -0.379419
-0.376513 -0.376513
-0.373604 -0.373604
-0.370691 -0.370691
-0.367774 -0.367774
-0.364854 -0.364854
-0.36193 -0.36193
-0.359003 -0.359003
-0.356072 -0.356072
-0.353137 -0.353137
-0.350199 -0.350199
-0.347258 -0.347258
-0.344313 -0.344313
-0.341365 -0.341365
-0.338413 -0.338413
-0.335458 -0.335458
-0.3325 -0.3325
-0.329538 -0.329538
-0.326574 -0.326574
-0.323606 -0.323606
-0.320634 -0.320634
-0.31766 -0.31766
-0.314683 -0.314683
-0.311702 -0.311702
-0.308718 -0.308718
-0.305732 -0.305732
-0.302742 -0.302742
-0.299749 -0.299749
-0.296754 -0.296754
-0.293755 -0.293755
-0.290754 -0.290754
-0.28775 -0.28775
-0.284742 -0.284742
-0.281733 -0.281733
-0.27872 -0.27872
-0.275704 -0.275704
-0.272686 -0.272686
-0.269665 -0.269665
-0.266642 -0.266642
-0.263616 -0.263616
-0.260587 -0.260587
-0.257556 -0.257556
-0.254522 -0.254522
-0.251486 -0.251486
-0.248447 -0.248447
-0.245405 -0.245405
-0.242362 -0.242362
-0.239316 -0.239316
-0.236267 -0.236267
-0.233216 -0.233216
-0.230163 -0.230163
-0.227108 -0.227108
-0.224051 -0.224051
-0.220991 -0.220991
-0.217929 -0.217929
-0.214865 -0.214865
-0.211799 -0.211799
-0.20873 -0.20873
-0.20566 -0.20566
-0.202588 -0.202588
-0.199513 -0.199513
-0.196437 -0.196437
-0.193359 -0.193359
-0.190278 -0.190278
-0.187196 -0.187196
-0.184112 -0.184112
-0.181027 -0.181027
-0.177939 -0.177939
-0.17485 -0.17485
-0.171759 -0.171759
-0.168666 -0.168666
-0.165572 -0.165572
-0.162476 -0.162476
-0.159379 -0.159379
-0.156279 -0.156279
-0.153179 -0.153179
-0.150077 -0.150077
-0.146973 -0.146973
-0.143868 -0.143868
-0.140761 -0.140761
-0.137654 -0.137654
-0.134544 -0.134544
-0.131434 -0.131434
-0.128322 -0.128322
-0.125209 -0.125209
-0.122094 -0.122094
-0.118979 -0.118979
-0.115862 -0.115862
-0.112744 -0.112744
-0.109625 -0.109625
-0.106505 -0.106505
-0.103384 -0.103384
-0.100262 -0.100262
-0.0971387 -0.0971387
-0.0940146 -0.0940146
-0.0908896 -0.0908896
-0.0877637 -0.0877637
-0.0846369 -0.0846369
-0.0815093 -0.0815093
-0.0783809 -0.0783809
-0.0752517 -0.0752517
-0.0721218 -0.0721218
-0.0689911 -0.0689911
-0.0658598 -0.0658598
-0.0627279 -0.0627279
-0.0595953 -0.0595953
-0.0564621 -0.0564621
-0.0533284 -0.0533284
-0.0501942 -0.0501942
-0.0470594 -0.0470594
-0.0439242 -0.0439242
-0.0407886 -0.0407886
-0.0376525 -0.0376525
-0.0345161 -0.0345161
-0.0313794 -0.0313794
-0.0282423 -0.0282423
-0.025105 -0.025105
-0.0219674 -0.0219674
-0.0188296 -0.0188296
-0.0156916 -0.0156916
-0.0125535 -0.0125535
-0.00941522 -0.00941522
-0.00627687 -0.00627687
-0.00313845 -0.00313845
6.12323e-17 1.11022e-16
0.00313845 0.00313845
0.00627687 0.00627687
0.00941522 0.00941522
0.0125535 0.0125535
0.0156916 0.0156916
0.0188296 0.0188296
0.0219674 0.0219674
0.025105 0.025105
0.0282423 0.0282423
0.0313794 0.0313794
0.0345161 0.0345161
0.0376525 0.0376525
0.0407886 0.0407886
0.0439242 0.0439242
0.0470594 0.0470594
0.0501942 0.0501942
0.0533284 0.0533284
0.0564621 0.0564621
0.0595953 0.0595953
0.0627279 0.0627279
0.0658598 0.0658598
0.0689911 0.0689911
0.0721218 0.0721218
0.0752517 0.0752517
0.0783809 0.0783809
0.0815093 0.0815093
0.0846369 0.0846369
0.0877637 0.0877637
0.0908896 0.0908896
0.0940146 0.0940146
0.0971387 0.0971387
0.100262 0.100262
0.103384 0.103384
0.106505 0.106505
0.109625 0.109625
0.112744 0.112744
0.115862 0.115862
0.118979 0.118979
0.122094 0.122094
0.125209 0.125209
0.128322 0.128322
0.131434 0.131434
0.134544 0.134544
0.137654 0.137654
0.140761 0.140761
0.143868 0.143868
0.146973 0.146973
0.150077 0.150077
0.153179 0.153179
0.156279 0.156279
0.159379 0.159379
0.162476 0.162476
0.165572 0.165572
0.168666 0.168666
0.171759 0.171759
0.17485 0.17485
0.177939 0.177939
0.181027 0.181027
0.184112 0.184112
0.187196 0.187196
0.190278 0.190278
0.193359 0.193359
0.196437 0.196437
0.199513 0.199513
0.202588 0.202588
0.20566 0.20566
0.20873 0.20873
0.211799 0.211799
0.214865 0.214865
0.217929 0.217929
0.220991 0.220991
0.224051 0.224051
0.227108 0.227108
0.230163 0.230163
0.233216 0.233216
0.236267 0.236267
0.239316 0.239316
0.242362 0.242362
0.245405 0.245405
0.248447 0.248447
0.251486 0.251486
0.254522 0.254522
0.257556 0.257556
0.260587 0.260587
0.263616 0.263616
0.266642 0.266642
0.269665 0.269665
0.272686 0.272686
0.275704 0.275704
0.27872 0.27872
0.281733 0.281733
0.284742 0.284742
0.28775 0.28775
0.290754 0.290754
0.293755 0.293755
0.296754 0.296754
0.299749 0.299749
0.302742 0.302742
0.305732 0.305732
0.308718 0.308718
0.311702 0.311702
0.314683 0.314683
0.31766 0.31766
0.320634 0.320634
0.323606 0.323606
0.326574 0.326574
0.329538 0.329538
0.3325 0.3325
0.335458 0.335458
0.338413 0.338413
0.341365 0.341365
0.344313 0.344313
0.347258 0.347258
0.350199 0.350199
0.353137 0.353137
0.356072 0.356072
0.359003 0.359003
0.36193 0.36193
0.364854 0.364854
0.367774 0.367774
0.370691 0.370691
0.373604 0.373604
0.376513 0.376513
0.379419 0.379419
0.382321 0.382321
0.385219 0.385219
0.388113 0.388113
0.391004 0.391004
0.393891 0.393891
0.396773 0.396773
0.399652 0.399652
0.402527 0.402527
0.405398 0.405398
0.408265 0.408265
0.411128 0.411128
0.413987 0.413987
0.416842 0.416842
0.419693 0.419693
0.422539 0.422539
0.425382 0.425382
0.42822 0.42822
0.431054 0.431054
0.433884 0.433884
0.436709 0.436709
0.43953 0.43953
0.442347 0.442347
0.44516 0.44516
0.447968 0.447968
0.450772 0.450772
0.453571 0.453571
0.456366 0.456366
0.459156 0.459156
0.461942 0.461942
0.464723 0.464723
0.4675 0.4675
0.470272 0.470272
0.473039 0.473039
0.475802 0.475802
0.47856 0.47856
0.481314 0.481314
0.484062 0.484062
0.486806 0.486806
0.489545 0.489545
0.492279 0.492279
0.495009 0.495009
0.497733 0.497733
0.500453 0.500453
0.503168 0.503168
0.505877 0.505877
0.508582 0.508582
0.511282 0.511282
0.513977 0.513977
0.516666 0.516666
0.519351 0.519351
0.52203 0.52203
0.524704 0.524704
0.527374 0.527374
0.530038 0.530038
0.532696 0.532696
0.53535 0.53535
0.537998 0.537998
0.540641 0.540641
0.543278 0.543278
0.545911 0.545911
0.548537 0.548537
0.551159 0.551159
0.553775 0.553775
0.556385 0.556385
0.558991 0.558991
0.56159 0.56159
0.564184 0.564184
0.566773 0.566773
0.569355 0.569355
0.571933 0.571933
0.574504 0.574504
0.57707 0.57707
0.579631 0.579631
0.582185 0.582185
0.584734 0.584734
0.587277 0.587277
0.589815 0.589815
0.592346 0.592346
0.594872 0.594872
0.597392 0.597392
0.599906 0.599906
0.602414 0.602414
0.604916 0.604916
0.607412 0.607412
0.609902 0.609902
0.612386 0.612386
0.614864 0.614864
0.617336 0.617336
0.619802 0.619802
0.622262 0.622262
0.624716 0.624716
0.627163 0.627163
0.629605 0.629605
0.63204 0.63204
0.634469 0.634469
0.636892 0.636892
0.639308 0.639308
0.641718 0.641718
0.644122 0.644122
0.64652 0.64652
0.648911 0.648911
0.651296 0.651296
0.653674 0.653674
0.656046 0.656046
0.658411 0.658411
0.66077 0.66077
0.663123 0.663123
0.665469 0.665469
0.667808 0.667808
0.670141 0.670141
0.672467 0.672467
0.674786 0.674786
0.677099 0.677099
0.679405 0.679405
0.681705 0.681705
0.683998 0.683998
0.686284 0.686284
0.688563 0.688563
0.690836 0.690836
0.693102 0.693102
0.69536 0.69536
0.697612 0.697612
0.699858 0.699858
0.702096 0.702096
0.704327 0.704327
0.706552 0.706552
0.708769 0.708769
0.71098 0.71098
0.713183 0.713183
0.71538 0.71538
0.717569 0.717569
0.719751 0.719751
0.721927 0.721927
0.724095 0.724095
0.726256 0.726256
0.72841 0.72841
0.730556 0.730556
0.732696 0.732696
0.734828 0.734828
0.736953 0.736953
0.739071 0.739071
0.741182 0.741182
0.743285 0.743285
0.745381 0.745381
0.747469 0.747469
0.74955 0.74955
0.751624 0.751624
0.753691 0.753691
0.75575 0.75575
0.757801 0.757801
0.759845 0.759845
0.761882 0.761882
0.763911 0.763911
0.765932 0.765932
0.767946 0.767946
0.769953 0.769953
0.771952 0.771952
0.773943 0.773943
0.775927 0.775927
0.777903 0.777903
0.779871 0.779871
0.781831 0.781831
0.783784 0.783784
0.78573 0.78573
0.787667 0.787667
0.789597 0.789597
0.791519 0.791519
0.793433 0.793433
0.795339 0.795339
0.797238 0.797238
0.799128 0.799128
0.801011 0.801011
0.802886 0.802886
0.804753 0.804753
0.806612 0.806612
0.808463 0.808463
0.810306 0.810306
0.812142 0.812142
0.813969 0.813969
0.815788 0.815788
0.817599 0.817599
0.819402 0.819402
0.821197 0.821197
0.822984 0.822984
0.824763 0.824763
0.826533 0.826533
0.828296 0.828296
0.83005 0.83005
0.831796 0.831796
0.833534 0.833534
0.835264 0.835264
0.836986 0.836986
0.838699 0.838699
0.840404 0.840404
0.842101 0.842101
0.843789 0.843789
0.84547 0.84547
0.847141 0.847141
0.848805 0.848805
0.85046 0.85046
0.852107 0.852107
0.853745 0.853745
0.855375 0.855375
0.856997 0.856997
0.85861 0.85861
0.860214 0.860214
0.861811 0.861811
0.863398 0.863398
0.864977 0.864977
0.866548 0.866548
0.86811 0.86811
0.869664 0.869664
0.871209 0.871209
0.872745 0.872745
0.874273 0.874273
0.875792 0.875792
0.877303 0.877303
0.878805 0.878805
0.880298 0.880298
0.881783 0.881783
0.883258 0.883258
0.884726 0.884726
0.886184 0.886184
0.887634 0.887634
0.889075 0.889075
0.890507 0.890507
0.891931 0.891931
0.893346 0.893346
0.894751 0.894751
0.896149 0.896149
0.897537 0.897537
0.898916 0.898916
0.900287 0.900287
0.901649 0.901649
0.903001 0.903001
0.904345 0.904345
0.90568 0.90568
0.907007 0.907007
0.908324 0.908324
0.909632 0.909632
0.910931 0.910931
0.912222 0.912222
0.913503 0.913503
0.914775 0.914775
0.916039 0.916039
0.917293 0.917293
0.918538 0.918538
0.919774 0.919774
0.921001 0.921001
0.92222 0.92222
0.923429 0.923429
0.924628 0.924628
0.925819 0.925819
0.927001 0.927001
0.928173 0.928173
0.929337 0.929337
0.930491 0.930491
0.931636 0.931636
0.932772 0.932772
0.933899 0.933899
0.935016 0.935016
0.936125 0.936125
0.937224 0.937224
0.938313 0.938313
0.939394 0.939394
0.940465 0.940465
0.941528 0.941528
0.94258 0.94258
0.943624 0.943624
0.944658 0.944658
0.945683 0.945683
0.946699 0.946699
0.947705 0.947705
0.948702 0.948702
0.94969 0.94969
0.950668 0.950668
0.951637 0.951637
0.952596 0.952596
0.953546 0.953546
0.954487 0.954487
0.955418 0.955418
0.95634 0.95634
0.957253 0.957253
0.958156 0.958156
0.95905 0.95905
0.959934 0.959934
0.960809 0.960809
0.961674 0.961674
0.96253 0.96253
0.963376 0.963376
0.964213 0.964213
0.96504 0.96504
0.965858 0.965858
0.966666 0.966666
0.967465 0.967465
0.968255 0.968255
0.969034 0.969034
0.969804 0.969804
0.970565 0.970565
0.971316 0.971316
0.972058 0.972058
0.97279 0.97279
0.973512 0.973512
0.974225 0.974225
0.974928 0.974928
0.975621 0.975621
0.976305 0.976305
0.97698 0.97698
0.977645 0.977645
0.9783 0.9783
0.978945 0.978945
0.979581 0.979581
0.980207 0.980207
0.980824 0.980824
0.98143 0.98143
0.982028 0.982028
0.982615 0.982615
0.983193 0.983193
0.983761 0.983761
0.984319 0.984319
0.984868 0.984868
0.985407 0.985407
0.985937 0.985937
0.986456 0.986456
0.986966 0.986966
0.987466 0.987466
0.987957 0.987957
0.988438 0.988438
0.988909 0.988909
0.98937 0.98937
0.989821 0.989821
0.990263 0.990263
0.990695 0.990695
0.991117 0.991117
0.99153 0.99153
0.991933 0.991933
0.992326 0.992326
0.992709 0.992709
0.993082 0.993082
0.993446 0.993446
0.9938 0.9938
0.994144 0.994144
0.994478 0.994478
0.994803 0.994803
0.995117 0.995117
0.995422 0.995422
0.995717 0.995717
0.996002 0.996002
0.996278 0.996278
0.996543 0.996543
0.996799 0.996799
0.997045 0.997045
0.997281 0.997281
0.997508 0.997508
0.997724 0.997724
0.997931 0.997931
0.998128 0.998128
0.998315 0.998315
0.998492 0.998492
0.998659 0.998659
0.998817 0.998817
0.998965 0.998965
0.999103 0.999103
0.999231 0.999231
0.999349 0.999349
0.999457 0.999457
0.999556 0.999556
0.999644 0.999644
0.999723 0.999723
0.999792 0.999792
0.999851 0.999851
0.9999 0.9999
0.99994 0.99994
0.999969 0.999969
0.999989 0.999989
0.999999 0.999999
